seed,c_value,log10_c,split,rectifier,raw_j,rect_j,delta_j,raw_tpr,rect_tpr,delta_tpr,raw_tnr,rect_tnr,delta_tnr,raw_nonzero,rect_nonzero
0,0.010521761868451128,-1.9779115315055904,legacy67,minmax,0.0,0.0,0.0,1.0,1.0,0.0,0.0,0.0,0.0,0,0
0,0.012087541473056955,-1.9176620228167902,legacy67,minmax,0.0,0.0,0.0,1.0,1.0,0.0,0.0,0.0,0.0,0,0
0,0.01263794633808287,-1.8983234930236192,legacy67,minmax,0.0,0.0,0.0,1.0,1.0,0.0,0.0,0.0,0.0,0,0
0,0.013726318898045865,-1.8624459155391264,legacy67,minmax,0.0,0.0,0.0,1.0,1.0,0.0,0.0,0.0,0.0,0,0
0,0.0151673306880762,-1.8190908443578477,legacy67,minmax,0.0,0.0,0.0,1.0,1.0,0.0,0.0,0.0,0.0,0,0
0,0.015339162591163618,-1.814198349120009,legacy67,minmax,0.0,0.0,0.0,1.0,1.0,0.0,0.0,0.0,0.0,0,0
0,0.017073967431528118,-1.7676655513272022,legacy67,minmax,0.0,0.0,0.0,1.0,1.0,0.0,0.0,0.0,0.0,1,0
0,0.017956984225677628,-1.7457665988559055,legacy67,minmax,0.0,0.0,0.0,1.0,1.0,0.0,0.0,0.0,0.0,1,1
0,0.018205657658407252,-1.739793628058882,legacy67,minmax,0.0,0.0,0.0,1.0,1.0,0.0,0.0,0.0,0.0,1,1
0,0.019777828512462715,-1.7038213930636386,legacy67,minmax,0.0714285714285714,0.0,-0.0714285714285714,1.0,1.0,0.0,0.07142857142857142,0.0,-0.07142857142857142,2,1
0,0.01987021538542862,-1.7017974252809167,legacy67,minmax,0.0714285714285714,0.0,-0.0714285714285714,1.0,1.0,0.0,0.07142857142857142,0.0,-0.07142857142857142,2,2
0,0.022592797420156945,-1.646029991792322,legacy67,minmax,0.1428571428571428,0.33333333333333326,0.19047619047619047,1.0,1.0,0.0,0.14285714285714285,0.3333333333333333,0.19047619047619047,3,2
0,0.024586032763280048,-1.6093115439744645,legacy67,minmax,0.30952380952380953,0.33333333333333326,0.023809523809523725,1.0,1.0,0.0,0.30952380952380953,0.3333333333333333,0.02380952380952378,3,2
0,0.027012557725439066,-1.5684342920267822,legacy67,minmax,0.33333333333333326,0.33333333333333326,0.0,1.0,1.0,0.0,0.3333333333333333,0.3333333333333333,0.0,3,2
0,0.029072088906598435,-1.5365237618994811,legacy67,minmax,0.3571428571428572,0.5476190476190477,0.19047619047619047,1.0,1.0,0.0,0.35714285714285715,0.5476190476190477,0.19047619047619052,3,2
0,0.030086868214458433,-1.5216230162467932,legacy67,minmax,0.40476190476190466,0.5476190476190477,0.14285714285714302,1.0,1.0,0.0,0.40476190476190477,0.5476190476190477,0.1428571428571429,3,2
0,0.030771802712506853,-1.5118470606208847,legacy67,minmax,0.40476190476190466,0.5476190476190477,0.14285714285714302,1.0,1.0,0.0,0.40476190476190477,0.5476190476190477,0.1428571428571429,3,2
0,0.036138942712165265,-1.4420245573918327,legacy67,minmax,0.5476190476190477,0.5476190476190477,0.0,1.0,1.0,0.0,0.5476190476190477,0.5476190476190477,0.0,3,2
0,0.03661819220392428,-1.4363031001009494,legacy67,minmax,0.5476190476190477,0.5476190476190477,0.0,1.0,1.0,0.0,0.5476190476190477,0.5476190476190477,0.0,3,2
0,0.04207053950287936,-1.3760219186551894,legacy67,minmax,0.5714285714285714,0.6428571428571428,0.0714285714285714,1.0,1.0,0.0,0.5714285714285714,0.6428571428571429,0.07142857142857151,4,2
0,0.04207988669606635,-1.375925438230254,legacy67,minmax,0.5714285714285714,0.6428571428571428,0.0714285714285714,1.0,1.0,0.0,0.5714285714285714,0.6428571428571429,0.07142857142857151,4,2
0,0.04809461967501572,-1.3179035052508339,legacy67,minmax,0.6428571428571428,0.6428571428571428,0.0,1.0,1.0,0.0,0.6428571428571429,0.6428571428571429,0.0,4,3
0,0.05337032762603955,-1.2727001311715975,legacy67,minmax,0.6666666666666665,0.6428571428571428,-0.023809523809523725,1.0,1.0,0.0,0.6666666666666666,0.6428571428571429,-0.023809523809523725,4,3
0,0.05415244119402536,-1.2663819605862647,legacy67,minmax,0.6666666666666665,0.6428571428571428,-0.023809523809523725,1.0,1.0,0.0,0.6666666666666666,0.6428571428571429,-0.023809523809523725,4,3
0,0.05488047000766042,-1.2605821778978918,legacy67,minmax,0.6666666666666665,0.6428571428571428,-0.023809523809523725,1.0,1.0,0.0,0.6666666666666666,0.6428571428571429,-0.023809523809523725,4,3
0,0.060803901902965994,-1.2160685503234192,legacy67,minmax,0.6400000000000001,0.6428571428571428,0.0028571428571426694,0.9733333333333334,1.0,0.026666666666666616,0.6666666666666666,0.6428571428571429,-0.023809523809523725,4,5
0,0.06235377135673155,-1.2051372738633104,legacy67,minmax,0.6400000000000001,0.6428571428571428,0.0028571428571426694,0.9733333333333334,1.0,0.026666666666666616,0.6666666666666666,0.6428571428571429,-0.023809523809523725,4,5
0,0.06290644294586147,-1.201304871366561,legacy67,minmax,0.6400000000000001,0.6428571428571428,0.0028571428571426694,0.9733333333333334,1.0,0.026666666666666616,0.6666666666666666,0.6428571428571429,-0.023809523809523725,4,5
0,0.07068974950624601,-1.1506435572868954,legacy67,minmax,0.6266666666666665,0.6666666666666665,0.040000000000000036,0.96,1.0,0.040000000000000036,0.6666666666666666,0.6666666666666666,0.0,4,5
0,0.10842262717330158,-0.9648800735999323,legacy67,minmax,0.637142857142857,0.7619047619047619,0.12476190476190485,0.9466666666666667,1.0,0.053333333333333344,0.6904761904761905,0.7619047619047619,0.0714285714285714,7,8
0,0.12172958098369964,-0.9146038729044164,legacy67,minmax,0.637142857142857,0.7619047619047619,0.12476190476190485,0.9466666666666667,1.0,0.053333333333333344,0.6904761904761905,0.7619047619047619,0.0714285714285714,8,8
0,0.1329652145729951,-0.876261961250477,legacy67,minmax,0.637142857142857,0.7857142857142856,0.14857142857142858,0.9466666666666667,1.0,0.053333333333333344,0.6904761904761905,0.7857142857142857,0.09523809523809523,9,8
0,0.14618962793704957,-0.8350834392078323,legacy67,minmax,0.6238095238095238,0.8095238095238095,0.18571428571428572,0.9333333333333333,1.0,0.06666666666666665,0.6904761904761905,0.8095238095238095,0.11904761904761907,11,8
0,0.14742753159914665,-0.8314214058591274,legacy67,minmax,0.6238095238095238,0.8095238095238095,0.18571428571428572,0.9333333333333333,1.0,0.06666666666666665,0.6904761904761905,0.8095238095238095,0.11904761904761907,11,8
0,0.16480446427978968,-0.7830310281618491,legacy67,minmax,0.6238095238095238,0.8095238095238095,0.18571428571428572,0.9333333333333333,1.0,0.06666666666666665,0.6904761904761905,0.8095238095238095,0.11904761904761907,11,8
0,0.16536937182824418,-0.7815449233065173,legacy67,minmax,0.6238095238095238,0.8095238095238095,0.18571428571428572,0.9333333333333333,1.0,0.06666666666666665,0.6904761904761905,0.8095238095238095,0.11904761904761907,11,8
0,0.1753594952976441,-0.7560707131373512,legacy67,minmax,0.6238095238095238,0.8095238095238095,0.18571428571428572,0.9333333333333333,1.0,0.06666666666666665,0.6904761904761905,0.8095238095238095,0.11904761904761907,12,8
0,0.17654048052495064,-0.7531556956423562,legacy67,minmax,0.6238095238095238,0.8095238095238095,0.18571428571428572,0.9333333333333333,1.0,0.06666666666666665,0.6904761904761905,0.8095238095238095,0.11904761904761907,12,8
0,0.1998634077852887,-0.6992667118930118,legacy67,minmax,0.6238095238095238,0.8095238095238095,0.18571428571428572,0.9333333333333333,1.0,0.06666666666666665,0.6904761904761905,0.8095238095238095,0.11904761904761907,13,8
0,0.2001342062287997,-0.6986786769469426,legacy67,minmax,0.6238095238095238,0.8095238095238095,0.18571428571428572,0.9333333333333333,1.0,0.06666666666666665,0.6904761904761905,0.8095238095238095,0.11904761904761907,13,8
0,0.21066486017042194,-0.6764079005894033,legacy67,minmax,0.6238095238095238,0.8095238095238095,0.18571428571428572,0.9333333333333333,1.0,0.06666666666666665,0.6904761904761905,0.8095238095238095,0.11904761904761907,13,8
0,0.2673088310781669,-0.5729866932256429,legacy67,minmax,0.6238095238095238,0.7961904761904761,0.1723809523809523,0.9333333333333333,0.9866666666666667,0.053333333333333344,0.6904761904761905,0.8095238095238095,0.11904761904761907,15,9
0,0.2715581955282939,-0.5661370858229096,legacy67,minmax,0.6238095238095238,0.7961904761904761,0.1723809523809523,0.9333333333333333,0.9866666666666667,0.053333333333333344,0.6904761904761905,0.8095238095238095,0.11904761904761907,15,9
0,0.292043384718141,-0.5345526268252332,legacy67,minmax,0.6238095238095238,0.7961904761904761,0.1723809523809523,0.9333333333333333,0.9866666666666667,0.053333333333333344,0.6904761904761905,0.8095238095238095,0.11904761904761907,15,9
0,0.314891164795686,-0.50183952461055,legacy67,minmax,0.6238095238095238,0.8200000000000001,0.19619047619047625,0.9333333333333333,0.9866666666666667,0.053333333333333344,0.6904761904761905,0.8333333333333334,0.1428571428571429,16,9
0,0.35868164986275475,-0.44529084124207197,legacy67,minmax,0.6238095238095238,0.8200000000000001,0.19619047619047625,0.9333333333333333,0.9866666666666667,0.053333333333333344,0.6904761904761905,0.8333333333333334,0.1428571428571429,17,9
0,0.5130551760589832,-0.2898359265658015,legacy67,minmax,0.6580952380952381,0.8200000000000001,0.161904761904762,0.92,0.9866666666666667,0.06666666666666665,0.7380952380952381,0.8333333333333334,0.09523809523809523,19,10
0,0.5342937261279772,-0.27221992543153695,legacy67,minmax,0.6580952380952381,0.8200000000000001,0.161904761904762,0.92,0.9866666666666667,0.06666666666666665,0.7380952380952381,0.8333333333333334,0.09523809523809523,19,9
0,0.5762487216478598,-0.23939002504159476,legacy67,minmax,0.6580952380952381,0.8200000000000001,0.161904761904762,0.92,0.9866666666666667,0.06666666666666665,0.7380952380952381,0.8333333333333334,0.09523809523809523,19,9
0,0.6672367170464204,-0.17572006313185626,legacy67,minmax,0.6819047619047618,0.8200000000000001,0.13809523809523827,0.92,0.9866666666666667,0.06666666666666665,0.7619047619047619,0.8333333333333334,0.07142857142857151,20,9
0,0.7742116473996242,-0.1111402993522028,legacy67,minmax,0.6580952380952381,0.8200000000000001,0.161904761904762,0.92,0.9866666666666667,0.06666666666666665,0.7380952380952381,0.8333333333333334,0.09523809523809523,22,9
0,0.9444574254983555,-0.02481761454243703,legacy67,minmax,0.6580952380952381,0.8200000000000001,0.161904761904762,0.92,0.9866666666666667,0.06666666666666665,0.7380952380952381,0.8333333333333334,0.09523809523809523,24,9
0,0.9565499215943818,-0.019292359554919238,legacy67,minmax,0.6580952380952381,0.8200000000000001,0.161904761904762,0.92,0.9866666666666667,0.06666666666666665,0.7380952380952381,0.8333333333333334,0.09523809523809523,24,9
0,1.1400863701127315,0.0569377536544464,legacy67,minmax,0.7057142857142857,0.8438095238095238,0.13809523809523805,0.92,0.9866666666666667,0.06666666666666665,0.7857142857142857,0.8571428571428571,0.0714285714285714,25,9
0,1.2030178871154662,0.08027208471124325,legacy67,minmax,0.7057142857142857,0.8438095238095238,0.13809523809523805,0.92,0.9866666666666667,0.06666666666666665,0.7857142857142857,0.8571428571428571,0.0714285714285714,26,9
0,1.2329098365270508,0.0909313175279762,legacy67,minmax,0.7057142857142857,0.8438095238095238,0.13809523809523805,0.92,0.9866666666666667,0.06666666666666665,0.7857142857142857,0.8571428571428571,0.0714285714285714,26,9
0,1.2561043700013554,0.09902572652895136,legacy67,minmax,0.7057142857142857,0.8438095238095238,0.13809523809523805,0.92,0.9866666666666667,0.06666666666666665,0.7857142857142857,0.8571428571428571,0.0714285714285714,26,9
0,1.4817820606039076,0.17078433263299386,legacy67,minmax,0.7057142857142857,0.8438095238095238,0.13809523809523805,0.92,0.9866666666666667,0.06666666666666665,0.7857142857142857,0.8571428571428571,0.0714285714285714,25,9
0,1.5375920235481748,0.1868411173731186,legacy67,minmax,0.7057142857142857,0.8438095238095238,0.13809523809523805,0.92,0.9866666666666667,0.06666666666666665,0.7857142857142857,0.8571428571428571,0.0714285714285714,25,9
0,1.7583640270008503,0.24510879027798493,legacy67,minmax,0.7057142857142857,0.8438095238095238,0.13809523809523805,0.92,0.9866666666666667,0.06666666666666665,0.7857142857142857,0.8571428571428571,0.0714285714285714,26,9
0,2.34238498471129,0.36965827544816987,legacy67,minmax,0.7295238095238097,0.8438095238095238,0.1142857142857141,0.92,0.9866666666666667,0.06666666666666665,0.8095238095238095,0.8571428571428571,0.04761904761904756,27,9
0,2.4637685958997446,0.39159991524434057,legacy67,minmax,0.7295238095238097,0.8438095238095238,0.1142857142857141,0.92,0.9866666666666667,0.06666666666666665,0.8095238095238095,0.8571428571428571,0.04761904761904756,27,9
0,2.4810409748678097,0.3946339367881464,legacy67,minmax,0.7295238095238097,0.8438095238095238,0.1142857142857141,0.92,0.9866666666666667,0.06666666666666665,0.8095238095238095,0.8571428571428571,0.04761904761904756,27,9
0,2.5378155082656626,0.40446004697283516,legacy67,minmax,0.7533333333333334,0.8438095238095238,0.09047619047619038,0.92,0.9866666666666667,0.06666666666666665,0.8333333333333334,0.8571428571428571,0.023809523809523725,27,9
0,2.692646910086177,0.43017940760575346,legacy67,minmax,0.74,0.8438095238095238,0.1038095238095238,0.9066666666666666,0.9866666666666667,0.08000000000000007,0.8333333333333334,0.8571428571428571,0.023809523809523725,27,9
0,2.801635158716258,0.4474115788895179,legacy67,minmax,0.74,0.8438095238095238,0.1038095238095238,0.9066666666666666,0.9866666666666667,0.08000000000000007,0.8333333333333334,0.8571428571428571,0.023809523809523725,27,9
0,3.113095956122122,0.4931925073102317,legacy67,minmax,0.74,0.8438095238095238,0.1038095238095238,0.9066666666666666,0.9866666666666667,0.08000000000000007,0.8333333333333334,0.8571428571428571,0.023809523809523725,28,9
0,3.550012525851159,0.5502298854208525,legacy67,minmax,0.74,0.8438095238095238,0.1038095238095238,0.9066666666666666,0.9866666666666667,0.08000000000000007,0.8333333333333334,0.8571428571428571,0.023809523809523725,31,9
0,4.467752817973904,0.6500891374159279,legacy67,minmax,0.74,0.8438095238095238,0.1038095238095238,0.9066666666666666,0.9866666666666667,0.08000000000000007,0.8333333333333334,0.8571428571428571,0.023809523809523725,31,9
0,5.456725485601473,0.7369321060486276,legacy67,minmax,0.74,0.8438095238095238,0.1038095238095238,0.9066666666666666,0.9866666666666667,0.08000000000000007,0.8333333333333334,0.8571428571428571,0.023809523809523725,32,9
0,6.72093005015611,0.8274293753904685,legacy67,minmax,0.74,0.8438095238095238,0.1038095238095238,0.9066666666666666,0.9866666666666667,0.08000000000000007,0.8333333333333334,0.8571428571428571,0.023809523809523725,30,9
0,6.7965780907581514,0.832290311184182,legacy67,minmax,0.74,0.8438095238095238,0.1038095238095238,0.9066666666666666,0.9866666666666667,0.08000000000000007,0.8333333333333334,0.8571428571428571,0.023809523809523725,30,31
0,7.128188058401357,0.85297914889198,legacy67,minmax,0.74,0.8438095238095238,0.1038095238095238,0.9066666666666666,0.9866666666666667,0.08000000000000007,0.8333333333333334,0.8571428571428571,0.023809523809523725,30,32
0,8.241925264876443,0.9160286721639492,legacy67,minmax,0.7266666666666666,0.8438095238095238,0.11714285714285722,0.8933333333333333,0.9866666666666667,0.09333333333333338,0.8333333333333334,0.8571428571428571,0.023809523809523725,30,32
0,8.287522363768153,0.9184247133522563,legacy67,minmax,0.7266666666666666,0.8438095238095238,0.11714285714285722,0.8933333333333333,0.9866666666666667,0.09333333333333338,0.8333333333333334,0.8571428571428571,0.023809523809523725,30,32
0,8.471801418819974,0.9279757672456204,legacy67,minmax,0.7266666666666666,0.8438095238095238,0.11714285714285722,0.8933333333333333,0.9866666666666667,0.09333333333333338,0.8333333333333334,0.8571428571428571,0.023809523809523725,30,32
0,11.044350847124681,1.0431401944675898,legacy67,minmax,0.7266666666666666,0.8676190476190477,0.14095238095238116,0.8933333333333333,0.9866666666666667,0.09333333333333338,0.8333333333333334,0.8809523809523809,0.04761904761904756,30,32
0,12.130221181165155,1.083868719818244,legacy67,minmax,0.7266666666666666,0.8676190476190477,0.14095238095238116,0.8933333333333333,0.9866666666666667,0.09333333333333338,0.8333333333333334,0.8809523809523809,0.04761904761904756,30,32
0,12.164139351417056,1.085081386743783,legacy67,minmax,0.7266666666666666,0.8676190476190477,0.14095238095238116,0.8933333333333333,0.9866666666666667,0.09333333333333338,0.8333333333333334,0.8809523809523809,0.04761904761904756,30,32
0,12.273800987852958,1.0889790771866297,legacy67,minmax,0.7266666666666666,0.8676190476190477,0.14095238095238116,0.8933333333333333,0.9866666666666667,0.09333333333333338,0.8333333333333334,0.8809523809523809,0.04761904761904756,30,32
0,12.604664585649452,1.1005312934444582,legacy67,minmax,0.7266666666666666,0.8676190476190477,0.14095238095238116,0.8933333333333333,0.9866666666666667,0.09333333333333338,0.8333333333333334,0.8809523809523809,0.04761904761904756,30,32
0,13.826232179369853,1.1407038455720544,legacy67,minmax,0.7266666666666666,0.8676190476190477,0.14095238095238116,0.8933333333333333,0.9866666666666667,0.09333333333333338,0.8333333333333334,0.8809523809523809,0.04761904761904756,30,32
0,16.172900811143133,1.2087879230161587,legacy67,minmax,0.7266666666666666,0.8676190476190477,0.14095238095238116,0.8933333333333333,0.9866666666666667,0.09333333333333338,0.8333333333333334,0.8809523809523809,0.04761904761904756,31,32
0,17.123375973163967,1.2335893924658445,legacy67,minmax,0.7266666666666666,0.8676190476190477,0.14095238095238116,0.8933333333333333,0.9866666666666667,0.09333333333333338,0.8333333333333334,0.8809523809523809,0.04761904761904756,31,32
0,18.274508859816006,1.2618457138193366,legacy67,minmax,0.7266666666666666,0.8676190476190477,0.14095238095238116,0.8933333333333333,0.9866666666666667,0.09333333333333338,0.8333333333333334,0.8809523809523809,0.04761904761904756,31,32
0,20.65142557895924,1.3149500366077174,legacy67,minmax,0.7266666666666666,0.8676190476190477,0.14095238095238116,0.8933333333333333,0.9866666666666667,0.09333333333333338,0.8333333333333334,0.8809523809523809,0.04761904761904756,32,32
0,21.36832907235874,1.329770563201687,legacy67,minmax,0.7266666666666666,0.8676190476190477,0.14095238095238116,0.8933333333333333,0.9866666666666667,0.09333333333333338,0.8333333333333334,0.8809523809523809,0.04761904761904756,32,32
0,28.340904295147727,1.452413703502374,legacy67,minmax,0.74,0.8676190476190477,0.12761904761904774,0.9066666666666666,0.9866666666666667,0.08000000000000007,0.8333333333333334,0.8809523809523809,0.04761904761904756,32,32
0,29.154431891537524,1.4647045830997407,legacy67,minmax,0.74,0.8676190476190477,0.12761904761904774,0.9066666666666666,0.9866666666666667,0.08000000000000007,0.8333333333333334,0.8809523809523809,0.04761904761904756,32,32
0,35.387588647792384,1.5488509703053062,legacy67,minmax,0.74,0.8676190476190477,0.12761904761904774,0.9066666666666666,0.9866666666666667,0.08000000000000007,0.8333333333333334,0.8809523809523809,0.04761904761904756,33,33
0,37.95853142670639,1.5793094017105953,legacy67,minmax,0.74,0.8676190476190477,0.12761904761904774,0.9066666666666666,0.9866666666666667,0.08000000000000007,0.8333333333333334,0.8809523809523809,0.04761904761904756,33,33
0,43.37920697490936,1.6372816083151283,legacy67,minmax,0.74,0.8676190476190477,0.12761904761904774,0.9066666666666666,0.9866666666666667,0.08000000000000007,0.8333333333333334,0.8809523809523809,0.04761904761904756,33,33
0,48.69640941520897,1.6874969400924673,legacy67,minmax,0.74,0.8676190476190477,0.12761904761904774,0.9066666666666666,0.9866666666666667,0.08000000000000007,0.8333333333333334,0.8809523809523809,0.04761904761904756,33,33
0,57.279044707996185,1.7579957662567565,legacy67,minmax,0.74,0.8676190476190477,0.12761904761904774,0.9066666666666666,0.9866666666666667,0.08000000000000007,0.8333333333333334,0.8809523809523809,0.04761904761904756,33,33
0,62.45139574743064,1.795542149013333,legacy67,minmax,0.74,0.8676190476190477,0.12761904761904774,0.9066666666666666,0.9866666666666667,0.08000000000000007,0.8333333333333334,0.8809523809523809,0.04761904761904756,33,33
0,63.512210106406926,1.8028572256396647,legacy67,minmax,0.74,0.8676190476190477,0.12761904761904774,0.9066666666666666,0.9866666666666667,0.08000000000000007,0.8333333333333334,0.8809523809523809,0.04761904761904756,33,33
0,72.86653737491037,1.8625281322982374,legacy67,minmax,0.74,0.8676190476190477,0.12761904761904774,0.9066666666666666,0.9866666666666667,0.08000000000000007,0.8333333333333334,0.8809523809523809,0.04761904761904756,33,33
0,75.56810141274423,1.8783385110582342,legacy67,minmax,0.74,0.8676190476190477,0.12761904761904774,0.9066666666666666,0.9866666666666667,0.08000000000000007,0.8333333333333334,0.8809523809523809,0.04761904761904756,33,33
0,75.79479953347995,1.8796394086479773,legacy67,minmax,0.74,0.8676190476190477,0.12761904761904774,0.9066666666666666,0.9866666666666667,0.08000000000000007,0.8333333333333334,0.8809523809523809,0.04761904761904756,33,33
0,88.62326508576248,1.9475477464020692,legacy67,minmax,0.74,0.8676190476190477,0.12761904761904774,0.9066666666666666,0.9866666666666667,0.08000000000000007,0.8333333333333334,0.8809523809523809,0.04761904761904756,33,33
1,0.010521761868451128,-1.9779115315055904,legacy67,minmax,0.0,0.0,0.0,1.0,1.0,0.0,0.0,0.0,0.0,0,0
1,0.012087541473056955,-1.9176620228167902,legacy67,minmax,0.0,0.0,0.0,1.0,1.0,0.0,0.0,0.0,0.0,0,0
1,0.01263794633808287,-1.8983234930236192,legacy67,minmax,0.0,0.0,0.0,1.0,1.0,0.0,0.0,0.0,0.0,0,0
1,0.013726318898045865,-1.8624459155391264,legacy67,minmax,0.0,0.0,0.0,1.0,1.0,0.0,0.0,0.0,0.0,0,0
1,0.0151673306880762,-1.8190908443578477,legacy67,minmax,0.0,0.0,0.0,1.0,1.0,0.0,0.0,0.0,0.0,0,0
1,0.015339162591163618,-1.814198349120009,legacy67,minmax,0.0,0.0,0.0,1.0,1.0,0.0,0.0,0.0,0.0,0,0
1,0.017073967431528118,-1.7676655513272022,legacy67,minmax,0.0,0.0,0.0,1.0,1.0,0.0,0.0,0.0,0.0,1,1
1,0.017956984225677628,-1.7457665988559055,legacy67,minmax,0.0,0.0,0.0,1.0,1.0,0.0,0.0,0.0,0.0,1,1
1,0.018205657658407252,-1.739793628058882,legacy67,minmax,0.0,0.0,0.0,1.0,1.0,0.0,0.0,0.0,0.0,1,1
1,0.019777828512462715,-1.7038213930636386,legacy67,minmax,0.0,0.0,0.0,1.0,1.0,0.0,0.0,0.0,0.0,2,1
1,0.01987021538542862,-1.7017974252809167,legacy67,minmax,0.0,0.0,0.0,1.0,1.0,0.0,0.0,0.0,0.0,2,1
1,0.022592797420156945,-1.646029991792322,legacy67,minmax,0.23809523809523814,0.5,0.26190476190476186,1.0,1.0,0.0,0.23809523809523808,0.5,0.2619047619047619,3,1
1,0.024586032763280048,-1.6093115439744645,legacy67,minmax,0.23809523809523814,0.5,0.26190476190476186,1.0,1.0,0.0,0.23809523809523808,0.5,0.2619047619047619,3,1
1,0.027012557725439066,-1.5684342920267822,legacy67,minmax,0.30952380952380953,0.5,0.19047619047619047,1.0,1.0,0.0,0.30952380952380953,0.5,0.19047619047619047,3,1
1,0.029072088906598435,-1.5365237618994811,legacy67,minmax,0.33333333333333326,0.5,0.16666666666666674,1.0,1.0,0.0,0.3333333333333333,0.5,0.16666666666666669,3,1
1,0.030086868214458433,-1.5216230162467932,legacy67,minmax,0.33333333333333326,0.5,0.16666666666666674,1.0,1.0,0.0,0.3333333333333333,0.5,0.16666666666666669,3,1
1,0.030771802712506853,-1.5118470606208847,legacy67,minmax,0.33333333333333326,0.5,0.16666666666666674,1.0,1.0,0.0,0.3333333333333333,0.5,0.16666666666666669,3,1
1,0.036138942712165265,-1.4420245573918327,legacy67,minmax,0.45238095238095233,0.5,0.04761904761904767,1.0,1.0,0.0,0.4523809523809524,0.5,0.047619047619047616,3,2
1,0.03661819220392428,-1.4363031001009494,legacy67,minmax,0.4761904761904763,0.5,0.023809523809523725,1.0,1.0,0.0,0.47619047619047616,0.5,0.023809523809523836,3,2
1,0.04207053950287936,-1.3760219186551894,legacy67,minmax,0.6190476190476191,0.5,-0.11904761904761907,1.0,1.0,0.0,0.6190476190476191,0.5,-0.11904761904761907,3,4
1,0.04207988669606635,-1.375925438230254,legacy67,minmax,0.6190476190476191,0.5,-0.11904761904761907,1.0,1.0,0.0,0.6190476190476191,0.5,-0.11904761904761907,3,4
1,0.04809461967501572,-1.3179035052508339,legacy67,minmax,0.6428571428571428,0.5,-0.1428571428571428,1.0,1.0,0.0,0.6428571428571429,0.5,-0.1428571428571429,3,4
1,0.05337032762603955,-1.2727001311715975,legacy67,minmax,0.6666666666666665,0.5,-0.16666666666666652,1.0,1.0,0.0,0.6666666666666666,0.5,-0.16666666666666663,4,4
1,0.05415244119402536,-1.2663819605862647,legacy67,minmax,0.6666666666666665,0.5,-0.16666666666666652,1.0,1.0,0.0,0.6666666666666666,0.5,-0.16666666666666663,5,4
1,0.05488047000766042,-1.2605821778978918,legacy67,minmax,0.6666666666666665,0.5,-0.16666666666666652,1.0,1.0,0.0,0.6666666666666666,0.5,-0.16666666666666663,5,4
1,0.060803901902965994,-1.2160685503234192,legacy67,minmax,0.6666666666666665,0.5238095238095237,-0.1428571428571428,1.0,1.0,0.0,0.6666666666666666,0.5238095238095238,-0.1428571428571428,5,5
1,0.06235377135673155,-1.2051372738633104,legacy67,minmax,0.6666666666666665,0.5238095238095237,-0.1428571428571428,1.0,1.0,0.0,0.6666666666666666,0.5238095238095238,-0.1428571428571428,5,5
1,0.06290644294586147,-1.201304871366561,legacy67,minmax,0.6666666666666665,0.5476190476190477,-0.11904761904761885,1.0,1.0,0.0,0.6666666666666666,0.5476190476190477,-0.11904761904761896,5,5
1,0.07068974950624601,-1.1506435572868954,legacy67,minmax,0.6666666666666665,0.5476190476190477,-0.11904761904761885,1.0,1.0,0.0,0.6666666666666666,0.5476190476190477,-0.11904761904761896,6,5
1,0.10842262717330158,-0.9648800735999323,legacy67,minmax,0.6533333333333333,0.5714285714285714,-0.08190476190476192,0.9866666666666667,1.0,0.013333333333333308,0.6666666666666666,0.5714285714285714,-0.09523809523809523,8,9
1,0.12172958098369964,-0.9146038729044164,legacy67,minmax,0.6533333333333333,0.5952380952380953,-0.05809523809523798,0.9866666666666667,1.0,0.013333333333333308,0.6666666666666666,0.5952380952380952,-0.0714285714285714,10,9
1,0.1329652145729951,-0.876261961250477,legacy67,minmax,0.6533333333333333,0.6190476190476191,-0.03428571428571425,0.9866666666666667,1.0,0.013333333333333308,0.6666666666666666,0.6190476190476191,-0.04761904761904756,12,9
1,0.14618962793704957,-0.8350834392078323,legacy67,minmax,0.6533333333333333,0.6190476190476191,-0.03428571428571425,0.9866666666666667,1.0,0.013333333333333308,0.6666666666666666,0.6190476190476191,-0.04761904761904756,12,9
1,0.14742753159914665,-0.8314214058591274,legacy67,minmax,0.6533333333333333,0.6190476190476191,-0.03428571428571425,0.9866666666666667,1.0,0.013333333333333308,0.6666666666666666,0.6190476190476191,-0.04761904761904756,12,9
1,0.16480446427978968,-0.7830310281618491,legacy67,minmax,0.677142857142857,0.6904761904761905,0.01333333333333342,0.9866666666666667,1.0,0.013333333333333308,0.6904761904761905,0.6904761904761905,0.0,15,9
1,0.16536937182824418,-0.7815449233065173,legacy67,minmax,0.677142857142857,0.6904761904761905,0.01333333333333342,0.9866666666666667,1.0,0.013333333333333308,0.6904761904761905,0.6904761904761905,0.0,15,9
1,0.1753594952976441,-0.7560707131373512,legacy67,minmax,0.677142857142857,0.6638095238095238,-0.013333333333333197,0.9866666666666667,0.9733333333333334,-0.013333333333333308,0.6904761904761905,0.6904761904761905,0.0,15,9
1,0.17654048052495064,-0.7531556956423562,legacy67,minmax,0.677142857142857,0.6638095238095238,-0.013333333333333197,0.9866666666666667,0.9733333333333334,-0.013333333333333308,0.6904761904761905,0.6904761904761905,0.0,16,9
1,0.1998634077852887,-0.6992667118930118,legacy67,minmax,0.677142857142857,0.7352380952380952,0.0580952380952382,0.9866666666666667,0.9733333333333334,-0.013333333333333308,0.6904761904761905,0.7619047619047619,0.0714285714285714,18,9
1,0.2001342062287997,-0.6986786769469426,legacy67,minmax,0.677142857142857,0.7352380952380952,0.0580952380952382,0.9866666666666667,0.9733333333333334,-0.013333333333333308,0.6904761904761905,0.7619047619047619,0.0714285714285714,18,9
1,0.21066486017042194,-0.6764079005894033,legacy67,minmax,0.677142857142857,0.7352380952380952,0.0580952380952382,0.9866666666666667,0.9733333333333334,-0.013333333333333308,0.6904761904761905,0.7619047619047619,0.0714285714285714,18,9
1,0.2673088310781669,-0.5729866932256429,legacy67,minmax,0.677142857142857,0.8304761904761904,0.15333333333333332,0.9866666666666667,0.9733333333333334,-0.013333333333333308,0.6904761904761905,0.8571428571428571,0.16666666666666663,18,9
1,0.2715581955282939,-0.5661370858229096,legacy67,minmax,0.677142857142857,0.8304761904761904,0.15333333333333332,0.9866666666666667,0.9733333333333334,-0.013333333333333308,0.6904761904761905,0.8571428571428571,0.16666666666666663,18,9
1,0.292043384718141,-0.5345526268252332,legacy67,minmax,0.677142857142857,0.8304761904761904,0.15333333333333332,0.9866666666666667,0.9733333333333334,-0.013333333333333308,0.6904761904761905,0.8571428571428571,0.16666666666666663,18,9
1,0.314891164795686,-0.50183952461055,legacy67,minmax,0.677142857142857,0.8304761904761904,0.15333333333333332,0.9866666666666667,0.9733333333333334,-0.013333333333333308,0.6904761904761905,0.8571428571428571,0.16666666666666663,21,9
1,0.35868164986275475,-0.44529084124207197,legacy67,minmax,0.700952380952381,0.8542857142857143,0.15333333333333332,0.9866666666666667,0.9733333333333334,-0.013333333333333308,0.7142857142857143,0.8809523809523809,0.16666666666666663,21,9
1,0.5130551760589832,-0.2898359265658015,legacy67,minmax,0.7114285714285715,0.8542857142857143,0.1428571428571428,0.9733333333333334,0.9733333333333334,0.0,0.7380952380952381,0.8809523809523809,0.1428571428571428,22,9
1,0.5342937261279772,-0.27221992543153695,legacy67,minmax,0.7114285714285715,0.8542857142857143,0.1428571428571428,0.9733333333333334,0.9733333333333334,0.0,0.7380952380952381,0.8809523809523809,0.1428571428571428,22,9
1,0.5762487216478598,-0.23939002504159476,legacy67,minmax,0.7114285714285715,0.8542857142857143,0.1428571428571428,0.9733333333333334,0.9733333333333334,0.0,0.7380952380952381,0.8809523809523809,0.1428571428571428,22,9
1,0.6672367170464204,-0.17572006313185626,legacy67,minmax,0.7219047619047618,0.8542857142857143,0.1323809523809525,0.96,0.9733333333333334,0.01333333333333342,0.7619047619047619,0.8809523809523809,0.11904761904761907,21,9
1,0.7742116473996242,-0.1111402993522028,legacy67,minmax,0.7219047619047618,0.8780952380952383,0.15619047619047643,0.96,0.9733333333333334,0.01333333333333342,0.7619047619047619,0.9047619047619048,0.1428571428571429,22,9
1,0.9444574254983555,-0.02481761454243703,legacy67,minmax,0.7457142857142856,0.901904761904762,0.15619047619047643,0.96,0.9733333333333334,0.01333333333333342,0.7857142857142857,0.9285714285714286,0.1428571428571429,23,9
1,0.9565499215943818,-0.019292359554919238,legacy67,minmax,0.7457142857142856,0.901904761904762,0.15619047619047643,0.96,0.9733333333333334,0.01333333333333342,0.7857142857142857,0.9285714285714286,0.1428571428571429,23,9
1,1.1400863701127315,0.0569377536544464,legacy67,minmax,0.7457142857142856,0.901904761904762,0.15619047619047643,0.96,0.9733333333333334,0.01333333333333342,0.7857142857142857,0.9285714285714286,0.1428571428571429,23,9
1,1.2030178871154662,0.08027208471124325,legacy67,minmax,0.7457142857142856,0.901904761904762,0.15619047619047643,0.96,0.9733333333333334,0.01333333333333342,0.7857142857142857,0.9285714285714286,0.1428571428571429,23,9
1,1.2329098365270508,0.0909313175279762,legacy67,minmax,0.7457142857142856,0.901904761904762,0.15619047619047643,0.96,0.9733333333333334,0.01333333333333342,0.7857142857142857,0.9285714285714286,0.1428571428571429,23,9
1,1.2561043700013554,0.09902572652895136,legacy67,minmax,0.7457142857142856,0.901904761904762,0.15619047619047643,0.96,0.9733333333333334,0.01333333333333342,0.7857142857142857,0.9285714285714286,0.1428571428571429,24,9
1,1.4817820606039076,0.17078433263299386,legacy67,minmax,0.7457142857142856,0.901904761904762,0.15619047619047643,0.96,0.9733333333333334,0.01333333333333342,0.7857142857142857,0.9285714285714286,0.1428571428571429,25,9
1,1.5375920235481748,0.1868411173731186,legacy67,minmax,0.7457142857142856,0.901904761904762,0.15619047619047643,0.96,0.9733333333333334,0.01333333333333342,0.7857142857142857,0.9285714285714286,0.1428571428571429,26,9
1,1.7583640270008503,0.24510879027798493,legacy67,minmax,0.7219047619047618,0.901904761904762,0.18000000000000016,0.96,0.9733333333333334,0.01333333333333342,0.7619047619047619,0.9285714285714286,0.16666666666666674,26,9
1,2.34238498471129,0.36965827544816987,legacy67,minmax,0.7219047619047618,0.901904761904762,0.18000000000000016,0.96,0.9733333333333334,0.01333333333333342,0.7619047619047619,0.9285714285714286,0.16666666666666674,30,9
1,2.4637685958997446,0.39159991524434057,legacy67,minmax,0.7219047619047618,0.901904761904762,0.18000000000000016,0.96,0.9733333333333334,0.01333333333333342,0.7619047619047619,0.9285714285714286,0.16666666666666674,30,9
1,2.4810409748678097,0.3946339367881464,legacy67,minmax,0.7219047619047618,0.901904761904762,0.18000000000000016,0.96,0.9733333333333334,0.01333333333333342,0.7619047619047619,0.9285714285714286,0.16666666666666674,30,9
1,2.5378155082656626,0.40446004697283516,legacy67,minmax,0.7219047619047618,0.901904761904762,0.18000000000000016,0.96,0.9733333333333334,0.01333333333333342,0.7619047619047619,0.9285714285714286,0.16666666666666674,30,9
1,2.692646910086177,0.43017940760575346,legacy67,minmax,0.6980952380952381,0.901904761904762,0.20380952380952388,0.96,0.9733333333333334,0.01333333333333342,0.7380952380952381,0.9285714285714286,0.19047619047619047,31,9
1,2.801635158716258,0.4474115788895179,legacy67,minmax,0.6980952380952381,0.901904761904762,0.20380952380952388,0.96,0.9733333333333334,0.01333333333333342,0.7380952380952381,0.9285714285714286,0.19047619047619047,32,9
1,3.113095956122122,0.4931925073102317,legacy67,minmax,0.6742857142857144,0.901904761904762,0.2276190476190476,0.96,0.9733333333333334,0.01333333333333342,0.7142857142857143,0.9285714285714286,0.2142857142857143,32,9
1,3.550012525851159,0.5502298854208525,legacy67,minmax,0.6742857142857144,0.901904761904762,0.2276190476190476,0.96,0.9733333333333334,0.01333333333333342,0.7142857142857143,0.9285714285714286,0.2142857142857143,32,9
1,4.467752817973904,0.6500891374159279,legacy67,minmax,0.637142857142857,0.901904761904762,0.264761904761905,0.9466666666666667,0.9733333333333334,0.026666666666666727,0.6904761904761905,0.9285714285714286,0.23809523809523814,32,9
1,5.456725485601473,0.7369321060486276,legacy67,minmax,0.637142857142857,0.901904761904762,0.264761904761905,0.9466666666666667,0.9733333333333334,0.026666666666666727,0.6904761904761905,0.9285714285714286,0.23809523809523814,32,9
1,6.72093005015611,0.8274293753904685,legacy67,minmax,0.637142857142857,0.901904761904762,0.264761904761905,0.9466666666666667,0.9733333333333334,0.026666666666666727,0.6904761904761905,0.9285714285714286,0.23809523809523814,32,9
1,6.7965780907581514,0.832290311184182,legacy67,minmax,0.637142857142857,0.901904761904762,0.264761904761905,0.9466666666666667,0.9733333333333334,0.026666666666666727,0.6904761904761905,0.9285714285714286,0.23809523809523814,32,9
1,7.128188058401357,0.85297914889198,legacy67,minmax,0.6504761904761904,0.901904761904762,0.25142857142857156,0.96,0.9733333333333334,0.01333333333333342,0.6904761904761905,0.9285714285714286,0.23809523809523814,32,9
1,8.241925264876443,0.9160286721639492,legacy67,minmax,0.6504761904761904,0.901904761904762,0.25142857142857156,0.96,0.9733333333333334,0.01333333333333342,0.6904761904761905,0.9285714285714286,0.23809523809523814,32,31
1,8.287522363768153,0.9184247133522563,legacy67,minmax,0.6504761904761904,0.901904761904762,0.25142857142857156,0.96,0.9733333333333334,0.01333333333333342,0.6904761904761905,0.9285714285714286,0.23809523809523814,32,31
1,8.471801418819974,0.9279757672456204,legacy67,minmax,0.6504761904761904,0.901904761904762,0.25142857142857156,0.96,0.9733333333333334,0.01333333333333342,0.6904761904761905,0.9285714285714286,0.23809523809523814,32,31
1,11.044350847124681,1.0431401944675898,legacy67,minmax,0.6504761904761904,0.901904761904762,0.25142857142857156,0.96,0.9733333333333334,0.01333333333333342,0.6904761904761905,0.9285714285714286,0.23809523809523814,32,31
1,12.130221181165155,1.083868719818244,legacy67,minmax,0.6504761904761904,0.901904761904762,0.25142857142857156,0.96,0.9733333333333334,0.01333333333333342,0.6904761904761905,0.9285714285714286,0.23809523809523814,32,31
1,12.164139351417056,1.085081386743783,legacy67,minmax,0.6504761904761904,0.901904761904762,0.25142857142857156,0.96,0.9733333333333334,0.01333333333333342,0.6904761904761905,0.9285714285714286,0.23809523809523814,32,31
1,12.273800987852958,1.0889790771866297,legacy67,minmax,0.6504761904761904,0.901904761904762,0.25142857142857156,0.96,0.9733333333333334,0.01333333333333342,0.6904761904761905,0.9285714285714286,0.23809523809523814,32,31
1,12.604664585649452,1.1005312934444582,legacy67,minmax,0.6504761904761904,0.901904761904762,0.25142857142857156,0.96,0.9733333333333334,0.01333333333333342,0.6904761904761905,0.9285714285714286,0.23809523809523814,32,31
1,13.826232179369853,1.1407038455720544,legacy67,minmax,0.6504761904761904,0.901904761904762,0.25142857142857156,0.96,0.9733333333333334,0.01333333333333342,0.6904761904761905,0.9285714285714286,0.23809523809523814,32,31
1,16.172900811143133,1.2087879230161587,legacy67,minmax,0.6504761904761904,0.901904761904762,0.25142857142857156,0.96,0.9733333333333334,0.01333333333333342,0.6904761904761905,0.9285714285714286,0.23809523809523814,32,31
1,17.123375973163967,1.2335893924658445,legacy67,minmax,0.6504761904761904,0.901904761904762,0.25142857142857156,0.96,0.9733333333333334,0.01333333333333342,0.6904761904761905,0.9285714285714286,0.23809523809523814,32,31
1,18.274508859816006,1.2618457138193366,legacy67,minmax,0.6504761904761904,0.901904761904762,0.25142857142857156,0.96,0.9733333333333334,0.01333333333333342,0.6904761904761905,0.9285714285714286,0.23809523809523814,32,31
1,20.65142557895924,1.3149500366077174,legacy67,minmax,0.6504761904761904,0.901904761904762,0.25142857142857156,0.96,0.9733333333333334,0.01333333333333342,0.6904761904761905,0.9285714285714286,0.23809523809523814,32,31
1,21.36832907235874,1.329770563201687,legacy67,minmax,0.6504761904761904,0.901904761904762,0.25142857142857156,0.96,0.9733333333333334,0.01333333333333342,0.6904761904761905,0.9285714285714286,0.23809523809523814,32,31
1,28.340904295147727,1.452413703502374,legacy67,minmax,0.6504761904761904,0.901904761904762,0.25142857142857156,0.96,0.9733333333333334,0.01333333333333342,0.6904761904761905,0.9285714285714286,0.23809523809523814,32,31
1,29.154431891537524,1.4647045830997407,legacy67,minmax,0.6504761904761904,0.901904761904762,0.25142857142857156,0.96,0.9733333333333334,0.01333333333333342,0.6904761904761905,0.9285714285714286,0.23809523809523814,32,32
1,35.387588647792384,1.5488509703053062,legacy67,minmax,0.6504761904761904,0.901904761904762,0.25142857142857156,0.96,0.9733333333333334,0.01333333333333342,0.6904761904761905,0.9285714285714286,0.23809523809523814,33,32
1,37.95853142670639,1.5793094017105953,legacy67,minmax,0.6504761904761904,0.901904761904762,0.25142857142857156,0.96,0.9733333333333334,0.01333333333333342,0.6904761904761905,0.9285714285714286,0.23809523809523814,33,32
1,43.37920697490936,1.6372816083151283,legacy67,minmax,0.6504761904761904,0.901904761904762,0.25142857142857156,0.96,0.9733333333333334,0.01333333333333342,0.6904761904761905,0.9285714285714286,0.23809523809523814,33,32
1,48.69640941520897,1.6874969400924673,legacy67,minmax,0.6504761904761904,0.901904761904762,0.25142857142857156,0.96,0.9733333333333334,0.01333333333333342,0.6904761904761905,0.9285714285714286,0.23809523809523814,33,32
1,57.279044707996185,1.7579957662567565,legacy67,minmax,0.6742857142857144,0.901904761904762,0.2276190476190476,0.96,0.9733333333333334,0.01333333333333342,0.7142857142857143,0.9285714285714286,0.2142857142857143,33,32
1,62.45139574743064,1.795542149013333,legacy67,minmax,0.6742857142857144,0.901904761904762,0.2276190476190476,0.96,0.9733333333333334,0.01333333333333342,0.7142857142857143,0.9285714285714286,0.2142857142857143,33,32
1,63.512210106406926,1.8028572256396647,legacy67,minmax,0.6876190476190476,0.901904761904762,0.2142857142857144,0.9733333333333334,0.9733333333333334,0.0,0.7142857142857143,0.9285714285714286,0.2142857142857143,33,32
1,72.86653737491037,1.8625281322982374,legacy67,minmax,0.6876190476190476,0.901904761904762,0.2142857142857144,0.9733333333333334,0.9733333333333334,0.0,0.7142857142857143,0.9285714285714286,0.2142857142857143,33,32
1,75.56810141274423,1.8783385110582342,legacy67,minmax,0.6876190476190476,0.901904761904762,0.2142857142857144,0.9733333333333334,0.9733333333333334,0.0,0.7142857142857143,0.9285714285714286,0.2142857142857143,33,32
1,75.79479953347995,1.8796394086479773,legacy67,minmax,0.6876190476190476,0.901904761904762,0.2142857142857144,0.9733333333333334,0.9733333333333334,0.0,0.7142857142857143,0.9285714285714286,0.2142857142857143,33,32
1,88.62326508576248,1.9475477464020692,legacy67,minmax,0.6876190476190476,0.901904761904762,0.2142857142857144,0.9733333333333334,0.9733333333333334,0.0,0.7142857142857143,0.9285714285714286,0.2142857142857143,33,32
2,0.010521761868451128,-1.9779115315055904,legacy67,minmax,0.0,0.0,0.0,1.0,1.0,0.0,0.0,0.0,0.0,0,0
2,0.012087541473056955,-1.9176620228167902,legacy67,minmax,0.0,0.0,0.0,1.0,1.0,0.0,0.0,0.0,0.0,0,0
2,0.01263794633808287,-1.8983234930236192,legacy67,minmax,0.0,0.0,0.0,1.0,1.0,0.0,0.0,0.0,0.0,0,0
2,0.013726318898045865,-1.8624459155391264,legacy67,minmax,0.0,0.0,0.0,1.0,1.0,0.0,0.0,0.0,0.0,0,0
2,0.0151673306880762,-1.8190908443578477,legacy67,minmax,0.0,0.0,0.0,1.0,1.0,0.0,0.0,0.0,0.0,0,0
2,0.015339162591163618,-1.814198349120009,legacy67,minmax,0.0,0.0,0.0,1.0,1.0,0.0,0.0,0.0,0.0,0,0
2,0.017073967431528118,-1.7676655513272022,legacy67,minmax,0.0,0.0,0.0,1.0,1.0,0.0,0.0,0.0,0.0,0,0
2,0.017956984225677628,-1.7457665988559055,legacy67,minmax,0.0,0.0,0.0,1.0,1.0,0.0,0.0,0.0,0.0,1,0
2,0.018205657658407252,-1.739793628058882,legacy67,minmax,0.0,0.0,0.0,1.0,1.0,0.0,0.0,0.0,0.0,2,0
2,0.019777828512462715,-1.7038213930636386,legacy67,minmax,0.0,0.0,0.0,1.0,1.0,0.0,0.0,0.0,0.0,2,1
2,0.01987021538542862,-1.7017974252809167,legacy67,minmax,0.0,0.0,0.0,1.0,1.0,0.0,0.0,0.0,0.0,2,1
2,0.022592797420156945,-1.646029991792322,legacy67,minmax,0.2142857142857142,0.0,-0.2142857142857142,1.0,1.0,0.0,0.21428571428571427,0.0,-0.21428571428571427,3,2
2,0.024586032763280048,-1.6093115439744645,legacy67,minmax,0.2857142857142856,0.43904761904761913,0.15333333333333354,1.0,0.9866666666666667,-0.013333333333333308,0.2857142857142857,0.4523809523809524,0.16666666666666669,3,2
2,0.027012557725439066,-1.5684342920267822,legacy67,minmax,0.33333333333333326,0.46285714285714286,0.1295238095238096,1.0,0.9866666666666667,-0.013333333333333308,0.3333333333333333,0.47619047619047616,0.14285714285714285,3,3
2,0.029072088906598435,-1.5365237618994811,legacy67,minmax,0.45238095238095233,0.5819047619047619,0.1295238095238096,1.0,0.9866666666666667,-0.013333333333333308,0.4523809523809524,0.5952380952380952,0.14285714285714285,3,3
2,0.030086868214458433,-1.5216230162467932,legacy67,minmax,0.5476190476190477,0.5819047619047619,0.03428571428571425,1.0,0.9866666666666667,-0.013333333333333308,0.5476190476190477,0.5952380952380952,0.04761904761904756,4,3
2,0.030771802712506853,-1.5118470606208847,legacy67,minmax,0.5714285714285714,0.5819047619047619,0.010476190476190528,1.0,0.9866666666666667,-0.013333333333333308,0.5714285714285714,0.5952380952380952,0.023809523809523836,4,3
2,0.036138942712165265,-1.4420245573918327,legacy67,minmax,0.558095238095238,0.6057142857142859,0.047619047619047894,0.9866666666666667,0.9866666666666667,0.0,0.5714285714285714,0.6190476190476191,0.04761904761904767,4,3
2,0.03661819220392428,-1.4363031001009494,legacy67,minmax,0.558095238095238,0.6057142857142859,0.047619047619047894,0.9866666666666667,0.9866666666666667,0.0,0.5714285714285714,0.6190476190476191,0.04761904761904767,4,3
2,0.04207053950287936,-1.3760219186551894,legacy67,minmax,0.558095238095238,0.6057142857142859,0.047619047619047894,0.9866666666666667,0.9866666666666667,0.0,0.5714285714285714,0.6190476190476191,0.04761904761904767,4,3
2,0.04207988669606635,-1.375925438230254,legacy67,minmax,0.558095238095238,0.6057142857142859,0.047619047619047894,0.9866666666666667,0.9866666666666667,0.0,0.5714285714285714,0.6190476190476191,0.04761904761904767,4,3
2,0.04809461967501572,-1.3179035052508339,legacy67,minmax,0.5819047619047619,0.6057142857142859,0.023809523809523947,0.9866666666666667,0.9866666666666667,0.0,0.5952380952380952,0.6190476190476191,0.023809523809523836,6,3
2,0.05337032762603955,-1.2727001311715975,legacy67,minmax,0.6161904761904764,0.6980952380952381,0.0819047619047617,0.9733333333333334,0.96,-0.01333333333333342,0.6428571428571429,0.7380952380952381,0.09523809523809523,6,3
2,0.05415244119402536,-1.2663819605862647,legacy67,minmax,0.6028571428571428,0.6980952380952381,0.09523809523809534,0.96,0.96,0.0,0.6428571428571429,0.7380952380952381,0.09523809523809523,6,3
2,0.05488047000766042,-1.2605821778978918,legacy67,minmax,0.6028571428571428,0.6980952380952381,0.09523809523809534,0.96,0.96,0.0,0.6428571428571429,0.7380952380952381,0.09523809523809523,7,3
2,0.060803901902965994,-1.2160685503234192,legacy67,minmax,0.6266666666666665,0.6980952380952381,0.07142857142857162,0.96,0.96,0.0,0.6666666666666666,0.7380952380952381,0.07142857142857151,7,3
2,0.06235377135673155,-1.2051372738633104,legacy67,minmax,0.6266666666666665,0.6980952380952381,0.07142857142857162,0.96,0.96,0.0,0.6666666666666666,0.7380952380952381,0.07142857142857151,7,3
2,0.06290644294586147,-1.201304871366561,legacy67,minmax,0.6266666666666665,0.6980952380952381,0.07142857142857162,0.96,0.96,0.0,0.6666666666666666,0.7380952380952381,0.07142857142857151,7,3
2,0.07068974950624601,-1.1506435572868954,legacy67,minmax,0.6742857142857144,0.6980952380952381,0.023809523809523725,0.96,0.96,0.0,0.7142857142857143,0.7380952380952381,0.023809523809523836,7,4
2,0.10842262717330158,-0.9648800735999323,legacy67,minmax,0.6476190476190475,0.7295238095238097,0.08190476190476215,0.9333333333333333,0.92,-0.013333333333333308,0.7142857142857143,0.8095238095238095,0.09523809523809523,8,7
2,0.12172958098369964,-0.9146038729044164,legacy67,minmax,0.6952380952380952,0.7295238095238097,0.034285714285714475,0.9333333333333333,0.92,-0.013333333333333308,0.7619047619047619,0.8095238095238095,0.04761904761904767,9,9
2,0.1329652145729951,-0.876261961250477,legacy67,minmax,0.7190476190476192,0.7295238095238097,0.010476190476190528,0.9333333333333333,0.92,-0.013333333333333308,0.7857142857142857,0.8095238095238095,0.023809523809523836,10,9
2,0.14618962793704957,-0.8350834392078323,legacy67,minmax,0.7190476190476192,0.7295238095238097,0.010476190476190528,0.9333333333333333,0.92,-0.013333333333333308,0.7857142857142857,0.8095238095238095,0.023809523809523836,12,9
2,0.14742753159914665,-0.8314214058591274,legacy67,minmax,0.7057142857142857,0.7295238095238097,0.023809523809523947,0.92,0.92,0.0,0.7857142857142857,0.8095238095238095,0.023809523809523836,12,9
2,0.16480446427978968,-0.7830310281618491,legacy67,minmax,0.7057142857142857,0.7295238095238097,0.023809523809523947,0.92,0.92,0.0,0.7857142857142857,0.8095238095238095,0.023809523809523836,12,9
2,0.16536937182824418,-0.7815449233065173,legacy67,minmax,0.7057142857142857,0.7295238095238097,0.023809523809523947,0.92,0.92,0.0,0.7857142857142857,0.8095238095238095,0.023809523809523836,12,9
2,0.1753594952976441,-0.7560707131373512,legacy67,minmax,0.7057142857142857,0.7295238095238097,0.023809523809523947,0.92,0.92,0.0,0.7857142857142857,0.8095238095238095,0.023809523809523836,13,9
2,0.17654048052495064,-0.7531556956423562,legacy67,minmax,0.7057142857142857,0.7295238095238097,0.023809523809523947,0.92,0.92,0.0,0.7857142857142857,0.8095238095238095,0.023809523809523836,13,9
2,0.1998634077852887,-0.6992667118930118,legacy67,minmax,0.7057142857142857,0.7295238095238097,0.023809523809523947,0.92,0.92,0.0,0.7857142857142857,0.8095238095238095,0.023809523809523836,13,9
2,0.2001342062287997,-0.6986786769469426,legacy67,minmax,0.7057142857142857,0.7295238095238097,0.023809523809523947,0.92,0.92,0.0,0.7857142857142857,0.8095238095238095,0.023809523809523836,13,9
2,0.21066486017042194,-0.6764079005894033,legacy67,minmax,0.7057142857142857,0.716190476190476,0.010476190476190306,0.92,0.9066666666666666,-0.01333333333333342,0.7857142857142857,0.8095238095238095,0.023809523809523836,13,9
2,0.2673088310781669,-0.5729866932256429,legacy67,minmax,0.6923809523809523,0.6895238095238096,-0.0028571428571426694,0.9066666666666666,0.88,-0.026666666666666616,0.7857142857142857,0.8095238095238095,0.023809523809523836,15,9
2,0.2715581955282939,-0.5661370858229096,legacy67,minmax,0.6923809523809523,0.6895238095238096,-0.0028571428571426694,0.9066666666666666,0.88,-0.026666666666666616,0.7857142857142857,0.8095238095238095,0.023809523809523836,15,9
2,0.292043384718141,-0.5345526268252332,legacy67,minmax,0.6923809523809523,0.7133333333333334,0.020952380952381056,0.9066666666666666,0.88,-0.026666666666666616,0.7857142857142857,0.8333333333333334,0.04761904761904767,15,9
2,0.314891164795686,-0.50183952461055,legacy67,minmax,0.7057142857142857,0.7133333333333334,0.007619047619047636,0.92,0.88,-0.040000000000000036,0.7857142857142857,0.8333333333333334,0.04761904761904767,16,9
2,0.35868164986275475,-0.44529084124207197,legacy67,minmax,0.7057142857142857,0.7133333333333334,0.007619047619047636,0.92,0.88,-0.040000000000000036,0.7857142857142857,0.8333333333333334,0.04761904761904767,17,8
2,0.5130551760589832,-0.2898359265658015,legacy67,minmax,0.7533333333333334,0.7133333333333334,-0.040000000000000036,0.92,0.88,-0.040000000000000036,0.8333333333333334,0.8333333333333334,0.0,21,8
2,0.5342937261279772,-0.27221992543153695,legacy67,minmax,0.7533333333333334,0.7133333333333334,-0.040000000000000036,0.92,0.88,-0.040000000000000036,0.8333333333333334,0.8333333333333334,0.0,22,8
2,0.5762487216478598,-0.23939002504159476,legacy67,minmax,0.74,0.7133333333333334,-0.026666666666666616,0.9066666666666666,0.88,-0.026666666666666616,0.8333333333333334,0.8333333333333334,0.0,23,8
2,0.6672367170464204,-0.17572006313185626,legacy67,minmax,0.716190476190476,0.7371428571428571,0.020952380952381056,0.9066666666666666,0.88,-0.026666666666666616,0.8095238095238095,0.8571428571428571,0.04761904761904756,23,8
2,0.7742116473996242,-0.1111402993522028,legacy67,minmax,0.716190476190476,0.7609523809523808,0.04476190476190478,0.9066666666666666,0.88,-0.026666666666666616,0.8095238095238095,0.8809523809523809,0.0714285714285714,24,8
2,0.9444574254983555,-0.02481761454243703,legacy67,minmax,0.716190476190476,0.7609523809523808,0.04476190476190478,0.9066666666666666,0.88,-0.026666666666666616,0.8095238095238095,0.8809523809523809,0.0714285714285714,25,8
2,0.9565499215943818,-0.019292359554919238,legacy67,minmax,0.716190476190476,0.7609523809523808,0.04476190476190478,0.9066666666666666,0.88,-0.026666666666666616,0.8095238095238095,0.8809523809523809,0.0714285714285714,25,8
2,1.1400863701127315,0.0569377536544464,legacy67,minmax,0.716190476190476,0.7609523809523808,0.04476190476190478,0.9066666666666666,0.88,-0.026666666666666616,0.8095238095238095,0.8809523809523809,0.0714285714285714,25,8
2,1.2030178871154662,0.08027208471124325,legacy67,minmax,0.7295238095238097,0.7609523809523808,0.03142857142857114,0.92,0.88,-0.040000000000000036,0.8095238095238095,0.8809523809523809,0.0714285714285714,26,8
2,1.2329098365270508,0.0909313175279762,legacy67,minmax,0.7295238095238097,0.7609523809523808,0.03142857142857114,0.92,0.88,-0.040000000000000036,0.8095238095238095,0.8809523809523809,0.0714285714285714,26,8
2,1.2561043700013554,0.09902572652895136,legacy67,minmax,0.7295238095238097,0.7609523809523808,0.03142857142857114,0.92,0.88,-0.040000000000000036,0.8095238095238095,0.8809523809523809,0.0714285714285714,26,8
2,1.4817820606039076,0.17078433263299386,legacy67,minmax,0.7295238095238097,0.7609523809523808,0.03142857142857114,0.92,0.88,-0.040000000000000036,0.8095238095238095,0.8809523809523809,0.0714285714285714,26,8
2,1.5375920235481748,0.1868411173731186,legacy67,minmax,0.7295238095238097,0.7609523809523808,0.03142857142857114,0.92,0.88,-0.040000000000000036,0.8095238095238095,0.8809523809523809,0.0714285714285714,26,8
2,1.7583640270008503,0.24510879027798493,legacy67,minmax,0.7295238095238097,0.7609523809523808,0.03142857142857114,0.92,0.88,-0.040000000000000036,0.8095238095238095,0.8809523809523809,0.0714285714285714,26,8
2,2.34238498471129,0.36965827544816987,legacy67,minmax,0.716190476190476,0.7609523809523808,0.04476190476190478,0.9066666666666666,0.88,-0.026666666666666616,0.8095238095238095,0.8809523809523809,0.0714285714285714,28,8
2,2.4637685958997446,0.39159991524434057,legacy67,minmax,0.716190476190476,0.7609523809523808,0.04476190476190478,0.9066666666666666,0.88,-0.026666666666666616,0.8095238095238095,0.8809523809523809,0.0714285714285714,29,8
2,2.4810409748678097,0.3946339367881464,legacy67,minmax,0.716190476190476,0.7609523809523808,0.04476190476190478,0.9066666666666666,0.88,-0.026666666666666616,0.8095238095238095,0.8809523809523809,0.0714285714285714,29,8
2,2.5378155082656626,0.40446004697283516,legacy67,minmax,0.716190476190476,0.7609523809523808,0.04476190476190478,0.9066666666666666,0.88,-0.026666666666666616,0.8095238095238095,0.8809523809523809,0.0714285714285714,29,8
2,2.692646910086177,0.43017940760575346,legacy67,minmax,0.716190476190476,0.7609523809523808,0.04476190476190478,0.9066666666666666,0.88,-0.026666666666666616,0.8095238095238095,0.8809523809523809,0.0714285714285714,29,8
2,2.801635158716258,0.4474115788895179,legacy67,minmax,0.716190476190476,0.7609523809523808,0.04476190476190478,0.9066666666666666,0.88,-0.026666666666666616,0.8095238095238095,0.8809523809523809,0.0714285714285714,29,8
2,3.113095956122122,0.4931925073102317,legacy67,minmax,0.716190476190476,0.7609523809523808,0.04476190476190478,0.9066666666666666,0.88,-0.026666666666666616,0.8095238095238095,0.8809523809523809,0.0714285714285714,30,8
2,3.550012525851159,0.5502298854208525,legacy67,minmax,0.716190476190476,0.7609523809523808,0.04476190476190478,0.9066666666666666,0.88,-0.026666666666666616,0.8095238095238095,0.8809523809523809,0.0714285714285714,31,8
2,4.467752817973904,0.6500891374159279,legacy67,minmax,0.716190476190476,0.7609523809523808,0.04476190476190478,0.9066666666666666,0.88,-0.026666666666666616,0.8095238095238095,0.8809523809523809,0.0714285714285714,32,8
2,5.456725485601473,0.7369321060486276,legacy67,minmax,0.7028571428571428,0.7609523809523808,0.05809523809523798,0.8933333333333333,0.88,-0.013333333333333308,0.8095238095238095,0.8809523809523809,0.0714285714285714,32,8
2,6.72093005015611,0.8274293753904685,legacy67,minmax,0.7028571428571428,0.7609523809523808,0.05809523809523798,0.8933333333333333,0.88,-0.013333333333333308,0.8095238095238095,0.8809523809523809,0.0714285714285714,31,8
2,6.7965780907581514,0.832290311184182,legacy67,minmax,0.7028571428571428,0.7609523809523808,0.05809523809523798,0.8933333333333333,0.88,-0.013333333333333308,0.8095238095238095,0.8809523809523809,0.0714285714285714,31,8
2,7.128188058401357,0.85297914889198,legacy67,minmax,0.7028571428571428,0.7609523809523808,0.05809523809523798,0.8933333333333333,0.88,-0.013333333333333308,0.8095238095238095,0.8809523809523809,0.0714285714285714,31,8
2,8.241925264876443,0.9160286721639492,legacy67,minmax,0.7028571428571428,0.7609523809523808,0.05809523809523798,0.8933333333333333,0.88,-0.013333333333333308,0.8095238095238095,0.8809523809523809,0.0714285714285714,31,28
2,8.287522363768153,0.9184247133522563,legacy67,minmax,0.7028571428571428,0.7609523809523808,0.05809523809523798,0.8933333333333333,0.88,-0.013333333333333308,0.8095238095238095,0.8809523809523809,0.0714285714285714,31,28
2,8.471801418819974,0.9279757672456204,legacy67,minmax,0.7028571428571428,0.7609523809523808,0.05809523809523798,0.8933333333333333,0.88,-0.013333333333333308,0.8095238095238095,0.8809523809523809,0.0714285714285714,31,28
2,11.044350847124681,1.0431401944675898,legacy67,minmax,0.7028571428571428,0.7609523809523808,0.05809523809523798,0.8933333333333333,0.88,-0.013333333333333308,0.8095238095238095,0.8809523809523809,0.0714285714285714,31,29
2,12.130221181165155,1.083868719818244,legacy67,minmax,0.6895238095238096,0.7609523809523808,0.07142857142857117,0.88,0.88,0.0,0.8095238095238095,0.8809523809523809,0.0714285714285714,32,29
2,12.164139351417056,1.085081386743783,legacy67,minmax,0.6895238095238096,0.7609523809523808,0.07142857142857117,0.88,0.88,0.0,0.8095238095238095,0.8809523809523809,0.0714285714285714,32,29
2,12.273800987852958,1.0889790771866297,legacy67,minmax,0.6895238095238096,0.7609523809523808,0.07142857142857117,0.88,0.88,0.0,0.8095238095238095,0.8809523809523809,0.0714285714285714,32,29
2,12.604664585649452,1.1005312934444582,legacy67,minmax,0.6895238095238096,0.7609523809523808,0.07142857142857117,0.88,0.88,0.0,0.8095238095238095,0.8809523809523809,0.0714285714285714,32,29
2,13.826232179369853,1.1407038455720544,legacy67,minmax,0.7133333333333334,0.7609523809523808,0.04761904761904745,0.88,0.88,0.0,0.8333333333333334,0.8809523809523809,0.04761904761904756,32,29
2,16.172900811143133,1.2087879230161587,legacy67,minmax,0.7133333333333334,0.7609523809523808,0.04761904761904745,0.88,0.88,0.0,0.8333333333333334,0.8809523809523809,0.04761904761904756,33,29
2,17.123375973163967,1.2335893924658445,legacy67,minmax,0.7133333333333334,0.7609523809523808,0.04761904761904745,0.88,0.88,0.0,0.8333333333333334,0.8809523809523809,0.04761904761904756,33,29
2,18.274508859816006,1.2618457138193366,legacy67,minmax,0.7133333333333334,0.7609523809523808,0.04761904761904745,0.88,0.88,0.0,0.8333333333333334,0.8809523809523809,0.04761904761904756,33,29
2,20.65142557895924,1.3149500366077174,legacy67,minmax,0.7133333333333334,0.7609523809523808,0.04761904761904745,0.88,0.88,0.0,0.8333333333333334,0.8809523809523809,0.04761904761904756,33,29
2,21.36832907235874,1.329770563201687,legacy67,minmax,0.7133333333333334,0.7609523809523808,0.04761904761904745,0.88,0.88,0.0,0.8333333333333334,0.8809523809523809,0.04761904761904756,33,29
2,28.340904295147727,1.452413703502374,legacy67,minmax,0.7133333333333334,0.7609523809523808,0.04761904761904745,0.88,0.88,0.0,0.8333333333333334,0.8809523809523809,0.04761904761904756,33,29
2,29.154431891537524,1.4647045830997407,legacy67,minmax,0.7133333333333334,0.7609523809523808,0.04761904761904745,0.88,0.88,0.0,0.8333333333333334,0.8809523809523809,0.04761904761904756,33,29
2,35.387588647792384,1.5488509703053062,legacy67,minmax,0.7238095238095239,0.7609523809523808,0.03714285714285692,0.8666666666666667,0.88,0.013333333333333308,0.8571428571428571,0.8809523809523809,0.023809523809523836,32,30
2,37.95853142670639,1.5793094017105953,legacy67,minmax,0.7238095238095239,0.7609523809523808,0.03714285714285692,0.8666666666666667,0.88,0.013333333333333308,0.8571428571428571,0.8809523809523809,0.023809523809523836,33,30
2,43.37920697490936,1.6372816083151283,legacy67,minmax,0.7238095238095239,0.7609523809523808,0.03714285714285692,0.8666666666666667,0.88,0.013333333333333308,0.8571428571428571,0.8809523809523809,0.023809523809523836,33,32
2,48.69640941520897,1.6874969400924673,legacy67,minmax,0.7238095238095239,0.7609523809523808,0.03714285714285692,0.8666666666666667,0.88,0.013333333333333308,0.8571428571428571,0.8809523809523809,0.023809523809523836,32,32
2,57.279044707996185,1.7579957662567565,legacy67,minmax,0.7238095238095239,0.7609523809523808,0.03714285714285692,0.8666666666666667,0.88,0.013333333333333308,0.8571428571428571,0.8809523809523809,0.023809523809523836,33,32
2,62.45139574743064,1.795542149013333,legacy67,minmax,0.7238095238095239,0.7609523809523808,0.03714285714285692,0.8666666666666667,0.88,0.013333333333333308,0.8571428571428571,0.8809523809523809,0.023809523809523836,33,32
2,63.512210106406926,1.8028572256396647,legacy67,minmax,0.7238095238095239,0.7609523809523808,0.03714285714285692,0.8666666666666667,0.88,0.013333333333333308,0.8571428571428571,0.8809523809523809,0.023809523809523836,33,32
2,72.86653737491037,1.8625281322982374,legacy67,minmax,0.7371428571428571,0.7609523809523808,0.023809523809523725,0.88,0.88,0.0,0.8571428571428571,0.8809523809523809,0.023809523809523836,33,33
2,75.56810141274423,1.8783385110582342,legacy67,minmax,0.7371428571428571,0.7609523809523808,0.023809523809523725,0.88,0.88,0.0,0.8571428571428571,0.8809523809523809,0.023809523809523836,33,33
2,75.79479953347995,1.8796394086479773,legacy67,minmax,0.7371428571428571,0.7609523809523808,0.023809523809523725,0.88,0.88,0.0,0.8571428571428571,0.8809523809523809,0.023809523809523836,33,33
2,88.62326508576248,1.9475477464020692,legacy67,minmax,0.7371428571428571,0.7609523809523808,0.023809523809523725,0.88,0.88,0.0,0.8571428571428571,0.8809523809523809,0.023809523809523836,33,33
3,0.010521761868451128,-1.9779115315055904,legacy67,minmax,0.0,0.0,0.0,1.0,1.0,0.0,0.0,0.0,0.0,0,0
3,0.012087541473056955,-1.9176620228167902,legacy67,minmax,0.0,0.0,0.0,1.0,1.0,0.0,0.0,0.0,0.0,0,0
3,0.01263794633808287,-1.8983234930236192,legacy67,minmax,0.0,0.0,0.0,1.0,1.0,0.0,0.0,0.0,0.0,0,0
3,0.013726318898045865,-1.8624459155391264,legacy67,minmax,0.0,0.0,0.0,1.0,1.0,0.0,0.0,0.0,0.0,0,0
3,0.0151673306880762,-1.8190908443578477,legacy67,minmax,0.0,0.0,0.0,1.0,1.0,0.0,0.0,0.0,0.0,0,0
3,0.015339162591163618,-1.814198349120009,legacy67,minmax,0.0,0.0,0.0,1.0,1.0,0.0,0.0,0.0,0.0,0,0
3,0.017073967431528118,-1.7676655513272022,legacy67,minmax,0.0,0.0,0.0,1.0,1.0,0.0,0.0,0.0,0.0,2,1
3,0.017956984225677628,-1.7457665988559055,legacy67,minmax,0.0,0.0,0.0,1.0,1.0,0.0,0.0,0.0,0.0,2,1
3,0.018205657658407252,-1.739793628058882,legacy67,minmax,0.0,0.0,0.0,1.0,1.0,0.0,0.0,0.0,0.0,2,1
3,0.019777828512462715,-1.7038213930636386,legacy67,minmax,0.023809523809523725,0.0,-0.023809523809523725,1.0,1.0,0.0,0.023809523809523808,0.0,-0.023809523809523808,2,1
3,0.01987021538542862,-1.7017974252809167,legacy67,minmax,0.023809523809523725,0.0,-0.023809523809523725,1.0,1.0,0.0,0.023809523809523808,0.0,-0.023809523809523808,2,1
3,0.022592797420156945,-1.646029991792322,legacy67,minmax,0.04761904761904767,0.2142857142857142,0.16666666666666652,1.0,1.0,0.0,0.047619047619047616,0.21428571428571427,0.16666666666666666,3,2
3,0.024586032763280048,-1.6093115439744645,legacy67,minmax,0.2142857142857142,0.4761904761904763,0.2619047619047621,1.0,1.0,0.0,0.21428571428571427,0.47619047619047616,0.26190476190476186,3,2
3,0.027012557725439066,-1.5684342920267822,legacy67,minmax,0.26190476190476186,0.4761904761904763,0.2142857142857144,1.0,1.0,0.0,0.2619047619047619,0.47619047619047616,0.21428571428571425,3,2
3,0.029072088906598435,-1.5365237618994811,legacy67,minmax,0.38095238095238093,0.4761904761904763,0.09523809523809534,1.0,1.0,0.0,0.38095238095238093,0.47619047619047616,0.09523809523809523,3,2
3,0.030086868214458433,-1.5216230162467932,legacy67,minmax,0.4285714285714286,0.4761904761904763,0.04761904761904767,1.0,1.0,0.0,0.42857142857142855,0.47619047619047616,0.047619047619047616,3,2
3,0.030771802712506853,-1.5118470606208847,legacy67,minmax,0.4285714285714286,0.4761904761904763,0.04761904761904767,1.0,1.0,0.0,0.42857142857142855,0.47619047619047616,0.047619047619047616,3,2
3,0.036138942712165265,-1.4420245573918327,legacy67,minmax,0.4761904761904763,0.4761904761904763,0.0,1.0,1.0,0.0,0.47619047619047616,0.47619047619047616,0.0,4,2
3,0.03661819220392428,-1.4363031001009494,legacy67,minmax,0.4761904761904763,0.4761904761904763,0.0,1.0,1.0,0.0,0.47619047619047616,0.47619047619047616,0.0,4,2
3,0.04207053950287936,-1.3760219186551894,legacy67,minmax,0.4761904761904763,0.4761904761904763,0.0,1.0,1.0,0.0,0.47619047619047616,0.47619047619047616,0.0,4,2
3,0.04207988669606635,-1.375925438230254,legacy67,minmax,0.4761904761904763,0.4761904761904763,0.0,1.0,1.0,0.0,0.47619047619047616,0.47619047619047616,0.0,4,2
3,0.04809461967501572,-1.3179035052508339,legacy67,minmax,0.5476190476190477,0.6428571428571428,0.09523809523809512,1.0,1.0,0.0,0.5476190476190477,0.6428571428571429,0.09523809523809523,4,3
3,0.05337032762603955,-1.2727001311715975,legacy67,minmax,0.5714285714285714,0.6428571428571428,0.0714285714285714,1.0,1.0,0.0,0.5714285714285714,0.6428571428571429,0.07142857142857151,4,3
3,0.05415244119402536,-1.2663819605862647,legacy67,minmax,0.5714285714285714,0.6428571428571428,0.0714285714285714,1.0,1.0,0.0,0.5714285714285714,0.6428571428571429,0.07142857142857151,5,3
3,0.05488047000766042,-1.2605821778978918,legacy67,minmax,0.5714285714285714,0.6428571428571428,0.0714285714285714,1.0,1.0,0.0,0.5714285714285714,0.6428571428571429,0.07142857142857151,5,3
3,0.060803901902965994,-1.2160685503234192,legacy67,minmax,0.5714285714285714,0.6428571428571428,0.0714285714285714,1.0,1.0,0.0,0.5714285714285714,0.6428571428571429,0.07142857142857151,6,4
3,0.06235377135673155,-1.2051372738633104,legacy67,minmax,0.558095238095238,0.6428571428571428,0.08476190476190482,0.9866666666666667,1.0,0.013333333333333308,0.5714285714285714,0.6428571428571429,0.07142857142857151,6,4
3,0.06290644294586147,-1.201304871366561,legacy67,minmax,0.558095238095238,0.6428571428571428,0.08476190476190482,0.9866666666666667,1.0,0.013333333333333308,0.5714285714285714,0.6428571428571429,0.07142857142857151,6,4
3,0.07068974950624601,-1.1506435572868954,legacy67,minmax,0.6295238095238096,0.6428571428571428,0.013333333333333197,0.9866666666666667,1.0,0.013333333333333308,0.6428571428571429,0.6428571428571429,0.0,7,5
3,0.10842262717330158,-0.9648800735999323,legacy67,minmax,0.6533333333333333,0.7142857142857144,0.06095238095238109,0.9866666666666667,1.0,0.013333333333333308,0.6666666666666666,0.7142857142857143,0.04761904761904767,8,8
3,0.12172958098369964,-0.9146038729044164,legacy67,minmax,0.6638095238095238,0.7380952380952381,0.07428571428571429,0.9733333333333334,1.0,0.026666666666666616,0.6904761904761905,0.7380952380952381,0.04761904761904767,9,8
3,0.1329652145729951,-0.876261961250477,legacy67,minmax,0.6638095238095238,0.7857142857142856,0.12190476190476174,0.9733333333333334,1.0,0.026666666666666616,0.6904761904761905,0.7857142857142857,0.09523809523809523,12,9
3,0.14618962793704957,-0.8350834392078323,legacy67,minmax,0.6876190476190476,0.7857142857142856,0.09809523809523801,0.9733333333333334,1.0,0.026666666666666616,0.7142857142857143,0.7857142857142857,0.0714285714285714,12,9
3,0.14742753159914665,-0.8314214058591274,legacy67,minmax,0.6638095238095238,0.7857142857142856,0.12190476190476174,0.9733333333333334,1.0,0.026666666666666616,0.6904761904761905,0.7857142857142857,0.09523809523809523,12,9
3,0.16480446427978968,-0.7830310281618491,legacy67,minmax,0.6638095238095238,0.7857142857142856,0.12190476190476174,0.9733333333333334,1.0,0.026666666666666616,0.6904761904761905,0.7857142857142857,0.09523809523809523,13,9
3,0.16536937182824418,-0.7815449233065173,legacy67,minmax,0.6638095238095238,0.7857142857142856,0.12190476190476174,0.9733333333333334,1.0,0.026666666666666616,0.6904761904761905,0.7857142857142857,0.09523809523809523,13,9
3,0.1753594952976441,-0.7560707131373512,legacy67,minmax,0.6638095238095238,0.7857142857142856,0.12190476190476174,0.9733333333333334,1.0,0.026666666666666616,0.6904761904761905,0.7857142857142857,0.09523809523809523,14,9
3,0.17654048052495064,-0.7531556956423562,legacy67,minmax,0.6638095238095238,0.7857142857142856,0.12190476190476174,0.9733333333333334,1.0,0.026666666666666616,0.6904761904761905,0.7857142857142857,0.09523809523809523,14,9
3,0.1998634077852887,-0.6992667118930118,legacy67,minmax,0.6638095238095238,0.7857142857142856,0.12190476190476174,0.9733333333333334,1.0,0.026666666666666616,0.6904761904761905,0.7857142857142857,0.09523809523809523,14,9
3,0.2001342062287997,-0.6986786769469426,legacy67,minmax,0.6638095238095238,0.7857142857142856,0.12190476190476174,0.9733333333333334,1.0,0.026666666666666616,0.6904761904761905,0.7857142857142857,0.09523809523809523,14,9
3,0.21066486017042194,-0.6764079005894033,legacy67,minmax,0.6876190476190476,0.7857142857142856,0.09809523809523801,0.9733333333333334,1.0,0.026666666666666616,0.7142857142857143,0.7857142857142857,0.0714285714285714,14,9
3,0.2673088310781669,-0.5729866932256429,legacy67,minmax,0.7114285714285715,0.7857142857142856,0.07428571428571407,0.9733333333333334,1.0,0.026666666666666616,0.7380952380952381,0.7857142857142857,0.04761904761904756,15,9
3,0.2715581955282939,-0.5661370858229096,legacy67,minmax,0.7114285714285715,0.7857142857142856,0.07428571428571407,0.9733333333333334,1.0,0.026666666666666616,0.7380952380952381,0.7857142857142857,0.04761904761904756,15,9
3,0.292043384718141,-0.5345526268252332,legacy67,minmax,0.7114285714285715,0.7857142857142856,0.07428571428571407,0.9733333333333334,1.0,0.026666666666666616,0.7380952380952381,0.7857142857142857,0.04761904761904756,15,9
3,0.314891164795686,-0.50183952461055,legacy67,minmax,0.6876190476190476,0.7857142857142856,0.09809523809523801,0.9733333333333334,1.0,0.026666666666666616,0.7142857142857143,0.7857142857142857,0.0714285714285714,18,9
3,0.35868164986275475,-0.44529084124207197,legacy67,minmax,0.6638095238095238,0.8095238095238095,0.14571428571428569,0.9733333333333334,1.0,0.026666666666666616,0.6904761904761905,0.8095238095238095,0.11904761904761907,20,9
3,0.5130551760589832,-0.2898359265658015,legacy67,minmax,0.6533333333333333,0.8438095238095238,0.19047619047619047,0.9866666666666667,0.9866666666666667,0.0,0.6666666666666666,0.8571428571428571,0.19047619047619047,21,9
3,0.5342937261279772,-0.27221992543153695,legacy67,minmax,0.6400000000000001,0.8438095238095238,0.20380952380952366,0.9733333333333334,0.9866666666666667,0.013333333333333308,0.6666666666666666,0.8571428571428571,0.19047619047619047,21,9
3,0.5762487216478598,-0.23939002504159476,legacy67,minmax,0.6400000000000001,0.8438095238095238,0.20380952380952366,0.9733333333333334,0.9866666666666667,0.013333333333333308,0.6666666666666666,0.8571428571428571,0.19047619047619047,21,9
3,0.6672367170464204,-0.17572006313185626,legacy67,minmax,0.6400000000000001,0.8676190476190477,0.2276190476190476,0.9733333333333334,0.9866666666666667,0.013333333333333308,0.6666666666666666,0.8809523809523809,0.2142857142857143,22,9
3,0.7742116473996242,-0.1111402993522028,legacy67,minmax,0.6638095238095238,0.8676190476190477,0.20380952380952388,0.9733333333333334,0.9866666666666667,0.013333333333333308,0.6904761904761905,0.8809523809523809,0.19047619047619047,24,9
3,0.9444574254983555,-0.02481761454243703,legacy67,minmax,0.6638095238095238,0.8676190476190477,0.20380952380952388,0.9733333333333334,0.9866666666666667,0.013333333333333308,0.6904761904761905,0.8809523809523809,0.19047619047619047,24,9
3,0.9565499215943818,-0.019292359554919238,legacy67,minmax,0.6638095238095238,0.8676190476190477,0.20380952380952388,0.9733333333333334,0.9866666666666667,0.013333333333333308,0.6904761904761905,0.8809523809523809,0.19047619047619047,24,9
3,1.1400863701127315,0.0569377536544464,legacy67,minmax,0.6400000000000001,0.8676190476190477,0.2276190476190476,0.9733333333333334,0.9866666666666667,0.013333333333333308,0.6666666666666666,0.8809523809523809,0.2142857142857143,25,9
3,1.2030178871154662,0.08027208471124325,legacy67,minmax,0.6400000000000001,0.8676190476190477,0.2276190476190476,0.9733333333333334,0.9866666666666667,0.013333333333333308,0.6666666666666666,0.8809523809523809,0.2142857142857143,25,9
3,1.2329098365270508,0.0909313175279762,legacy67,minmax,0.6400000000000001,0.8676190476190477,0.2276190476190476,0.9733333333333334,0.9866666666666667,0.013333333333333308,0.6666666666666666,0.8809523809523809,0.2142857142857143,25,9
3,1.2561043700013554,0.09902572652895136,legacy67,minmax,0.6400000000000001,0.8676190476190477,0.2276190476190476,0.9733333333333334,0.9866666666666667,0.013333333333333308,0.6666666666666666,0.8809523809523809,0.2142857142857143,25,9
3,1.4817820606039076,0.17078433263299386,legacy67,minmax,0.6400000000000001,0.8676190476190477,0.2276190476190476,0.9733333333333334,0.9866666666666667,0.013333333333333308,0.6666666666666666,0.8809523809523809,0.2142857142857143,26,9
3,1.5375920235481748,0.1868411173731186,legacy67,minmax,0.6400000000000001,0.8676190476190477,0.2276190476190476,0.9733333333333334,0.9866666666666667,0.013333333333333308,0.6666666666666666,0.8809523809523809,0.2142857142857143,26,9
3,1.7583640270008503,0.24510879027798493,legacy67,minmax,0.6400000000000001,0.8676190476190477,0.2276190476190476,0.9733333333333334,0.9866666666666667,0.013333333333333308,0.6666666666666666,0.8809523809523809,0.2142857142857143,27,9
3,2.34238498471129,0.36965827544816987,legacy67,minmax,0.6400000000000001,0.8676190476190477,0.2276190476190476,0.9733333333333334,0.9866666666666667,0.013333333333333308,0.6666666666666666,0.8809523809523809,0.2142857142857143,29,9
3,2.4637685958997446,0.39159991524434057,legacy67,minmax,0.6400000000000001,0.8676190476190477,0.2276190476190476,0.9733333333333334,0.9866666666666667,0.013333333333333308,0.6666666666666666,0.8809523809523809,0.2142857142857143,29,9
3,2.4810409748678097,0.3946339367881464,legacy67,minmax,0.6400000000000001,0.8676190476190477,0.2276190476190476,0.9733333333333334,0.9866666666666667,0.013333333333333308,0.6666666666666666,0.8809523809523809,0.2142857142857143,29,9
3,2.5378155082656626,0.40446004697283516,legacy67,minmax,0.6400000000000001,0.8676190476190477,0.2276190476190476,0.9733333333333334,0.9866666666666667,0.013333333333333308,0.6666666666666666,0.8809523809523809,0.2142857142857143,29,9
3,2.692646910086177,0.43017940760575346,legacy67,minmax,0.6400000000000001,0.8676190476190477,0.2276190476190476,0.9733333333333334,0.9866666666666667,0.013333333333333308,0.6666666666666666,0.8809523809523809,0.2142857142857143,29,9
3,2.801635158716258,0.4474115788895179,legacy67,minmax,0.6400000000000001,0.8676190476190477,0.2276190476190476,0.9733333333333334,0.9866666666666667,0.013333333333333308,0.6666666666666666,0.8809523809523809,0.2142857142857143,29,9
3,3.113095956122122,0.4931925073102317,legacy67,minmax,0.6400000000000001,0.8676190476190477,0.2276190476190476,0.9733333333333334,0.9866666666666667,0.013333333333333308,0.6666666666666666,0.8809523809523809,0.2142857142857143,30,9
3,3.550012525851159,0.5502298854208525,legacy67,minmax,0.6400000000000001,0.8676190476190477,0.2276190476190476,0.9733333333333334,0.9866666666666667,0.013333333333333308,0.6666666666666666,0.8809523809523809,0.2142857142857143,29,9
3,4.467752817973904,0.6500891374159279,legacy67,minmax,0.6400000000000001,0.8676190476190477,0.2276190476190476,0.9733333333333334,0.9866666666666667,0.013333333333333308,0.6666666666666666,0.8809523809523809,0.2142857142857143,30,9
3,5.456725485601473,0.7369321060486276,legacy67,minmax,0.6638095238095238,0.8676190476190477,0.20380952380952388,0.9733333333333334,0.9866666666666667,0.013333333333333308,0.6904761904761905,0.8809523809523809,0.19047619047619047,30,9
3,6.72093005015611,0.8274293753904685,legacy67,minmax,0.6504761904761904,0.8676190476190477,0.2171428571428573,0.96,0.9866666666666667,0.026666666666666727,0.6904761904761905,0.8809523809523809,0.19047619047619047,30,9
3,6.7965780907581514,0.832290311184182,legacy67,minmax,0.6504761904761904,0.8676190476190477,0.2171428571428573,0.96,0.9866666666666667,0.026666666666666727,0.6904761904761905,0.8809523809523809,0.19047619047619047,30,9
3,7.128188058401357,0.85297914889198,legacy67,minmax,0.6504761904761904,0.8676190476190477,0.2171428571428573,0.96,0.9866666666666667,0.026666666666666727,0.6904761904761905,0.8809523809523809,0.19047619047619047,30,9
3,8.241925264876443,0.9160286721639492,legacy67,minmax,0.6504761904761904,0.8676190476190477,0.2171428571428573,0.96,0.9866666666666667,0.026666666666666727,0.6904761904761905,0.8809523809523809,0.19047619047619047,30,9
3,8.287522363768153,0.9184247133522563,legacy67,minmax,0.6504761904761904,0.8676190476190477,0.2171428571428573,0.96,0.9866666666666667,0.026666666666666727,0.6904761904761905,0.8809523809523809,0.19047619047619047,30,9
3,8.471801418819974,0.9279757672456204,legacy67,minmax,0.6504761904761904,0.8676190476190477,0.2171428571428573,0.96,0.9866666666666667,0.026666666666666727,0.6904761904761905,0.8809523809523809,0.19047619047619047,30,9
3,11.044350847124681,1.0431401944675898,legacy67,minmax,0.6876190476190476,0.8676190476190477,0.18000000000000016,0.9733333333333334,0.9866666666666667,0.013333333333333308,0.7142857142857143,0.8809523809523809,0.16666666666666663,31,26
3,12.130221181165155,1.083868719818244,legacy67,minmax,0.6876190476190476,0.8676190476190477,0.18000000000000016,0.9733333333333334,0.9866666666666667,0.013333333333333308,0.7142857142857143,0.8809523809523809,0.16666666666666663,31,26
3,12.164139351417056,1.085081386743783,legacy67,minmax,0.6876190476190476,0.8676190476190477,0.18000000000000016,0.9733333333333334,0.9866666666666667,0.013333333333333308,0.7142857142857143,0.8809523809523809,0.16666666666666663,31,26
3,12.273800987852958,1.0889790771866297,legacy67,minmax,0.6876190476190476,0.8676190476190477,0.18000000000000016,0.9733333333333334,0.9866666666666667,0.013333333333333308,0.7142857142857143,0.8809523809523809,0.16666666666666663,31,26
3,12.604664585649452,1.1005312934444582,legacy67,minmax,0.6876190476190476,0.8676190476190477,0.18000000000000016,0.9733333333333334,0.9866666666666667,0.013333333333333308,0.7142857142857143,0.8809523809523809,0.16666666666666663,31,26
3,13.826232179369853,1.1407038455720544,legacy67,minmax,0.6876190476190476,0.8676190476190477,0.18000000000000016,0.9733333333333334,0.9866666666666667,0.013333333333333308,0.7142857142857143,0.8809523809523809,0.16666666666666663,31,26
3,16.172900811143133,1.2087879230161587,legacy67,minmax,0.6876190476190476,0.8676190476190477,0.18000000000000016,0.9733333333333334,0.9866666666666667,0.013333333333333308,0.7142857142857143,0.8809523809523809,0.16666666666666663,31,26
3,17.123375973163967,1.2335893924658445,legacy67,minmax,0.6876190476190476,0.8676190476190477,0.18000000000000016,0.9733333333333334,0.9866666666666667,0.013333333333333308,0.7142857142857143,0.8809523809523809,0.16666666666666663,31,26
3,18.274508859816006,1.2618457138193366,legacy67,minmax,0.6876190476190476,0.8676190476190477,0.18000000000000016,0.9733333333333334,0.9866666666666667,0.013333333333333308,0.7142857142857143,0.8809523809523809,0.16666666666666663,31,26
3,20.65142557895924,1.3149500366077174,legacy67,minmax,0.6876190476190476,0.8676190476190477,0.18000000000000016,0.9733333333333334,0.9866666666666667,0.013333333333333308,0.7142857142857143,0.8809523809523809,0.16666666666666663,31,26
3,21.36832907235874,1.329770563201687,legacy67,minmax,0.6876190476190476,0.8676190476190477,0.18000000000000016,0.9733333333333334,0.9866666666666667,0.013333333333333308,0.7142857142857143,0.8809523809523809,0.16666666666666663,31,26
3,28.340904295147727,1.452413703502374,legacy67,minmax,0.6876190476190476,0.8676190476190477,0.18000000000000016,0.9733333333333334,0.9866666666666667,0.013333333333333308,0.7142857142857143,0.8809523809523809,0.16666666666666663,31,27
3,29.154431891537524,1.4647045830997407,legacy67,minmax,0.6876190476190476,0.8676190476190477,0.18000000000000016,0.9733333333333334,0.9866666666666667,0.013333333333333308,0.7142857142857143,0.8809523809523809,0.16666666666666663,31,27
3,35.387588647792384,1.5488509703053062,legacy67,minmax,0.6876190476190476,0.8676190476190477,0.18000000000000016,0.9733333333333334,0.9866666666666667,0.013333333333333308,0.7142857142857143,0.8809523809523809,0.16666666666666663,32,28
3,37.95853142670639,1.5793094017105953,legacy67,minmax,0.7114285714285715,0.8676190476190477,0.1561904761904762,0.9733333333333334,0.9866666666666667,0.013333333333333308,0.7380952380952381,0.8809523809523809,0.1428571428571428,32,28
3,43.37920697490936,1.6372816083151283,legacy67,minmax,0.7352380952380952,0.8676190476190477,0.1323809523809525,0.9733333333333334,0.9866666666666667,0.013333333333333308,0.7619047619047619,0.8809523809523809,0.11904761904761907,32,29
3,48.69640941520897,1.6874969400924673,legacy67,minmax,0.7352380952380952,0.8676190476190477,0.1323809523809525,0.9733333333333334,0.9866666666666667,0.013333333333333308,0.7619047619047619,0.8809523809523809,0.11904761904761907,32,29
3,57.279044707996185,1.7579957662567565,legacy67,minmax,0.7352380952380952,0.8676190476190477,0.1323809523809525,0.9733333333333334,0.9866666666666667,0.013333333333333308,0.7619047619047619,0.8809523809523809,0.11904761904761907,33,29
3,62.45139574743064,1.795542149013333,legacy67,minmax,0.7352380952380952,0.8676190476190477,0.1323809523809525,0.9733333333333334,0.9866666666666667,0.013333333333333308,0.7619047619047619,0.8809523809523809,0.11904761904761907,33,29
3,63.512210106406926,1.8028572256396647,legacy67,minmax,0.7352380952380952,0.8676190476190477,0.1323809523809525,0.9733333333333334,0.9866666666666667,0.013333333333333308,0.7619047619047619,0.8809523809523809,0.11904761904761907,33,29
3,72.86653737491037,1.8625281322982374,legacy67,minmax,0.7352380952380952,0.8676190476190477,0.1323809523809525,0.9733333333333334,0.9866666666666667,0.013333333333333308,0.7619047619047619,0.8809523809523809,0.11904761904761907,33,30
3,75.56810141274423,1.8783385110582342,legacy67,minmax,0.7352380952380952,0.8676190476190477,0.1323809523809525,0.9733333333333334,0.9866666666666667,0.013333333333333308,0.7619047619047619,0.8809523809523809,0.11904761904761907,33,30
3,75.79479953347995,1.8796394086479773,legacy67,minmax,0.7352380952380952,0.8676190476190477,0.1323809523809525,0.9733333333333334,0.9866666666666667,0.013333333333333308,0.7619047619047619,0.8809523809523809,0.11904761904761907,33,30
3,88.62326508576248,1.9475477464020692,legacy67,minmax,0.7352380952380952,0.8676190476190477,0.1323809523809525,0.9733333333333334,0.9866666666666667,0.013333333333333308,0.7619047619047619,0.8809523809523809,0.11904761904761907,33,30
4,0.010521761868451128,-1.9779115315055904,legacy67,minmax,0.0,0.0,0.0,1.0,1.0,0.0,0.0,0.0,0.0,0,0
4,0.012087541473056955,-1.9176620228167902,legacy67,minmax,0.0,0.0,0.0,1.0,1.0,0.0,0.0,0.0,0.0,0,0
4,0.01263794633808287,-1.8983234930236192,legacy67,minmax,0.0,0.0,0.0,1.0,1.0,0.0,0.0,0.0,0.0,0,0
4,0.013726318898045865,-1.8624459155391264,legacy67,minmax,0.0,0.0,0.0,1.0,1.0,0.0,0.0,0.0,0.0,0,0
4,0.0151673306880762,-1.8190908443578477,legacy67,minmax,0.0,0.0,0.0,1.0,1.0,0.0,0.0,0.0,0.0,0,0
4,0.015339162591163618,-1.814198349120009,legacy67,minmax,0.0,0.0,0.0,1.0,1.0,0.0,0.0,0.0,0.0,0,0
4,0.017073967431528118,-1.7676655513272022,legacy67,minmax,0.0,0.0,0.0,1.0,1.0,0.0,0.0,0.0,0.0,1,1
4,0.017956984225677628,-1.7457665988559055,legacy67,minmax,0.0,0.0,0.0,1.0,1.0,0.0,0.0,0.0,0.0,1,1
4,0.018205657658407252,-1.739793628058882,legacy67,minmax,0.0,0.0,0.0,1.0,1.0,0.0,0.0,0.0,0.0,1,1
4,0.019777828512462715,-1.7038213930636386,legacy67,minmax,0.0714285714285714,0.0,-0.0714285714285714,1.0,1.0,0.0,0.07142857142857142,0.0,-0.07142857142857142,3,1
4,0.01987021538542862,-1.7017974252809167,legacy67,minmax,0.0714285714285714,0.0,-0.0714285714285714,1.0,1.0,0.0,0.07142857142857142,0.0,-0.07142857142857142,3,1
4,0.022592797420156945,-1.646029991792322,legacy67,minmax,0.16666666666666674,0.4285714285714286,0.26190476190476186,1.0,1.0,0.0,0.16666666666666666,0.42857142857142855,0.26190476190476186,3,1
4,0.024586032763280048,-1.6093115439744645,legacy67,minmax,0.2142857142857142,0.4285714285714286,0.2142857142857144,1.0,1.0,0.0,0.21428571428571427,0.42857142857142855,0.21428571428571427,3,1
4,0.027012557725439066,-1.5684342920267822,legacy67,minmax,0.2857142857142856,0.4285714285714286,0.14285714285714302,1.0,1.0,0.0,0.2857142857142857,0.42857142857142855,0.14285714285714285,3,2
4,0.029072088906598435,-1.5365237618994811,legacy67,minmax,0.30952380952380953,0.4285714285714286,0.11904761904761907,1.0,1.0,0.0,0.30952380952380953,0.42857142857142855,0.11904761904761901,3,2
4,0.030086868214458433,-1.5216230162467932,legacy67,minmax,0.30952380952380953,0.4285714285714286,0.11904761904761907,1.0,1.0,0.0,0.30952380952380953,0.42857142857142855,0.11904761904761901,3,2
4,0.030771802712506853,-1.5118470606208847,legacy67,minmax,0.30952380952380953,0.4285714285714286,0.11904761904761907,1.0,1.0,0.0,0.30952380952380953,0.42857142857142855,0.11904761904761901,3,2
4,0.036138942712165265,-1.4420245573918327,legacy67,minmax,0.4761904761904763,0.4285714285714286,-0.04761904761904767,1.0,1.0,0.0,0.47619047619047616,0.42857142857142855,-0.047619047619047616,3,2
4,0.03661819220392428,-1.4363031001009494,legacy67,minmax,0.5,0.4285714285714286,-0.0714285714285714,1.0,1.0,0.0,0.5,0.42857142857142855,-0.07142857142857145,3,2
4,0.04207053950287936,-1.3760219186551894,legacy67,minmax,0.5476190476190477,0.4285714285714286,-0.11904761904761907,1.0,1.0,0.0,0.5476190476190477,0.42857142857142855,-0.11904761904761912,4,3
4,0.04207988669606635,-1.375925438230254,legacy67,minmax,0.5476190476190477,0.4285714285714286,-0.11904761904761907,1.0,1.0,0.0,0.5476190476190477,0.42857142857142855,-0.11904761904761912,4,3
4,0.04809461967501572,-1.3179035052508339,legacy67,minmax,0.5476190476190477,0.4761904761904763,-0.0714285714285714,1.0,1.0,0.0,0.5476190476190477,0.47619047619047616,-0.07142857142857151,5,4
4,0.05337032762603955,-1.2727001311715975,legacy67,minmax,0.5238095238095237,0.4761904761904763,-0.04761904761904745,1.0,1.0,0.0,0.5238095238095238,0.47619047619047616,-0.04761904761904767,5,4
4,0.05415244119402536,-1.2663819605862647,legacy67,minmax,0.5238095238095237,0.4761904761904763,-0.04761904761904745,1.0,1.0,0.0,0.5238095238095238,0.47619047619047616,-0.04761904761904767,5,4
4,0.05488047000766042,-1.2605821778978918,legacy67,minmax,0.5476190476190477,0.4761904761904763,-0.0714285714285714,1.0,1.0,0.0,0.5476190476190477,0.47619047619047616,-0.07142857142857151,5,4
4,0.060803901902965994,-1.2160685503234192,legacy67,minmax,0.5476190476190477,0.4761904761904763,-0.0714285714285714,1.0,1.0,0.0,0.5476190476190477,0.47619047619047616,-0.07142857142857151,5,4
4,0.06235377135673155,-1.2051372738633104,legacy67,minmax,0.5476190476190477,0.4761904761904763,-0.0714285714285714,1.0,1.0,0.0,0.5476190476190477,0.47619047619047616,-0.07142857142857151,5,4
4,0.06290644294586147,-1.201304871366561,legacy67,minmax,0.5476190476190477,0.4761904761904763,-0.0714285714285714,1.0,1.0,0.0,0.5476190476190477,0.47619047619047616,-0.07142857142857151,5,4
4,0.07068974950624601,-1.1506435572868954,legacy67,minmax,0.5209523809523811,0.5238095238095237,0.0028571428571426694,0.9733333333333334,1.0,0.026666666666666616,0.5476190476190477,0.5238095238095238,-0.023809523809523836,7,5
4,0.10842262717330158,-0.9648800735999323,legacy67,minmax,0.5552380952380953,0.6295238095238096,0.07428571428571429,0.96,0.9866666666666667,0.026666666666666727,0.5952380952380952,0.6428571428571429,0.04761904761904767,7,6
4,0.12172958098369964,-0.9146038729044164,legacy67,minmax,0.5552380952380953,0.6295238095238096,0.07428571428571429,0.96,0.9866666666666667,0.026666666666666727,0.5952380952380952,0.6428571428571429,0.04761904761904767,7,6
4,0.1329652145729951,-0.876261961250477,legacy67,minmax,0.579047619047619,0.6533333333333333,0.07428571428571429,0.96,0.9866666666666667,0.026666666666666727,0.6190476190476191,0.6666666666666666,0.04761904761904756,8,7
4,0.14618962793704957,-0.8350834392078323,legacy67,minmax,0.5895238095238096,0.677142857142857,0.08761904761904749,0.9466666666666667,0.9866666666666667,0.040000000000000036,0.6428571428571429,0.6904761904761905,0.04761904761904756,9,7
4,0.14742753159914665,-0.8314214058591274,legacy67,minmax,0.5895238095238096,0.677142857142857,0.08761904761904749,0.9466666666666667,0.9866666666666667,0.040000000000000036,0.6428571428571429,0.6904761904761905,0.04761904761904756,9,7
4,0.16480446427978968,-0.7830310281618491,legacy67,minmax,0.5657142857142858,0.677142857142857,0.11142857142857121,0.9466666666666667,0.9866666666666667,0.040000000000000036,0.6190476190476191,0.6904761904761905,0.0714285714285714,11,7
4,0.16536937182824418,-0.7815449233065173,legacy67,minmax,0.5657142857142858,0.677142857142857,0.11142857142857121,0.9466666666666667,0.9866666666666667,0.040000000000000036,0.6190476190476191,0.6904761904761905,0.0714285714285714,11,7
4,0.1753594952976441,-0.7560707131373512,legacy67,minmax,0.5657142857142858,0.677142857142857,0.11142857142857121,0.9466666666666667,0.9866666666666667,0.040000000000000036,0.6190476190476191,0.6904761904761905,0.0714285714285714,12,7
4,0.17654048052495064,-0.7531556956423562,legacy67,minmax,0.5657142857142858,0.677142857142857,0.11142857142857121,0.9466666666666667,0.9866666666666667,0.040000000000000036,0.6190476190476191,0.6904761904761905,0.0714285714285714,12,7
4,0.1998634077852887,-0.6992667118930118,legacy67,minmax,0.5895238095238096,0.700952380952381,0.11142857142857143,0.9466666666666667,0.9866666666666667,0.040000000000000036,0.6428571428571429,0.7142857142857143,0.0714285714285714,12,7
4,0.2001342062287997,-0.6986786769469426,legacy67,minmax,0.5895238095238096,0.700952380952381,0.11142857142857143,0.9466666666666667,0.9866666666666667,0.040000000000000036,0.6428571428571429,0.7142857142857143,0.0714285714285714,12,7
4,0.21066486017042194,-0.6764079005894033,legacy67,minmax,0.5895238095238096,0.700952380952381,0.11142857142857143,0.9466666666666667,0.9866666666666667,0.040000000000000036,0.6428571428571429,0.7142857142857143,0.0714285714285714,13,7
4,0.2673088310781669,-0.5729866932256429,legacy67,minmax,0.6000000000000001,0.7485714285714287,0.14857142857142858,0.9333333333333333,0.9866666666666667,0.053333333333333344,0.6666666666666666,0.7619047619047619,0.09523809523809523,16,8
4,0.2715581955282939,-0.5661370858229096,legacy67,minmax,0.6000000000000001,0.7485714285714287,0.14857142857142858,0.9333333333333333,0.9866666666666667,0.053333333333333344,0.6666666666666666,0.7619047619047619,0.09523809523809523,16,8
4,0.292043384718141,-0.5345526268252332,legacy67,minmax,0.6133333333333333,0.7485714285714287,0.13523809523809538,0.9466666666666667,0.9866666666666667,0.040000000000000036,0.6666666666666666,0.7619047619047619,0.09523809523809523,16,8
4,0.314891164795686,-0.50183952461055,legacy67,minmax,0.6742857142857144,0.7485714285714287,0.07428571428571429,0.96,0.9866666666666667,0.026666666666666727,0.7142857142857143,0.7619047619047619,0.04761904761904756,16,8
4,0.35868164986275475,-0.44529084124207197,legacy67,minmax,0.7219047619047618,0.7961904761904761,0.07428571428571429,0.96,0.9866666666666667,0.026666666666666727,0.7619047619047619,0.8095238095238095,0.04761904761904767,16,8
4,0.5130551760589832,-0.2898359265658015,legacy67,minmax,0.6847619047619049,0.7961904761904761,0.11142857142857121,0.9466666666666667,0.9866666666666667,0.040000000000000036,0.7380952380952381,0.8095238095238095,0.0714285714285714,18,7
4,0.5342937261279772,-0.27221992543153695,legacy67,minmax,0.6847619047619049,0.7961904761904761,0.11142857142857121,0.9466666666666667,0.9866666666666667,0.040000000000000036,0.7380952380952381,0.8095238095238095,0.0714285714285714,19,7
4,0.5762487216478598,-0.23939002504159476,legacy67,minmax,0.660952380952381,0.7961904761904761,0.13523809523809516,0.9466666666666667,0.9866666666666667,0.040000000000000036,0.7142857142857143,0.8095238095238095,0.09523809523809523,19,7
4,0.6672367170464204,-0.17572006313185626,legacy67,minmax,0.660952380952381,0.7961904761904761,0.13523809523809516,0.9466666666666667,0.9866666666666667,0.040000000000000036,0.7142857142857143,0.8095238095238095,0.09523809523809523,22,7
4,0.7742116473996242,-0.1111402993522028,legacy67,minmax,0.6476190476190475,0.7961904761904761,0.14857142857142858,0.9333333333333333,0.9866666666666667,0.053333333333333344,0.7142857142857143,0.8095238095238095,0.09523809523809523,22,7
4,0.9444574254983555,-0.02481761454243703,legacy67,minmax,0.637142857142857,0.8200000000000001,0.18285714285714305,0.9466666666666667,0.9866666666666667,0.040000000000000036,0.6904761904761905,0.8333333333333334,0.1428571428571429,24,7
4,0.9565499215943818,-0.019292359554919238,legacy67,minmax,0.637142857142857,0.8200000000000001,0.18285714285714305,0.9466666666666667,0.9866666666666667,0.040000000000000036,0.6904761904761905,0.8333333333333334,0.1428571428571429,24,7
4,1.1400863701127315,0.0569377536544464,legacy67,minmax,0.637142857142857,0.8200000000000001,0.18285714285714305,0.9466666666666667,0.9866666666666667,0.040000000000000036,0.6904761904761905,0.8333333333333334,0.1428571428571429,25,7
4,1.2030178871154662,0.08027208471124325,legacy67,minmax,0.637142857142857,0.8200000000000001,0.18285714285714305,0.9466666666666667,0.9866666666666667,0.040000000000000036,0.6904761904761905,0.8333333333333334,0.1428571428571429,25,7
4,1.2329098365270508,0.0909313175279762,legacy67,minmax,0.637142857142857,0.8200000000000001,0.18285714285714305,0.9466666666666667,0.9866666666666667,0.040000000000000036,0.6904761904761905,0.8333333333333334,0.1428571428571429,25,7
4,1.2561043700013554,0.09902572652895136,legacy67,minmax,0.637142857142857,0.8200000000000001,0.18285714285714305,0.9466666666666667,0.9866666666666667,0.040000000000000036,0.6904761904761905,0.8333333333333334,0.1428571428571429,24,7
4,1.4817820606039076,0.17078433263299386,legacy67,minmax,0.660952380952381,0.8200000000000001,0.1590476190476191,0.9466666666666667,0.9866666666666667,0.040000000000000036,0.7142857142857143,0.8333333333333334,0.11904761904761907,26,7
4,1.5375920235481748,0.1868411173731186,legacy67,minmax,0.660952380952381,0.8200000000000001,0.1590476190476191,0.9466666666666667,0.9866666666666667,0.040000000000000036,0.7142857142857143,0.8333333333333334,0.11904761904761907,26,7
4,1.7583640270008503,0.24510879027798493,legacy67,minmax,0.660952380952381,0.8200000000000001,0.1590476190476191,0.9466666666666667,0.9866666666666667,0.040000000000000036,0.7142857142857143,0.8333333333333334,0.11904761904761907,26,7
4,2.34238498471129,0.36965827544816987,legacy67,minmax,0.660952380952381,0.8200000000000001,0.1590476190476191,0.9466666666666667,0.9866666666666667,0.040000000000000036,0.7142857142857143,0.8333333333333334,0.11904761904761907,29,7
4,2.4637685958997446,0.39159991524434057,legacy67,minmax,0.660952380952381,0.8200000000000001,0.1590476190476191,0.9466666666666667,0.9866666666666667,0.040000000000000036,0.7142857142857143,0.8333333333333334,0.11904761904761907,29,7
4,2.4810409748678097,0.3946339367881464,legacy67,minmax,0.660952380952381,0.8200000000000001,0.1590476190476191,0.9466666666666667,0.9866666666666667,0.040000000000000036,0.7142857142857143,0.8333333333333334,0.11904761904761907,29,7
4,2.5378155082656626,0.40446004697283516,legacy67,minmax,0.660952380952381,0.8200000000000001,0.1590476190476191,0.9466666666666667,0.9866666666666667,0.040000000000000036,0.7142857142857143,0.8333333333333334,0.11904761904761907,29,7
4,2.692646910086177,0.43017940760575346,legacy67,minmax,0.660952380952381,0.8200000000000001,0.1590476190476191,0.9466666666666667,0.9866666666666667,0.040000000000000036,0.7142857142857143,0.8333333333333334,0.11904761904761907,29,7
4,2.801635158716258,0.4474115788895179,legacy67,minmax,0.660952380952381,0.8200000000000001,0.1590476190476191,0.9466666666666667,0.9866666666666667,0.040000000000000036,0.7142857142857143,0.8333333333333334,0.11904761904761907,29,7
4,3.113095956122122,0.4931925073102317,legacy67,minmax,0.6476190476190475,0.8200000000000001,0.17238095238095252,0.9333333333333333,0.9866666666666667,0.053333333333333344,0.7142857142857143,0.8333333333333334,0.11904761904761907,29,7
4,3.550012525851159,0.5502298854208525,legacy67,minmax,0.6476190476190475,0.8200000000000001,0.17238095238095252,0.9333333333333333,0.9866666666666667,0.053333333333333344,0.7142857142857143,0.8333333333333334,0.11904761904761907,29,7
4,4.467752817973904,0.6500891374159279,legacy67,minmax,0.6342857142857143,0.8200000000000001,0.18571428571428572,0.92,0.9866666666666667,0.06666666666666665,0.7142857142857143,0.8333333333333334,0.11904761904761907,30,7
4,5.456725485601473,0.7369321060486276,legacy67,minmax,0.6342857142857143,0.8200000000000001,0.18571428571428572,0.92,0.9866666666666667,0.06666666666666665,0.7142857142857143,0.8333333333333334,0.11904761904761907,28,7
4,6.72093005015611,0.8274293753904685,legacy67,minmax,0.6580952380952381,0.8200000000000001,0.161904761904762,0.92,0.9866666666666667,0.06666666666666665,0.7380952380952381,0.8333333333333334,0.09523809523809523,29,7
4,6.7965780907581514,0.832290311184182,legacy67,minmax,0.6580952380952381,0.8200000000000001,0.161904761904762,0.92,0.9866666666666667,0.06666666666666665,0.7380952380952381,0.8333333333333334,0.09523809523809523,29,7
4,7.128188058401357,0.85297914889198,legacy67,minmax,0.6580952380952381,0.8200000000000001,0.161904761904762,0.92,0.9866666666666667,0.06666666666666665,0.7380952380952381,0.8333333333333334,0.09523809523809523,29,7
4,8.241925264876443,0.9160286721639492,legacy67,minmax,0.6580952380952381,0.8200000000000001,0.161904761904762,0.92,0.9866666666666667,0.06666666666666665,0.7380952380952381,0.8333333333333334,0.09523809523809523,30,29
4,8.287522363768153,0.9184247133522563,legacy67,minmax,0.6580952380952381,0.8200000000000001,0.161904761904762,0.92,0.9866666666666667,0.06666666666666665,0.7380952380952381,0.8333333333333334,0.09523809523809523,30,29
4,8.471801418819974,0.9279757672456204,legacy67,minmax,0.6580952380952381,0.8200000000000001,0.161904761904762,0.92,0.9866666666666667,0.06666666666666665,0.7380952380952381,0.8333333333333334,0.09523809523809523,30,29
4,11.044350847124681,1.0431401944675898,legacy67,minmax,0.6714285714285715,0.8200000000000001,0.14857142857142858,0.9333333333333333,0.9866666666666667,0.053333333333333344,0.7380952380952381,0.8333333333333334,0.09523809523809523,30,30
4,12.130221181165155,1.083868719818244,legacy67,minmax,0.6714285714285715,0.8200000000000001,0.14857142857142858,0.9333333333333333,0.9866666666666667,0.053333333333333344,0.7380952380952381,0.8333333333333334,0.09523809523809523,30,30
4,12.164139351417056,1.085081386743783,legacy67,minmax,0.6714285714285715,0.8200000000000001,0.14857142857142858,0.9333333333333333,0.9866666666666667,0.053333333333333344,0.7380952380952381,0.8333333333333334,0.09523809523809523,30,30
4,12.273800987852958,1.0889790771866297,legacy67,minmax,0.6714285714285715,0.8200000000000001,0.14857142857142858,0.9333333333333333,0.9866666666666667,0.053333333333333344,0.7380952380952381,0.8333333333333334,0.09523809523809523,30,30
4,12.604664585649452,1.1005312934444582,legacy67,minmax,0.6714285714285715,0.8200000000000001,0.14857142857142858,0.9333333333333333,0.9866666666666667,0.053333333333333344,0.7380952380952381,0.8333333333333334,0.09523809523809523,30,30
4,13.826232179369853,1.1407038455720544,legacy67,minmax,0.6714285714285715,0.8200000000000001,0.14857142857142858,0.9333333333333333,0.9866666666666667,0.053333333333333344,0.7380952380952381,0.8333333333333334,0.09523809523809523,32,30
4,16.172900811143133,1.2087879230161587,legacy67,minmax,0.6714285714285715,0.8200000000000001,0.14857142857142858,0.9333333333333333,0.9866666666666667,0.053333333333333344,0.7380952380952381,0.8333333333333334,0.09523809523809523,32,30
4,17.123375973163967,1.2335893924658445,legacy67,minmax,0.6714285714285715,0.8200000000000001,0.14857142857142858,0.9333333333333333,0.9866666666666667,0.053333333333333344,0.7380952380952381,0.8333333333333334,0.09523809523809523,32,30
4,18.274508859816006,1.2618457138193366,legacy67,minmax,0.6714285714285715,0.8200000000000001,0.14857142857142858,0.9333333333333333,0.9866666666666667,0.053333333333333344,0.7380952380952381,0.8333333333333334,0.09523809523809523,32,30
4,20.65142557895924,1.3149500366077174,legacy67,minmax,0.6714285714285715,0.8200000000000001,0.14857142857142858,0.9333333333333333,0.9866666666666667,0.053333333333333344,0.7380952380952381,0.8333333333333334,0.09523809523809523,32,30
4,21.36832907235874,1.329770563201687,legacy67,minmax,0.6714285714285715,0.8200000000000001,0.14857142857142858,0.9333333333333333,0.9866666666666667,0.053333333333333344,0.7380952380952381,0.8333333333333334,0.09523809523809523,32,30
4,28.340904295147727,1.452413703502374,legacy67,minmax,0.6714285714285715,0.8200000000000001,0.14857142857142858,0.9333333333333333,0.9866666666666667,0.053333333333333344,0.7380952380952381,0.8333333333333334,0.09523809523809523,33,31
4,29.154431891537524,1.4647045830997407,legacy67,minmax,0.6714285714285715,0.8200000000000001,0.14857142857142858,0.9333333333333333,0.9866666666666667,0.053333333333333344,0.7380952380952381,0.8333333333333334,0.09523809523809523,33,31
4,35.387588647792384,1.5488509703053062,legacy67,minmax,0.6714285714285715,0.8200000000000001,0.14857142857142858,0.9333333333333333,0.9866666666666667,0.053333333333333344,0.7380952380952381,0.8333333333333334,0.09523809523809523,33,31
4,37.95853142670639,1.5793094017105953,legacy67,minmax,0.6714285714285715,0.8200000000000001,0.14857142857142858,0.9333333333333333,0.9866666666666667,0.053333333333333344,0.7380952380952381,0.8333333333333334,0.09523809523809523,33,31
4,43.37920697490936,1.6372816083151283,legacy67,minmax,0.6714285714285715,0.8200000000000001,0.14857142857142858,0.9333333333333333,0.9866666666666667,0.053333333333333344,0.7380952380952381,0.8333333333333334,0.09523809523809523,33,31
4,48.69640941520897,1.6874969400924673,legacy67,minmax,0.6580952380952381,0.8200000000000001,0.161904761904762,0.92,0.9866666666666667,0.06666666666666665,0.7380952380952381,0.8333333333333334,0.09523809523809523,33,31
4,57.279044707996185,1.7579957662567565,legacy67,minmax,0.6580952380952381,0.8200000000000001,0.161904761904762,0.92,0.9866666666666667,0.06666666666666665,0.7380952380952381,0.8333333333333334,0.09523809523809523,33,31
4,62.45139574743064,1.795542149013333,legacy67,minmax,0.6580952380952381,0.8200000000000001,0.161904761904762,0.92,0.9866666666666667,0.06666666666666665,0.7380952380952381,0.8333333333333334,0.09523809523809523,33,31
4,63.512210106406926,1.8028572256396647,legacy67,minmax,0.6580952380952381,0.8200000000000001,0.161904761904762,0.92,0.9866666666666667,0.06666666666666665,0.7380952380952381,0.8333333333333334,0.09523809523809523,33,31
4,72.86653737491037,1.8625281322982374,legacy67,minmax,0.6580952380952381,0.8200000000000001,0.161904761904762,0.92,0.9866666666666667,0.06666666666666665,0.7380952380952381,0.8333333333333334,0.09523809523809523,33,31
4,75.56810141274423,1.8783385110582342,legacy67,minmax,0.6580952380952381,0.8200000000000001,0.161904761904762,0.92,0.9866666666666667,0.06666666666666665,0.7380952380952381,0.8333333333333334,0.09523809523809523,33,31
4,75.79479953347995,1.8796394086479773,legacy67,minmax,0.6580952380952381,0.8200000000000001,0.161904761904762,0.92,0.9866666666666667,0.06666666666666665,0.7380952380952381,0.8333333333333334,0.09523809523809523,33,31
4,88.62326508576248,1.9475477464020692,legacy67,minmax,0.6580952380952381,0.8200000000000001,0.161904761904762,0.92,0.9866666666666667,0.06666666666666665,0.7380952380952381,0.8333333333333334,0.09523809523809523,33,32
5,0.010521761868451128,-1.9779115315055904,legacy67,minmax,0.0,0.0,0.0,1.0,1.0,0.0,0.0,0.0,0.0,0,0
5,0.012087541473056955,-1.9176620228167902,legacy67,minmax,0.0,0.0,0.0,1.0,1.0,0.0,0.0,0.0,0.0,0,0
5,0.01263794633808287,-1.8983234930236192,legacy67,minmax,0.0,0.0,0.0,1.0,1.0,0.0,0.0,0.0,0.0,0,0
5,0.013726318898045865,-1.8624459155391264,legacy67,minmax,0.0,0.0,0.0,1.0,1.0,0.0,0.0,0.0,0.0,0,0
5,0.0151673306880762,-1.8190908443578477,legacy67,minmax,0.0,0.0,0.0,1.0,1.0,0.0,0.0,0.0,0.0,0,0
5,0.015339162591163618,-1.814198349120009,legacy67,minmax,0.0,0.0,0.0,1.0,1.0,0.0,0.0,0.0,0.0,0,0
5,0.017073967431528118,-1.7676655513272022,legacy67,minmax,0.0,0.0,0.0,1.0,1.0,0.0,0.0,0.0,0.0,0,1
5,0.017956984225677628,-1.7457665988559055,legacy67,minmax,0.0,0.0,0.0,1.0,1.0,0.0,0.0,0.0,0.0,2,1
5,0.018205657658407252,-1.739793628058882,legacy67,minmax,0.0,0.0,0.0,1.0,1.0,0.0,0.0,0.0,0.0,2,1
5,0.019777828512462715,-1.7038213930636386,legacy67,minmax,0.0,0.0,0.0,1.0,1.0,0.0,0.0,0.0,0.0,2,1
5,0.01987021538542862,-1.7017974252809167,legacy67,minmax,0.0,0.0,0.0,1.0,1.0,0.0,0.0,0.0,0.0,2,1
5,0.022592797420156945,-1.646029991792322,legacy67,minmax,0.1428571428571428,0.5447619047619048,0.401904761904762,1.0,0.9733333333333334,-0.026666666666666616,0.14285714285714285,0.5714285714285714,0.42857142857142855,3,1
5,0.024586032763280048,-1.6093115439744645,legacy67,minmax,0.30952380952380953,0.5447619047619048,0.23523809523809525,1.0,0.9733333333333334,-0.026666666666666616,0.30952380952380953,0.5714285714285714,0.26190476190476186,3,1
5,0.027012557725439066,-1.5684342920267822,legacy67,minmax,0.3571428571428572,0.5447619047619048,0.18761904761904757,1.0,0.9733333333333334,-0.026666666666666616,0.35714285714285715,0.5714285714285714,0.21428571428571425,3,2
5,0.029072088906598435,-1.5365237618994811,legacy67,minmax,0.4285714285714286,0.5447619047619048,0.11619047619047618,1.0,0.9733333333333334,-0.026666666666666616,0.42857142857142855,0.5714285714285714,0.14285714285714285,3,2
5,0.030086868214458433,-1.5216230162467932,legacy67,minmax,0.5476190476190477,0.5447619047619048,-0.0028571428571428914,1.0,0.9733333333333334,-0.026666666666666616,0.5476190476190477,0.5714285714285714,0.023809523809523725,3,2
5,0.030771802712506853,-1.5118470606208847,legacy67,minmax,0.5714285714285714,0.5447619047619048,-0.026666666666666616,1.0,0.9733333333333334,-0.026666666666666616,0.5714285714285714,0.5714285714285714,0.0,3,2
5,0.036138942712165265,-1.4420245573918327,legacy67,minmax,0.6190476190476191,0.5447619047619048,-0.07428571428571429,1.0,0.9733333333333334,-0.026666666666666616,0.6190476190476191,0.5714285714285714,-0.04761904761904767,3,3
5,0.03661819220392428,-1.4363031001009494,legacy67,minmax,0.6057142857142859,0.5447619047619048,-0.06095238095238109,0.9866666666666667,0.9733333333333334,-0.013333333333333308,0.6190476190476191,0.5714285714285714,-0.04761904761904767,3,3
5,0.04207053950287936,-1.3760219186551894,legacy67,minmax,0.6533333333333333,0.5685714285714285,-0.08476190476190482,0.9866666666666667,0.9733333333333334,-0.013333333333333308,0.6666666666666666,0.5952380952380952,-0.0714285714285714,3,3
5,0.04207988669606635,-1.375925438230254,legacy67,minmax,0.6533333333333333,0.5685714285714285,-0.08476190476190482,0.9866666666666667,0.9733333333333334,-0.013333333333333308,0.6666666666666666,0.5952380952380952,-0.0714285714285714,3,3
5,0.04809461967501572,-1.3179035052508339,legacy67,minmax,0.7247619047619049,0.562857142857143,-0.161904761904762,0.9866666666666667,0.92,-0.06666666666666665,0.7380952380952381,0.6428571428571429,-0.09523809523809523,3,3
5,0.05337032762603955,-1.2727001311715975,legacy67,minmax,0.7247619047619049,0.562857142857143,-0.161904761904762,0.9866666666666667,0.92,-0.06666666666666665,0.7380952380952381,0.6428571428571429,-0.09523809523809523,3,3
5,0.05415244119402536,-1.2663819605862647,legacy67,minmax,0.7247619047619049,0.562857142857143,-0.161904761904762,0.9866666666666667,0.92,-0.06666666666666665,0.7380952380952381,0.6428571428571429,-0.09523809523809523,3,3
5,0.05488047000766042,-1.2605821778978918,legacy67,minmax,0.7247619047619049,0.562857142857143,-0.161904761904762,0.9866666666666667,0.92,-0.06666666666666665,0.7380952380952381,0.6428571428571429,-0.09523809523809523,4,3
5,0.060803901902965994,-1.2160685503234192,legacy67,minmax,0.6980952380952381,0.562857142857143,-0.13523809523809516,0.96,0.92,-0.039999999999999925,0.7380952380952381,0.6428571428571429,-0.09523809523809523,6,3
5,0.06235377135673155,-1.2051372738633104,legacy67,minmax,0.6847619047619049,0.562857142857143,-0.12190476190476196,0.9466666666666667,0.92,-0.026666666666666616,0.7380952380952381,0.6428571428571429,-0.09523809523809523,7,3
5,0.06290644294586147,-1.201304871366561,legacy67,minmax,0.6847619047619049,0.562857142857143,-0.12190476190476196,0.9466666666666667,0.92,-0.026666666666666616,0.7380952380952381,0.6428571428571429,-0.09523809523809523,7,3
5,0.07068974950624601,-1.1506435572868954,legacy67,minmax,0.6847619047619049,0.562857142857143,-0.12190476190476196,0.9466666666666667,0.92,-0.026666666666666616,0.7380952380952381,0.6428571428571429,-0.09523809523809523,7,3
5,0.10842262717330158,-0.9648800735999323,legacy67,minmax,0.6714285714285715,0.5866666666666667,-0.08476190476190482,0.9333333333333333,0.92,-0.013333333333333308,0.7380952380952381,0.6666666666666666,-0.07142857142857151,8,5
5,0.12172958098369964,-0.9146038729044164,legacy67,minmax,0.6952380952380952,0.5866666666666667,-0.10857142857142854,0.9333333333333333,0.92,-0.013333333333333308,0.7619047619047619,0.6666666666666666,-0.09523809523809523,8,5
5,0.1329652145729951,-0.876261961250477,legacy67,minmax,0.6819047619047618,0.5866666666666667,-0.09523809523809512,0.92,0.92,0.0,0.7619047619047619,0.6666666666666666,-0.09523809523809523,9,5
5,0.14618962793704957,-0.8350834392078323,legacy67,minmax,0.7057142857142857,0.6342857142857143,-0.0714285714285714,0.92,0.92,0.0,0.7857142857142857,0.7142857142857143,-0.0714285714285714,9,5
5,0.14742753159914665,-0.8314214058591274,legacy67,minmax,0.7295238095238097,0.6342857142857143,-0.09523809523809534,0.92,0.92,0.0,0.8095238095238095,0.7142857142857143,-0.09523809523809523,9,5
5,0.16480446427978968,-0.7830310281618491,legacy67,minmax,0.7295238095238097,0.6342857142857143,-0.09523809523809534,0.92,0.92,0.0,0.8095238095238095,0.7142857142857143,-0.09523809523809523,11,6
5,0.16536937182824418,-0.7815449233065173,legacy67,minmax,0.7295238095238097,0.6342857142857143,-0.09523809523809534,0.92,0.92,0.0,0.8095238095238095,0.7142857142857143,-0.09523809523809523,11,6
5,0.1753594952976441,-0.7560707131373512,legacy67,minmax,0.7295238095238097,0.6342857142857143,-0.09523809523809534,0.92,0.92,0.0,0.8095238095238095,0.7142857142857143,-0.09523809523809523,11,6
5,0.17654048052495064,-0.7531556956423562,legacy67,minmax,0.7295238095238097,0.6342857142857143,-0.09523809523809534,0.92,0.92,0.0,0.8095238095238095,0.7142857142857143,-0.09523809523809523,12,6
5,0.1998634077852887,-0.6992667118930118,legacy67,minmax,0.7295238095238097,0.6342857142857143,-0.09523809523809534,0.92,0.92,0.0,0.8095238095238095,0.7142857142857143,-0.09523809523809523,15,6
5,0.2001342062287997,-0.6986786769469426,legacy67,minmax,0.7295238095238097,0.6342857142857143,-0.09523809523809534,0.92,0.92,0.0,0.8095238095238095,0.7142857142857143,-0.09523809523809523,15,6
5,0.21066486017042194,-0.6764079005894033,legacy67,minmax,0.7295238095238097,0.6342857142857143,-0.09523809523809534,0.92,0.92,0.0,0.8095238095238095,0.7142857142857143,-0.09523809523809523,15,6
5,0.2673088310781669,-0.5729866932256429,legacy67,minmax,0.7295238095238097,0.7028571428571428,-0.02666666666666684,0.92,0.8933333333333333,-0.026666666666666727,0.8095238095238095,0.8095238095238095,0.0,16,7
5,0.2715581955282939,-0.5661370858229096,legacy67,minmax,0.7295238095238097,0.7028571428571428,-0.02666666666666684,0.92,0.8933333333333333,-0.026666666666666727,0.8095238095238095,0.8095238095238095,0.0,16,7
5,0.292043384718141,-0.5345526268252332,legacy67,minmax,0.7295238095238097,0.7028571428571428,-0.02666666666666684,0.92,0.8933333333333333,-0.026666666666666727,0.8095238095238095,0.8095238095238095,0.0,17,7
5,0.314891164795686,-0.50183952461055,legacy67,minmax,0.7295238095238097,0.7028571428571428,-0.02666666666666684,0.92,0.8933333333333333,-0.026666666666666727,0.8095238095238095,0.8095238095238095,0.0,16,7
5,0.35868164986275475,-0.44529084124207197,legacy67,minmax,0.7638095238095237,0.7028571428571428,-0.06095238095238087,0.9066666666666666,0.8933333333333333,-0.013333333333333308,0.8571428571428571,0.8095238095238095,-0.04761904761904756,16,8
5,0.5130551760589832,-0.2898359265658015,legacy67,minmax,0.7504761904761903,0.7609523809523808,0.010476190476190528,0.8933333333333333,0.88,-0.013333333333333308,0.8571428571428571,0.8809523809523809,0.023809523809523836,17,8
5,0.5342937261279772,-0.27221992543153695,legacy67,minmax,0.7504761904761903,0.7609523809523808,0.010476190476190528,0.8933333333333333,0.88,-0.013333333333333308,0.8571428571428571,0.8809523809523809,0.023809523809523836,17,8
5,0.5762487216478598,-0.23939002504159476,legacy67,minmax,0.7504761904761903,0.7609523809523808,0.010476190476190528,0.8933333333333333,0.88,-0.013333333333333308,0.8571428571428571,0.8809523809523809,0.023809523809523836,17,8
5,0.6672367170464204,-0.17572006313185626,legacy67,minmax,0.7638095238095237,0.7609523809523808,-0.0028571428571428914,0.9066666666666666,0.88,-0.026666666666666616,0.8571428571428571,0.8809523809523809,0.023809523809523836,19,8
5,0.7742116473996242,-0.1111402993522028,legacy67,minmax,0.7638095238095237,0.7609523809523808,-0.0028571428571428914,0.9066666666666666,0.88,-0.026666666666666616,0.8571428571428571,0.8809523809523809,0.023809523809523836,19,8
5,0.9444574254983555,-0.02481761454243703,legacy67,minmax,0.7638095238095237,0.7609523809523808,-0.0028571428571428914,0.9066666666666666,0.88,-0.026666666666666616,0.8571428571428571,0.8809523809523809,0.023809523809523836,19,8
5,0.9565499215943818,-0.019292359554919238,legacy67,minmax,0.7638095238095237,0.7609523809523808,-0.0028571428571428914,0.9066666666666666,0.88,-0.026666666666666616,0.8571428571428571,0.8809523809523809,0.023809523809523836,19,8
5,1.1400863701127315,0.0569377536544464,legacy67,minmax,0.7638095238095237,0.8085714285714287,0.044761904761905,0.9066666666666666,0.88,-0.026666666666666616,0.8571428571428571,0.9285714285714286,0.07142857142857151,21,8
5,1.2030178871154662,0.08027208471124325,legacy67,minmax,0.7504761904761903,0.8085714285714287,0.05809523809523842,0.8933333333333333,0.88,-0.013333333333333308,0.8571428571428571,0.9285714285714286,0.07142857142857151,21,8
5,1.2329098365270508,0.0909313175279762,legacy67,minmax,0.7504761904761903,0.8085714285714287,0.05809523809523842,0.8933333333333333,0.88,-0.013333333333333308,0.8571428571428571,0.9285714285714286,0.07142857142857151,21,8
5,1.2561043700013554,0.09902572652895136,legacy67,minmax,0.7504761904761903,0.8085714285714287,0.05809523809523842,0.8933333333333333,0.88,-0.013333333333333308,0.8571428571428571,0.9285714285714286,0.07142857142857151,21,8
5,1.4817820606039076,0.17078433263299386,legacy67,minmax,0.7266666666666666,0.8085714285714287,0.08190476190476215,0.8933333333333333,0.88,-0.013333333333333308,0.8333333333333334,0.9285714285714286,0.09523809523809523,22,8
5,1.5375920235481748,0.1868411173731186,legacy67,minmax,0.7266666666666666,0.8085714285714287,0.08190476190476215,0.8933333333333333,0.88,-0.013333333333333308,0.8333333333333334,0.9285714285714286,0.09523809523809523,24,8
5,1.7583640270008503,0.24510879027798493,legacy67,minmax,0.74,0.8085714285714287,0.06857142857142873,0.9066666666666666,0.88,-0.026666666666666616,0.8333333333333334,0.9285714285714286,0.09523809523809523,25,8
5,2.34238498471129,0.36965827544816987,legacy67,minmax,0.74,0.8085714285714287,0.06857142857142873,0.9066666666666666,0.88,-0.026666666666666616,0.8333333333333334,0.9285714285714286,0.09523809523809523,27,9
5,2.4637685958997446,0.39159991524434057,legacy67,minmax,0.74,0.8085714285714287,0.06857142857142873,0.9066666666666666,0.88,-0.026666666666666616,0.8333333333333334,0.9285714285714286,0.09523809523809523,27,9
5,2.4810409748678097,0.3946339367881464,legacy67,minmax,0.74,0.8085714285714287,0.06857142857142873,0.9066666666666666,0.88,-0.026666666666666616,0.8333333333333334,0.9285714285714286,0.09523809523809523,27,9
5,2.5378155082656626,0.40446004697283516,legacy67,minmax,0.74,0.8085714285714287,0.06857142857142873,0.9066666666666666,0.88,-0.026666666666666616,0.8333333333333334,0.9285714285714286,0.09523809523809523,27,9
5,2.692646910086177,0.43017940760575346,legacy67,minmax,0.7638095238095237,0.8085714285714287,0.044761904761905,0.9066666666666666,0.88,-0.026666666666666616,0.8571428571428571,0.9285714285714286,0.07142857142857151,27,9
5,2.801635158716258,0.4474115788895179,legacy67,minmax,0.7638095238095237,0.8085714285714287,0.044761904761905,0.9066666666666666,0.88,-0.026666666666666616,0.8571428571428571,0.9285714285714286,0.07142857142857151,27,9
5,3.113095956122122,0.4931925073102317,legacy67,minmax,0.7638095238095237,0.8085714285714287,0.044761904761905,0.9066666666666666,0.88,-0.026666666666666616,0.8571428571428571,0.9285714285714286,0.07142857142857151,27,9
5,3.550012525851159,0.5502298854208525,legacy67,minmax,0.7771428571428571,0.8085714285714287,0.03142857142857158,0.92,0.88,-0.040000000000000036,0.8571428571428571,0.9285714285714286,0.07142857142857151,29,9
5,4.467752817973904,0.6500891374159279,legacy67,minmax,0.7771428571428571,0.8085714285714287,0.03142857142857158,0.92,0.88,-0.040000000000000036,0.8571428571428571,0.9285714285714286,0.07142857142857151,31,9
5,5.456725485601473,0.7369321060486276,legacy67,minmax,0.7771428571428571,0.8085714285714287,0.03142857142857158,0.92,0.88,-0.040000000000000036,0.8571428571428571,0.9285714285714286,0.07142857142857151,31,9
5,6.72093005015611,0.8274293753904685,legacy67,minmax,0.7771428571428571,0.8085714285714287,0.03142857142857158,0.92,0.88,-0.040000000000000036,0.8571428571428571,0.9285714285714286,0.07142857142857151,32,9
5,6.7965780907581514,0.832290311184182,legacy67,minmax,0.7771428571428571,0.8085714285714287,0.03142857142857158,0.92,0.88,-0.040000000000000036,0.8571428571428571,0.9285714285714286,0.07142857142857151,32,9
5,7.128188058401357,0.85297914889198,legacy67,minmax,0.7771428571428571,0.8085714285714287,0.03142857142857158,0.92,0.88,-0.040000000000000036,0.8571428571428571,0.9285714285714286,0.07142857142857151,32,9
5,8.241925264876443,0.9160286721639492,legacy67,minmax,0.7904761904761903,0.8085714285714287,0.018095238095238386,0.9333333333333333,0.88,-0.053333333333333344,0.8571428571428571,0.9285714285714286,0.07142857142857151,32,9
5,8.287522363768153,0.9184247133522563,legacy67,minmax,0.7904761904761903,0.8085714285714287,0.018095238095238386,0.9333333333333333,0.88,-0.053333333333333344,0.8571428571428571,0.9285714285714286,0.07142857142857151,32,9
5,8.471801418819974,0.9279757672456204,legacy67,minmax,0.7904761904761903,0.8085714285714287,0.018095238095238386,0.9333333333333333,0.88,-0.053333333333333344,0.8571428571428571,0.9285714285714286,0.07142857142857151,32,9
5,11.044350847124681,1.0431401944675898,legacy67,minmax,0.7904761904761903,0.8085714285714287,0.018095238095238386,0.9333333333333333,0.88,-0.053333333333333344,0.8571428571428571,0.9285714285714286,0.07142857142857151,32,27
5,12.130221181165155,1.083868719818244,legacy67,minmax,0.7904761904761903,0.8085714285714287,0.018095238095238386,0.9333333333333333,0.88,-0.053333333333333344,0.8571428571428571,0.9285714285714286,0.07142857142857151,32,27
5,12.164139351417056,1.085081386743783,legacy67,minmax,0.7904761904761903,0.8085714285714287,0.018095238095238386,0.9333333333333333,0.88,-0.053333333333333344,0.8571428571428571,0.9285714285714286,0.07142857142857151,32,27
5,12.273800987852958,1.0889790771866297,legacy67,minmax,0.7904761904761903,0.8085714285714287,0.018095238095238386,0.9333333333333333,0.88,-0.053333333333333344,0.8571428571428571,0.9285714285714286,0.07142857142857151,32,27
5,12.604664585649452,1.1005312934444582,legacy67,minmax,0.7904761904761903,0.8085714285714287,0.018095238095238386,0.9333333333333333,0.88,-0.053333333333333344,0.8571428571428571,0.9285714285714286,0.07142857142857151,32,27
5,13.826232179369853,1.1407038455720544,legacy67,minmax,0.7904761904761903,0.8085714285714287,0.018095238095238386,0.9333333333333333,0.88,-0.053333333333333344,0.8571428571428571,0.9285714285714286,0.07142857142857151,32,27
5,16.172900811143133,1.2087879230161587,legacy67,minmax,0.7904761904761903,0.8085714285714287,0.018095238095238386,0.9333333333333333,0.88,-0.053333333333333344,0.8571428571428571,0.9285714285714286,0.07142857142857151,32,27
5,17.123375973163967,1.2335893924658445,legacy67,minmax,0.7904761904761903,0.8085714285714287,0.018095238095238386,0.9333333333333333,0.88,-0.053333333333333344,0.8571428571428571,0.9285714285714286,0.07142857142857151,32,27
5,18.274508859816006,1.2618457138193366,legacy67,minmax,0.7904761904761903,0.8085714285714287,0.018095238095238386,0.9333333333333333,0.88,-0.053333333333333344,0.8571428571428571,0.9285714285714286,0.07142857142857151,32,27
5,20.65142557895924,1.3149500366077174,legacy67,minmax,0.7904761904761903,0.8085714285714287,0.018095238095238386,0.9333333333333333,0.88,-0.053333333333333344,0.8571428571428571,0.9285714285714286,0.07142857142857151,33,27
5,21.36832907235874,1.329770563201687,legacy67,minmax,0.7904761904761903,0.8085714285714287,0.018095238095238386,0.9333333333333333,0.88,-0.053333333333333344,0.8571428571428571,0.9285714285714286,0.07142857142857151,33,27
5,28.340904295147727,1.452413703502374,legacy67,minmax,0.7904761904761903,0.8085714285714287,0.018095238095238386,0.9333333333333333,0.88,-0.053333333333333344,0.8571428571428571,0.9285714285714286,0.07142857142857151,33,27
5,29.154431891537524,1.4647045830997407,legacy67,minmax,0.7904761904761903,0.8085714285714287,0.018095238095238386,0.9333333333333333,0.88,-0.053333333333333344,0.8571428571428571,0.9285714285714286,0.07142857142857151,33,27
5,35.387588647792384,1.5488509703053062,legacy67,minmax,0.7904761904761903,0.8085714285714287,0.018095238095238386,0.9333333333333333,0.88,-0.053333333333333344,0.8571428571428571,0.9285714285714286,0.07142857142857151,33,27
5,37.95853142670639,1.5793094017105953,legacy67,minmax,0.7904761904761903,0.8085714285714287,0.018095238095238386,0.9333333333333333,0.88,-0.053333333333333344,0.8571428571428571,0.9285714285714286,0.07142857142857151,33,27
5,43.37920697490936,1.6372816083151283,legacy67,minmax,0.7904761904761903,0.8085714285714287,0.018095238095238386,0.9333333333333333,0.88,-0.053333333333333344,0.8571428571428571,0.9285714285714286,0.07142857142857151,33,27
5,48.69640941520897,1.6874969400924673,legacy67,minmax,0.7771428571428571,0.8085714285714287,0.03142857142857158,0.92,0.88,-0.040000000000000036,0.8571428571428571,0.9285714285714286,0.07142857142857151,33,27
5,57.279044707996185,1.7579957662567565,legacy67,minmax,0.7771428571428571,0.8085714285714287,0.03142857142857158,0.92,0.88,-0.040000000000000036,0.8571428571428571,0.9285714285714286,0.07142857142857151,33,27
5,62.45139574743064,1.795542149013333,legacy67,minmax,0.7771428571428571,0.8085714285714287,0.03142857142857158,0.92,0.88,-0.040000000000000036,0.8571428571428571,0.9285714285714286,0.07142857142857151,33,27
5,63.512210106406926,1.8028572256396647,legacy67,minmax,0.7771428571428571,0.8085714285714287,0.03142857142857158,0.92,0.88,-0.040000000000000036,0.8571428571428571,0.9285714285714286,0.07142857142857151,33,27
5,72.86653737491037,1.8625281322982374,legacy67,minmax,0.7771428571428571,0.8085714285714287,0.03142857142857158,0.92,0.88,-0.040000000000000036,0.8571428571428571,0.9285714285714286,0.07142857142857151,33,28
5,75.56810141274423,1.8783385110582342,legacy67,minmax,0.7771428571428571,0.8085714285714287,0.03142857142857158,0.92,0.88,-0.040000000000000036,0.8571428571428571,0.9285714285714286,0.07142857142857151,33,28
5,75.79479953347995,1.8796394086479773,legacy67,minmax,0.7771428571428571,0.8085714285714287,0.03142857142857158,0.92,0.88,-0.040000000000000036,0.8571428571428571,0.9285714285714286,0.07142857142857151,33,28
5,88.62326508576248,1.9475477464020692,legacy67,minmax,0.7771428571428571,0.8085714285714287,0.03142857142857158,0.92,0.88,-0.040000000000000036,0.8571428571428571,0.9285714285714286,0.07142857142857151,33,28
6,0.010521761868451128,-1.9779115315055904,legacy67,minmax,0.0,0.0,0.0,1.0,1.0,0.0,0.0,0.0,0.0,0,0
6,0.012087541473056955,-1.9176620228167902,legacy67,minmax,0.0,0.0,0.0,1.0,1.0,0.0,0.0,0.0,0.0,0,0
6,0.01263794633808287,-1.8983234930236192,legacy67,minmax,0.0,0.0,0.0,1.0,1.0,0.0,0.0,0.0,0.0,0,0
6,0.013726318898045865,-1.8624459155391264,legacy67,minmax,0.0,0.0,0.0,1.0,1.0,0.0,0.0,0.0,0.0,0,0
6,0.0151673306880762,-1.8190908443578477,legacy67,minmax,0.0,0.0,0.0,1.0,1.0,0.0,0.0,0.0,0.0,0,0
6,0.015339162591163618,-1.814198349120009,legacy67,minmax,0.0,0.0,0.0,1.0,1.0,0.0,0.0,0.0,0.0,0,0
6,0.017073967431528118,-1.7676655513272022,legacy67,minmax,0.0,0.0,0.0,1.0,1.0,0.0,0.0,0.0,0.0,0,0
6,0.017956984225677628,-1.7457665988559055,legacy67,minmax,0.0,0.0,0.0,1.0,1.0,0.0,0.0,0.0,0.0,0,0
6,0.018205657658407252,-1.739793628058882,legacy67,minmax,0.0,0.0,0.0,1.0,1.0,0.0,0.0,0.0,0.0,0,0
6,0.019777828512462715,-1.7038213930636386,legacy67,minmax,0.0,0.0,0.0,1.0,1.0,0.0,0.0,0.0,0.0,3,1
6,0.01987021538542862,-1.7017974252809167,legacy67,minmax,0.0,0.0,0.0,1.0,1.0,0.0,0.0,0.0,0.0,4,1
6,0.022592797420156945,-1.646029991792322,legacy67,minmax,0.11904761904761907,0.0,-0.11904761904761907,1.0,1.0,0.0,0.11904761904761904,0.0,-0.11904761904761904,4,1
6,0.024586032763280048,-1.6093115439744645,legacy67,minmax,0.30952380952380953,0.6190476190476191,0.30952380952380953,1.0,1.0,0.0,0.30952380952380953,0.6190476190476191,0.30952380952380953,4,1
6,0.027012557725439066,-1.5684342920267822,legacy67,minmax,0.40476190476190466,0.6190476190476191,0.2142857142857144,1.0,1.0,0.0,0.40476190476190477,0.6190476190476191,0.2142857142857143,4,2
6,0.029072088906598435,-1.5365237618994811,legacy67,minmax,0.45238095238095233,0.6190476190476191,0.16666666666666674,1.0,1.0,0.0,0.4523809523809524,0.6190476190476191,0.16666666666666669,4,2
6,0.030086868214458433,-1.5216230162467932,legacy67,minmax,0.5,0.6190476190476191,0.11904761904761907,1.0,1.0,0.0,0.5,0.6190476190476191,0.11904761904761907,4,2
6,0.030771802712506853,-1.5118470606208847,legacy67,minmax,0.5,0.6190476190476191,0.11904761904761907,1.0,1.0,0.0,0.5,0.6190476190476191,0.11904761904761907,4,2
6,0.036138942712165265,-1.4420245573918327,legacy67,minmax,0.5952380952380953,0.6190476190476191,0.023809523809523725,1.0,1.0,0.0,0.5952380952380952,0.6190476190476191,0.023809523809523836,4,2
6,0.03661819220392428,-1.4363031001009494,legacy67,minmax,0.5952380952380953,0.6190476190476191,0.023809523809523725,1.0,1.0,0.0,0.5952380952380952,0.6190476190476191,0.023809523809523836,4,2
6,0.04207053950287936,-1.3760219186551894,legacy67,minmax,0.5952380952380953,0.6190476190476191,0.023809523809523725,1.0,1.0,0.0,0.5952380952380952,0.6190476190476191,0.023809523809523836,5,2
6,0.04207988669606635,-1.375925438230254,legacy67,minmax,0.5952380952380953,0.6190476190476191,0.023809523809523725,1.0,1.0,0.0,0.5952380952380952,0.6190476190476191,0.023809523809523836,5,2
6,0.04809461967501572,-1.3179035052508339,legacy67,minmax,0.6428571428571428,0.6666666666666665,0.023809523809523725,1.0,1.0,0.0,0.6428571428571429,0.6666666666666666,0.023809523809523725,5,4
6,0.05337032762603955,-1.2727001311715975,legacy67,minmax,0.6666666666666665,0.6904761904761905,0.023809523809523947,1.0,1.0,0.0,0.6666666666666666,0.6904761904761905,0.023809523809523836,5,5
6,0.05415244119402536,-1.2663819605862647,legacy67,minmax,0.6666666666666665,0.6904761904761905,0.023809523809523947,1.0,1.0,0.0,0.6666666666666666,0.6904761904761905,0.023809523809523836,5,5
6,0.05488047000766042,-1.2605821778978918,legacy67,minmax,0.6666666666666665,0.6904761904761905,0.023809523809523947,1.0,1.0,0.0,0.6666666666666666,0.6904761904761905,0.023809523809523836,5,5
6,0.060803901902965994,-1.2160685503234192,legacy67,minmax,0.6904761904761905,0.7380952380952381,0.04761904761904767,1.0,1.0,0.0,0.6904761904761905,0.7380952380952381,0.04761904761904767,5,5
6,0.06235377135673155,-1.2051372738633104,legacy67,minmax,0.6904761904761905,0.7380952380952381,0.04761904761904767,1.0,1.0,0.0,0.6904761904761905,0.7380952380952381,0.04761904761904767,5,5
6,0.06290644294586147,-1.201304871366561,legacy67,minmax,0.6904761904761905,0.7857142857142856,0.09523809523809512,1.0,1.0,0.0,0.6904761904761905,0.7857142857142857,0.09523809523809523,5,5
6,0.07068974950624601,-1.1506435572868954,legacy67,minmax,0.7142857142857144,0.7857142857142856,0.07142857142857117,1.0,1.0,0.0,0.7142857142857143,0.7857142857142857,0.0714285714285714,6,6
6,0.10842262717330158,-0.9648800735999323,legacy67,minmax,0.7619047619047619,0.8095238095238095,0.04761904761904767,1.0,1.0,0.0,0.7619047619047619,0.8095238095238095,0.04761904761904767,8,10
6,0.12172958098369964,-0.9146038729044164,legacy67,minmax,0.8333333333333335,0.8095238095238095,-0.023809523809523947,1.0,1.0,0.0,0.8333333333333334,0.8095238095238095,-0.023809523809523836,8,10
6,0.1329652145729951,-0.876261961250477,legacy67,minmax,0.7857142857142856,0.8095238095238095,0.023809523809523947,1.0,1.0,0.0,0.7857142857142857,0.8095238095238095,0.023809523809523836,9,10
6,0.14618962793704957,-0.8350834392078323,legacy67,minmax,0.8095238095238095,0.8095238095238095,0.0,1.0,1.0,0.0,0.8095238095238095,0.8095238095238095,0.0,10,10
6,0.14742753159914665,-0.8314214058591274,legacy67,minmax,0.8095238095238095,0.8095238095238095,0.0,1.0,1.0,0.0,0.8095238095238095,0.8095238095238095,0.0,10,10
6,0.16480446427978968,-0.7830310281618491,legacy67,minmax,0.8095238095238095,0.8095238095238095,0.0,1.0,1.0,0.0,0.8095238095238095,0.8095238095238095,0.0,11,10
6,0.16536937182824418,-0.7815449233065173,legacy67,minmax,0.8095238095238095,0.8095238095238095,0.0,1.0,1.0,0.0,0.8095238095238095,0.8095238095238095,0.0,11,10
6,0.1753594952976441,-0.7560707131373512,legacy67,minmax,0.8095238095238095,0.8095238095238095,0.0,1.0,1.0,0.0,0.8095238095238095,0.8095238095238095,0.0,11,9
6,0.17654048052495064,-0.7531556956423562,legacy67,minmax,0.8095238095238095,0.8095238095238095,0.0,1.0,1.0,0.0,0.8095238095238095,0.8095238095238095,0.0,11,9
6,0.1998634077852887,-0.6992667118930118,legacy67,minmax,0.7961904761904761,0.7961904761904761,0.0,0.9866666666666667,0.9866666666666667,0.0,0.8095238095238095,0.8095238095238095,0.0,12,9
6,0.2001342062287997,-0.6986786769469426,legacy67,minmax,0.7961904761904761,0.7961904761904761,0.0,0.9866666666666667,0.9866666666666667,0.0,0.8095238095238095,0.8095238095238095,0.0,12,9
6,0.21066486017042194,-0.6764079005894033,legacy67,minmax,0.7961904761904761,0.7961904761904761,0.0,0.9866666666666667,0.9866666666666667,0.0,0.8095238095238095,0.8095238095238095,0.0,12,9
6,0.2673088310781669,-0.5729866932256429,legacy67,minmax,0.7961904761904761,0.7961904761904761,0.0,0.9866666666666667,0.9866666666666667,0.0,0.8095238095238095,0.8095238095238095,0.0,13,9
6,0.2715581955282939,-0.5661370858229096,legacy67,minmax,0.7961904761904761,0.7961904761904761,0.0,0.9866666666666667,0.9866666666666667,0.0,0.8095238095238095,0.8095238095238095,0.0,13,9
6,0.292043384718141,-0.5345526268252332,legacy67,minmax,0.7961904761904761,0.8438095238095238,0.04761904761904767,0.9866666666666667,0.9866666666666667,0.0,0.8095238095238095,0.8571428571428571,0.04761904761904756,14,9
6,0.314891164795686,-0.50183952461055,legacy67,minmax,0.7961904761904761,0.8542857142857143,0.0580952380952382,0.9866666666666667,0.9733333333333334,-0.013333333333333308,0.8095238095238095,0.8809523809523809,0.0714285714285714,15,9
6,0.35868164986275475,-0.44529084124207197,legacy67,minmax,0.7590476190476192,0.8780952380952383,0.11904761904761907,0.9733333333333334,0.9733333333333334,0.0,0.7857142857142857,0.9047619047619048,0.11904761904761907,17,9
6,0.5130551760589832,-0.2898359265658015,legacy67,minmax,0.7828571428571429,0.8780952380952383,0.09523809523809534,0.9733333333333334,0.9733333333333334,0.0,0.8095238095238095,0.9047619047619048,0.09523809523809523,20,10
6,0.5342937261279772,-0.27221992543153695,legacy67,minmax,0.7828571428571429,0.8780952380952383,0.09523809523809534,0.9733333333333334,0.9733333333333334,0.0,0.8095238095238095,0.9047619047619048,0.09523809523809523,20,10
6,0.5762487216478598,-0.23939002504159476,legacy67,minmax,0.7828571428571429,0.8780952380952383,0.09523809523809534,0.9733333333333334,0.9733333333333334,0.0,0.8095238095238095,0.9047619047619048,0.09523809523809523,22,10
6,0.6672367170464204,-0.17572006313185626,legacy67,minmax,0.8066666666666666,0.8780952380952383,0.07142857142857162,0.9733333333333334,0.9733333333333334,0.0,0.8333333333333334,0.9047619047619048,0.0714285714285714,23,10
6,0.7742116473996242,-0.1111402993522028,legacy67,minmax,0.7457142857142856,0.8780952380952383,0.1323809523809527,0.96,0.9733333333333334,0.01333333333333342,0.7857142857142857,0.9047619047619048,0.11904761904761907,23,10
6,0.9444574254983555,-0.02481761454243703,legacy67,minmax,0.7457142857142856,0.8780952380952383,0.1323809523809527,0.96,0.9733333333333334,0.01333333333333342,0.7857142857142857,0.9047619047619048,0.11904761904761907,24,10
6,0.9565499215943818,-0.019292359554919238,legacy67,minmax,0.7457142857142856,0.8780952380952383,0.1323809523809527,0.96,0.9733333333333334,0.01333333333333342,0.7857142857142857,0.9047619047619048,0.11904761904761907,24,10
6,1.1400863701127315,0.0569377536544464,legacy67,minmax,0.7457142857142856,0.8780952380952383,0.1323809523809527,0.96,0.9733333333333334,0.01333333333333342,0.7857142857142857,0.9047619047619048,0.11904761904761907,25,10
6,1.2030178871154662,0.08027208471124325,legacy67,minmax,0.7457142857142856,0.8780952380952383,0.1323809523809527,0.96,0.9733333333333334,0.01333333333333342,0.7857142857142857,0.9047619047619048,0.11904761904761907,25,10
6,1.2329098365270508,0.0909313175279762,legacy67,minmax,0.7457142857142856,0.8780952380952383,0.1323809523809527,0.96,0.9733333333333334,0.01333333333333342,0.7857142857142857,0.9047619047619048,0.11904761904761907,26,10
6,1.2561043700013554,0.09902572652895136,legacy67,minmax,0.7457142857142856,0.8780952380952383,0.1323809523809527,0.96,0.9733333333333334,0.01333333333333342,0.7857142857142857,0.9047619047619048,0.11904761904761907,26,10
6,1.4817820606039076,0.17078433263299386,legacy67,minmax,0.7457142857142856,0.8780952380952383,0.1323809523809527,0.96,0.9733333333333334,0.01333333333333342,0.7857142857142857,0.9047619047619048,0.11904761904761907,26,10
6,1.5375920235481748,0.1868411173731186,legacy67,minmax,0.7457142857142856,0.8780952380952383,0.1323809523809527,0.96,0.9733333333333334,0.01333333333333342,0.7857142857142857,0.9047619047619048,0.11904761904761907,26,10
6,1.7583640270008503,0.24510879027798493,legacy67,minmax,0.7457142857142856,0.8780952380952383,0.1323809523809527,0.96,0.9733333333333334,0.01333333333333342,0.7857142857142857,0.9047619047619048,0.11904761904761907,26,10
6,2.34238498471129,0.36965827544816987,legacy67,minmax,0.7590476190476192,0.8780952380952383,0.11904761904761907,0.9733333333333334,0.9733333333333334,0.0,0.7857142857142857,0.9047619047619048,0.11904761904761907,28,10
6,2.4637685958997446,0.39159991524434057,legacy67,minmax,0.7590476190476192,0.8780952380952383,0.11904761904761907,0.9733333333333334,0.9733333333333334,0.0,0.7857142857142857,0.9047619047619048,0.11904761904761907,29,10
6,2.4810409748678097,0.3946339367881464,legacy67,minmax,0.7590476190476192,0.8780952380952383,0.11904761904761907,0.9733333333333334,0.9733333333333334,0.0,0.7857142857142857,0.9047619047619048,0.11904761904761907,29,10
6,2.5378155082656626,0.40446004697283516,legacy67,minmax,0.7590476190476192,0.8780952380952383,0.11904761904761907,0.9733333333333334,0.9733333333333334,0.0,0.7857142857142857,0.9047619047619048,0.11904761904761907,29,10
6,2.692646910086177,0.43017940760575346,legacy67,minmax,0.7457142857142856,0.8780952380952383,0.1323809523809527,0.96,0.9733333333333334,0.01333333333333342,0.7857142857142857,0.9047619047619048,0.11904761904761907,29,10
6,2.801635158716258,0.4474115788895179,legacy67,minmax,0.7457142857142856,0.8780952380952383,0.1323809523809527,0.96,0.9733333333333334,0.01333333333333342,0.7857142857142857,0.9047619047619048,0.11904761904761907,30,10
6,3.113095956122122,0.4931925073102317,legacy67,minmax,0.7457142857142856,0.8780952380952383,0.1323809523809527,0.96,0.9733333333333334,0.01333333333333342,0.7857142857142857,0.9047619047619048,0.11904761904761907,31,10
6,3.550012525851159,0.5502298854208525,legacy67,minmax,0.7219047619047618,0.8780952380952383,0.15619047619047643,0.96,0.9733333333333334,0.01333333333333342,0.7619047619047619,0.9047619047619048,0.1428571428571429,31,10
6,4.467752817973904,0.6500891374159279,legacy67,minmax,0.7219047619047618,0.8780952380952383,0.15619047619047643,0.96,0.9733333333333334,0.01333333333333342,0.7619047619047619,0.9047619047619048,0.1428571428571429,31,10
6,5.456725485601473,0.7369321060486276,legacy67,minmax,0.7219047619047618,0.8780952380952383,0.15619047619047643,0.96,0.9733333333333334,0.01333333333333342,0.7619047619047619,0.9047619047619048,0.1428571428571429,32,10
6,6.72093005015611,0.8274293753904685,legacy67,minmax,0.7085714285714286,0.8780952380952383,0.16952380952380963,0.9466666666666667,0.9733333333333334,0.026666666666666727,0.7619047619047619,0.9047619047619048,0.1428571428571429,32,10
6,6.7965780907581514,0.832290311184182,legacy67,minmax,0.7085714285714286,0.8780952380952383,0.16952380952380963,0.9466666666666667,0.9733333333333334,0.026666666666666727,0.7619047619047619,0.9047619047619048,0.1428571428571429,32,10
6,7.128188058401357,0.85297914889198,legacy67,minmax,0.7085714285714286,0.8780952380952383,0.16952380952380963,0.9466666666666667,0.9733333333333334,0.026666666666666727,0.7619047619047619,0.9047619047619048,0.1428571428571429,32,10
6,8.241925264876443,0.9160286721639492,legacy67,minmax,0.7085714285714286,0.8780952380952383,0.16952380952380963,0.9466666666666667,0.9733333333333334,0.026666666666666727,0.7619047619047619,0.9047619047619048,0.1428571428571429,32,31
6,8.287522363768153,0.9184247133522563,legacy67,minmax,0.7085714285714286,0.8780952380952383,0.16952380952380963,0.9466666666666667,0.9733333333333334,0.026666666666666727,0.7619047619047619,0.9047619047619048,0.1428571428571429,32,31
6,8.471801418819974,0.9279757672456204,legacy67,minmax,0.7085714285714286,0.8780952380952383,0.16952380952380963,0.9466666666666667,0.9733333333333334,0.026666666666666727,0.7619047619047619,0.9047619047619048,0.1428571428571429,32,31
6,11.044350847124681,1.0431401944675898,legacy67,minmax,0.7085714285714286,0.8780952380952383,0.16952380952380963,0.9466666666666667,0.9733333333333334,0.026666666666666727,0.7619047619047619,0.9047619047619048,0.1428571428571429,33,31
6,12.130221181165155,1.083868719818244,legacy67,minmax,0.6714285714285715,0.8780952380952383,0.20666666666666678,0.9333333333333333,0.9733333333333334,0.040000000000000036,0.7380952380952381,0.9047619047619048,0.16666666666666663,33,31
6,12.164139351417056,1.085081386743783,legacy67,minmax,0.6714285714285715,0.8780952380952383,0.20666666666666678,0.9333333333333333,0.9733333333333334,0.040000000000000036,0.7380952380952381,0.9047619047619048,0.16666666666666663,33,31
6,12.273800987852958,1.0889790771866297,legacy67,minmax,0.6714285714285715,0.8780952380952383,0.20666666666666678,0.9333333333333333,0.9733333333333334,0.040000000000000036,0.7380952380952381,0.9047619047619048,0.16666666666666663,33,31
6,12.604664585649452,1.1005312934444582,legacy67,minmax,0.6580952380952381,0.8780952380952383,0.2200000000000002,0.92,0.9733333333333334,0.053333333333333344,0.7380952380952381,0.9047619047619048,0.16666666666666663,33,31
6,13.826232179369853,1.1407038455720544,legacy67,minmax,0.6580952380952381,0.8780952380952383,0.2200000000000002,0.92,0.9733333333333334,0.053333333333333344,0.7380952380952381,0.9047619047619048,0.16666666666666663,33,31
6,16.172900811143133,1.2087879230161587,legacy67,minmax,0.6580952380952381,0.8780952380952383,0.2200000000000002,0.92,0.9733333333333334,0.053333333333333344,0.7380952380952381,0.9047619047619048,0.16666666666666663,33,31
6,17.123375973163967,1.2335893924658445,legacy67,minmax,0.6580952380952381,0.8780952380952383,0.2200000000000002,0.92,0.9733333333333334,0.053333333333333344,0.7380952380952381,0.9047619047619048,0.16666666666666663,33,31
6,18.274508859816006,1.2618457138193366,legacy67,minmax,0.6580952380952381,0.8780952380952383,0.2200000000000002,0.92,0.9733333333333334,0.053333333333333344,0.7380952380952381,0.9047619047619048,0.16666666666666663,33,31
6,20.65142557895924,1.3149500366077174,legacy67,minmax,0.6580952380952381,0.8780952380952383,0.2200000000000002,0.92,0.9733333333333334,0.053333333333333344,0.7380952380952381,0.9047619047619048,0.16666666666666663,33,32
6,21.36832907235874,1.329770563201687,legacy67,minmax,0.6580952380952381,0.8780952380952383,0.2200000000000002,0.92,0.9733333333333334,0.053333333333333344,0.7380952380952381,0.9047619047619048,0.16666666666666663,33,32
6,28.340904295147727,1.452413703502374,legacy67,minmax,0.6580952380952381,0.8780952380952383,0.2200000000000002,0.92,0.9733333333333334,0.053333333333333344,0.7380952380952381,0.9047619047619048,0.16666666666666663,33,32
6,29.154431891537524,1.4647045830997407,legacy67,minmax,0.6580952380952381,0.8780952380952383,0.2200000000000002,0.92,0.9733333333333334,0.053333333333333344,0.7380952380952381,0.9047619047619048,0.16666666666666663,33,32
6,35.387588647792384,1.5488509703053062,legacy67,minmax,0.6580952380952381,0.8780952380952383,0.2200000000000002,0.92,0.9733333333333334,0.053333333333333344,0.7380952380952381,0.9047619047619048,0.16666666666666663,33,32
6,37.95853142670639,1.5793094017105953,legacy67,minmax,0.6580952380952381,0.8780952380952383,0.2200000000000002,0.92,0.9733333333333334,0.053333333333333344,0.7380952380952381,0.9047619047619048,0.16666666666666663,33,32
6,43.37920697490936,1.6372816083151283,legacy67,minmax,0.6580952380952381,0.8780952380952383,0.2200000000000002,0.92,0.9733333333333334,0.053333333333333344,0.7380952380952381,0.9047619047619048,0.16666666666666663,33,32
6,48.69640941520897,1.6874969400924673,legacy67,minmax,0.6580952380952381,0.8780952380952383,0.2200000000000002,0.92,0.9733333333333334,0.053333333333333344,0.7380952380952381,0.9047619047619048,0.16666666666666663,33,32
6,57.279044707996185,1.7579957662567565,legacy67,minmax,0.6580952380952381,0.8780952380952383,0.2200000000000002,0.92,0.9733333333333334,0.053333333333333344,0.7380952380952381,0.9047619047619048,0.16666666666666663,33,32
6,62.45139574743064,1.795542149013333,legacy67,minmax,0.6580952380952381,0.8780952380952383,0.2200000000000002,0.92,0.9733333333333334,0.053333333333333344,0.7380952380952381,0.9047619047619048,0.16666666666666663,33,32
6,63.512210106406926,1.8028572256396647,legacy67,minmax,0.6580952380952381,0.8780952380952383,0.2200000000000002,0.92,0.9733333333333334,0.053333333333333344,0.7380952380952381,0.9047619047619048,0.16666666666666663,33,32
6,72.86653737491037,1.8625281322982374,legacy67,minmax,0.6580952380952381,0.8780952380952383,0.2200000000000002,0.92,0.9733333333333334,0.053333333333333344,0.7380952380952381,0.9047619047619048,0.16666666666666663,33,32
6,75.56810141274423,1.8783385110582342,legacy67,minmax,0.6580952380952381,0.8780952380952383,0.2200000000000002,0.92,0.9733333333333334,0.053333333333333344,0.7380952380952381,0.9047619047619048,0.16666666666666663,33,32
6,75.79479953347995,1.8796394086479773,legacy67,minmax,0.6580952380952381,0.8780952380952383,0.2200000000000002,0.92,0.9733333333333334,0.053333333333333344,0.7380952380952381,0.9047619047619048,0.16666666666666663,33,32
6,88.62326508576248,1.9475477464020692,legacy67,minmax,0.6580952380952381,0.8780952380952383,0.2200000000000002,0.92,0.9733333333333334,0.053333333333333344,0.7380952380952381,0.9047619047619048,0.16666666666666663,33,32
7,0.010521761868451128,-1.9779115315055904,legacy67,minmax,0.0,0.0,0.0,1.0,1.0,0.0,0.0,0.0,0.0,0,0
7,0.012087541473056955,-1.9176620228167902,legacy67,minmax,0.0,0.0,0.0,1.0,1.0,0.0,0.0,0.0,0.0,0,0
7,0.01263794633808287,-1.8983234930236192,legacy67,minmax,0.0,0.0,0.0,1.0,1.0,0.0,0.0,0.0,0.0,0,0
7,0.013726318898045865,-1.8624459155391264,legacy67,minmax,0.0,0.0,0.0,1.0,1.0,0.0,0.0,0.0,0.0,0,0
7,0.0151673306880762,-1.8190908443578477,legacy67,minmax,0.0,0.0,0.0,1.0,1.0,0.0,0.0,0.0,0.0,0,0
7,0.015339162591163618,-1.814198349120009,legacy67,minmax,0.0,0.0,0.0,1.0,1.0,0.0,0.0,0.0,0.0,0,0
7,0.017073967431528118,-1.7676655513272022,legacy67,minmax,0.0,0.0,0.0,1.0,1.0,0.0,0.0,0.0,0.0,0,0
7,0.017956984225677628,-1.7457665988559055,legacy67,minmax,0.0,0.0,0.0,1.0,1.0,0.0,0.0,0.0,0.0,0,0
7,0.018205657658407252,-1.739793628058882,legacy67,minmax,0.0,0.0,0.0,1.0,1.0,0.0,0.0,0.0,0.0,2,1
7,0.019777828512462715,-1.7038213930636386,legacy67,minmax,0.0,0.0,0.0,1.0,1.0,0.0,0.0,0.0,0.0,2,1
7,0.01987021538542862,-1.7017974252809167,legacy67,minmax,0.0,0.0,0.0,1.0,1.0,0.0,0.0,0.0,0.0,2,1
7,0.022592797420156945,-1.646029991792322,legacy67,minmax,0.09523809523809534,0.0,-0.09523809523809534,1.0,1.0,0.0,0.09523809523809523,0.0,-0.09523809523809523,3,1
7,0.024586032763280048,-1.6093115439744645,legacy67,minmax,0.2857142857142856,0.558095238095238,0.2723809523809524,1.0,0.9866666666666667,-0.013333333333333308,0.2857142857142857,0.5714285714285714,0.2857142857142857,4,1
7,0.027012557725439066,-1.5684342920267822,legacy67,minmax,0.3571428571428572,0.558095238095238,0.20095238095238077,1.0,0.9866666666666667,-0.013333333333333308,0.35714285714285715,0.5714285714285714,0.21428571428571425,4,1
7,0.029072088906598435,-1.5365237618994811,legacy67,minmax,0.3571428571428572,0.558095238095238,0.20095238095238077,1.0,0.9866666666666667,-0.013333333333333308,0.35714285714285715,0.5714285714285714,0.21428571428571425,4,2
7,0.030086868214458433,-1.5216230162467932,legacy67,minmax,0.38095238095238093,0.558095238095238,0.17714285714285705,1.0,0.9866666666666667,-0.013333333333333308,0.38095238095238093,0.5714285714285714,0.19047619047619047,4,2
7,0.030771802712506853,-1.5118470606208847,legacy67,minmax,0.38095238095238093,0.558095238095238,0.17714285714285705,1.0,0.9866666666666667,-0.013333333333333308,0.38095238095238093,0.5714285714285714,0.19047619047619047,4,2
7,0.036138942712165265,-1.4420245573918327,legacy67,minmax,0.558095238095238,0.558095238095238,0.0,0.9866666666666667,0.9866666666666667,0.0,0.5714285714285714,0.5714285714285714,0.0,4,2
7,0.03661819220392428,-1.4363031001009494,legacy67,minmax,0.558095238095238,0.558095238095238,0.0,0.9866666666666667,0.9866666666666667,0.0,0.5714285714285714,0.5714285714285714,0.0,4,2
7,0.04207053950287936,-1.3760219186551894,legacy67,minmax,0.5819047619047619,0.558095238095238,-0.023809523809523947,0.9866666666666667,0.9866666666666667,0.0,0.5952380952380952,0.5714285714285714,-0.023809523809523836,4,2
7,0.04207988669606635,-1.375925438230254,legacy67,minmax,0.5819047619047619,0.558095238095238,-0.023809523809523947,0.9866666666666667,0.9866666666666667,0.0,0.5952380952380952,0.5714285714285714,-0.023809523809523836,4,2
7,0.04809461967501572,-1.3179035052508339,legacy67,minmax,0.5819047619047619,0.558095238095238,-0.023809523809523947,0.9866666666666667,0.9866666666666667,0.0,0.5952380952380952,0.5714285714285714,-0.023809523809523836,5,3
7,0.05337032762603955,-1.2727001311715975,legacy67,minmax,0.6533333333333333,0.6057142857142859,-0.04761904761904745,0.9866666666666667,0.9866666666666667,0.0,0.6666666666666666,0.6190476190476191,-0.04761904761904756,5,5
7,0.05415244119402536,-1.2663819605862647,legacy67,minmax,0.6533333333333333,0.6295238095238096,-0.023809523809523725,0.9866666666666667,0.9866666666666667,0.0,0.6666666666666666,0.6428571428571429,-0.023809523809523725,5,5
7,0.05488047000766042,-1.2605821778978918,legacy67,minmax,0.6533333333333333,0.6295238095238096,-0.023809523809523725,0.9866666666666667,0.9866666666666667,0.0,0.6666666666666666,0.6428571428571429,-0.023809523809523725,5,5
7,0.060803901902965994,-1.2160685503234192,legacy67,minmax,0.6400000000000001,0.6295238095238096,-0.010476190476190528,0.9733333333333334,0.9866666666666667,0.013333333333333308,0.6666666666666666,0.6428571428571429,-0.023809523809523725,6,7
7,0.06235377135673155,-1.2051372738633104,legacy67,minmax,0.6400000000000001,0.6295238095238096,-0.010476190476190528,0.9733333333333334,0.9866666666666667,0.013333333333333308,0.6666666666666666,0.6428571428571429,-0.023809523809523725,6,7
7,0.06290644294586147,-1.201304871366561,legacy67,minmax,0.6400000000000001,0.6295238095238096,-0.010476190476190528,0.9733333333333334,0.9866666666666667,0.013333333333333308,0.6666666666666666,0.6428571428571429,-0.023809523809523725,6,7
7,0.07068974950624601,-1.1506435572868954,legacy67,minmax,0.6400000000000001,0.677142857142857,0.03714285714285692,0.9733333333333334,0.9866666666666667,0.013333333333333308,0.6666666666666666,0.6904761904761905,0.023809523809523836,6,7
7,0.10842262717330158,-0.9648800735999323,legacy67,minmax,0.7457142857142856,0.8438095238095238,0.09809523809523824,0.96,0.9866666666666667,0.026666666666666727,0.7857142857142857,0.8571428571428571,0.0714285714285714,8,8
7,0.12172958098369964,-0.9146038729044164,legacy67,minmax,0.7695238095238095,0.8780952380952383,0.10857142857142876,0.96,0.9733333333333334,0.01333333333333342,0.8095238095238095,0.9047619047619048,0.09523809523809523,12,8
7,0.1329652145729951,-0.876261961250477,legacy67,minmax,0.7457142857142856,0.8780952380952383,0.1323809523809527,0.96,0.9733333333333334,0.01333333333333342,0.7857142857142857,0.9047619047619048,0.11904761904761907,12,8
7,0.14618962793704957,-0.8350834392078323,legacy67,minmax,0.7457142857142856,0.8780952380952383,0.1323809523809527,0.96,0.9733333333333334,0.01333333333333342,0.7857142857142857,0.9047619047619048,0.11904761904761907,13,8
7,0.14742753159914665,-0.8314214058591274,legacy67,minmax,0.7457142857142856,0.8780952380952383,0.1323809523809527,0.96,0.9733333333333334,0.01333333333333342,0.7857142857142857,0.9047619047619048,0.11904761904761907,13,8
7,0.16480446427978968,-0.7830310281618491,legacy67,minmax,0.7457142857142856,0.8780952380952383,0.1323809523809527,0.96,0.9733333333333334,0.01333333333333342,0.7857142857142857,0.9047619047619048,0.11904761904761907,13,8
7,0.16536937182824418,-0.7815449233065173,legacy67,minmax,0.7457142857142856,0.8780952380952383,0.1323809523809527,0.96,0.9733333333333334,0.01333333333333342,0.7857142857142857,0.9047619047619048,0.11904761904761907,13,8
7,0.1753594952976441,-0.7560707131373512,legacy67,minmax,0.7695238095238095,0.8780952380952383,0.10857142857142876,0.96,0.9733333333333334,0.01333333333333342,0.8095238095238095,0.9047619047619048,0.09523809523809523,13,8
7,0.17654048052495064,-0.7531556956423562,legacy67,minmax,0.7695238095238095,0.8780952380952383,0.10857142857142876,0.96,0.9733333333333334,0.01333333333333342,0.8095238095238095,0.9047619047619048,0.09523809523809523,13,8
7,0.1998634077852887,-0.6992667118930118,legacy67,minmax,0.7695238095238095,0.8780952380952383,0.10857142857142876,0.96,0.9733333333333334,0.01333333333333342,0.8095238095238095,0.9047619047619048,0.09523809523809523,14,8
7,0.2001342062287997,-0.6986786769469426,legacy67,minmax,0.7695238095238095,0.8780952380952383,0.10857142857142876,0.96,0.9733333333333334,0.01333333333333342,0.8095238095238095,0.9047619047619048,0.09523809523809523,14,8
7,0.21066486017042194,-0.6764079005894033,legacy67,minmax,0.7695238095238095,0.8780952380952383,0.10857142857142876,0.96,0.9733333333333334,0.01333333333333342,0.8095238095238095,0.9047619047619048,0.09523809523809523,14,8
7,0.2673088310781669,-0.5729866932256429,legacy67,minmax,0.7561904761904761,0.8780952380952383,0.12190476190476218,0.9466666666666667,0.9733333333333334,0.026666666666666727,0.8095238095238095,0.9047619047619048,0.09523809523809523,14,10
7,0.2715581955282939,-0.5661370858229096,legacy67,minmax,0.7561904761904761,0.8780952380952383,0.12190476190476218,0.9466666666666667,0.9733333333333334,0.026666666666666727,0.8095238095238095,0.9047619047619048,0.09523809523809523,14,10
7,0.292043384718141,-0.5345526268252332,legacy67,minmax,0.7561904761904761,0.8647619047619046,0.10857142857142854,0.9466666666666667,0.96,0.013333333333333308,0.8095238095238095,0.9047619047619048,0.09523809523809523,14,9
7,0.314891164795686,-0.50183952461055,legacy67,minmax,0.7561904761904761,0.8647619047619046,0.10857142857142854,0.9466666666666667,0.96,0.013333333333333308,0.8095238095238095,0.9047619047619048,0.09523809523809523,14,9
7,0.35868164986275475,-0.44529084124207197,legacy67,minmax,0.7561904761904761,0.8647619047619046,0.10857142857142854,0.9466666666666667,0.96,0.013333333333333308,0.8095238095238095,0.9047619047619048,0.09523809523809523,14,9
7,0.5130551760589832,-0.2898359265658015,legacy67,minmax,0.78,0.8885714285714286,0.10857142857142854,0.9466666666666667,0.96,0.013333333333333308,0.8333333333333334,0.9285714285714286,0.09523809523809523,19,9
7,0.5342937261279772,-0.27221992543153695,legacy67,minmax,0.78,0.8885714285714286,0.10857142857142854,0.9466666666666667,0.96,0.013333333333333308,0.8333333333333334,0.9285714285714286,0.09523809523809523,19,9
7,0.5762487216478598,-0.23939002504159476,legacy67,minmax,0.78,0.8885714285714286,0.10857142857142854,0.9466666666666667,0.96,0.013333333333333308,0.8333333333333334,0.9285714285714286,0.09523809523809523,19,9
7,0.6672367170464204,-0.17572006313185626,legacy67,minmax,0.7695238095238095,0.8885714285714286,0.11904761904761907,0.96,0.96,0.0,0.8095238095238095,0.9285714285714286,0.11904761904761907,20,9
7,0.7742116473996242,-0.1111402993522028,legacy67,minmax,0.7828571428571429,0.9123809523809523,0.12952380952380937,0.9733333333333334,0.96,-0.01333333333333342,0.8095238095238095,0.9523809523809523,0.1428571428571428,21,9
7,0.9444574254983555,-0.02481761454243703,legacy67,minmax,0.7828571428571429,0.9123809523809523,0.12952380952380937,0.9733333333333334,0.96,-0.01333333333333342,0.8095238095238095,0.9523809523809523,0.1428571428571428,21,9
7,0.9565499215943818,-0.019292359554919238,legacy67,minmax,0.7828571428571429,0.8990476190476189,0.11619047619047596,0.9733333333333334,0.9466666666666667,-0.026666666666666727,0.8095238095238095,0.9523809523809523,0.1428571428571428,21,9
7,1.1400863701127315,0.0569377536544464,legacy67,minmax,0.7828571428571429,0.8990476190476189,0.11619047619047596,0.9733333333333334,0.9466666666666667,-0.026666666666666727,0.8095238095238095,0.9523809523809523,0.1428571428571428,21,9
7,1.2030178871154662,0.08027208471124325,legacy67,minmax,0.7828571428571429,0.8990476190476189,0.11619047619047596,0.9733333333333334,0.9466666666666667,-0.026666666666666727,0.8095238095238095,0.9523809523809523,0.1428571428571428,21,9
7,1.2329098365270508,0.0909313175279762,legacy67,minmax,0.7828571428571429,0.8990476190476189,0.11619047619047596,0.9733333333333334,0.9466666666666667,-0.026666666666666727,0.8095238095238095,0.9523809523809523,0.1428571428571428,21,9
7,1.2561043700013554,0.09902572652895136,legacy67,minmax,0.7590476190476192,0.8990476190476189,0.13999999999999968,0.9733333333333334,0.9466666666666667,-0.026666666666666727,0.7857142857142857,0.9523809523809523,0.16666666666666663,21,9
7,1.4817820606039076,0.17078433263299386,legacy67,minmax,0.7828571428571429,0.8990476190476189,0.11619047619047596,0.9733333333333334,0.9466666666666667,-0.026666666666666727,0.8095238095238095,0.9523809523809523,0.1428571428571428,22,9
7,1.5375920235481748,0.1868411173731186,legacy67,minmax,0.7828571428571429,0.8990476190476189,0.11619047619047596,0.9733333333333334,0.9466666666666667,-0.026666666666666727,0.8095238095238095,0.9523809523809523,0.1428571428571428,23,9
7,1.7583640270008503,0.24510879027798493,legacy67,minmax,0.7933333333333334,0.8990476190476189,0.10571428571428543,0.96,0.9466666666666667,-0.013333333333333308,0.8333333333333334,0.9523809523809523,0.11904761904761896,27,9
7,2.34238498471129,0.36965827544816987,legacy67,minmax,0.7695238095238095,0.8990476190476189,0.12952380952380937,0.96,0.9466666666666667,-0.013333333333333308,0.8095238095238095,0.9523809523809523,0.1428571428571428,27,9
7,2.4637685958997446,0.39159991524434057,legacy67,minmax,0.7695238095238095,0.8990476190476189,0.12952380952380937,0.96,0.9466666666666667,-0.013333333333333308,0.8095238095238095,0.9523809523809523,0.1428571428571428,27,9
7,2.4810409748678097,0.3946339367881464,legacy67,minmax,0.7695238095238095,0.8990476190476189,0.12952380952380937,0.96,0.9466666666666667,-0.013333333333333308,0.8095238095238095,0.9523809523809523,0.1428571428571428,27,9
7,2.5378155082656626,0.40446004697283516,legacy67,minmax,0.7695238095238095,0.8990476190476189,0.12952380952380937,0.96,0.9466666666666667,-0.013333333333333308,0.8095238095238095,0.9523809523809523,0.1428571428571428,27,9
7,2.692646910086177,0.43017940760575346,legacy67,minmax,0.7695238095238095,0.8990476190476189,0.12952380952380937,0.96,0.9466666666666667,-0.013333333333333308,0.8095238095238095,0.9523809523809523,0.1428571428571428,27,9
7,2.801635158716258,0.4474115788895179,legacy67,minmax,0.7695238095238095,0.8990476190476189,0.12952380952380937,0.96,0.9466666666666667,-0.013333333333333308,0.8095238095238095,0.9523809523809523,0.1428571428571428,28,9
7,3.113095956122122,0.4931925073102317,legacy67,minmax,0.7933333333333334,0.8990476190476189,0.10571428571428543,0.96,0.9466666666666667,-0.013333333333333308,0.8333333333333334,0.9523809523809523,0.11904761904761896,29,9
7,3.550012525851159,0.5502298854208525,legacy67,minmax,0.7933333333333334,0.8990476190476189,0.10571428571428543,0.96,0.9466666666666667,-0.013333333333333308,0.8333333333333334,0.9523809523809523,0.11904761904761896,30,9
7,4.467752817973904,0.6500891374159279,legacy67,minmax,0.8038095238095238,0.8990476190476189,0.09523809523809512,0.9466666666666667,0.9466666666666667,0.0,0.8571428571428571,0.9523809523809523,0.09523809523809523,31,9
7,5.456725485601473,0.7369321060486276,legacy67,minmax,0.78,0.8990476190476189,0.11904761904761885,0.9466666666666667,0.9466666666666667,0.0,0.8333333333333334,0.9523809523809523,0.11904761904761896,33,9
7,6.72093005015611,0.8274293753904685,legacy67,minmax,0.7666666666666666,0.8990476190476189,0.13238095238095227,0.9333333333333333,0.9466666666666667,0.013333333333333308,0.8333333333333334,0.9523809523809523,0.11904761904761896,33,9
7,6.7965780907581514,0.832290311184182,legacy67,minmax,0.7666666666666666,0.8990476190476189,0.13238095238095227,0.9333333333333333,0.9466666666666667,0.013333333333333308,0.8333333333333334,0.9523809523809523,0.11904761904761896,33,9
7,7.128188058401357,0.85297914889198,legacy67,minmax,0.7666666666666666,0.8990476190476189,0.13238095238095227,0.9333333333333333,0.9466666666666667,0.013333333333333308,0.8333333333333334,0.9523809523809523,0.11904761904761896,33,9
7,8.241925264876443,0.9160286721639492,legacy67,minmax,0.7904761904761903,0.8990476190476189,0.10857142857142854,0.9333333333333333,0.9466666666666667,0.013333333333333308,0.8571428571428571,0.9523809523809523,0.09523809523809523,32,9
7,8.287522363768153,0.9184247133522563,legacy67,minmax,0.7904761904761903,0.8990476190476189,0.10857142857142854,0.9333333333333333,0.9466666666666667,0.013333333333333308,0.8571428571428571,0.9523809523809523,0.09523809523809523,32,9
7,8.471801418819974,0.9279757672456204,legacy67,minmax,0.7904761904761903,0.8990476190476189,0.10857142857142854,0.9333333333333333,0.9466666666666667,0.013333333333333308,0.8571428571428571,0.9523809523809523,0.09523809523809523,32,9
7,11.044350847124681,1.0431401944675898,legacy67,minmax,0.8142857142857143,0.8990476190476189,0.0847619047619046,0.9333333333333333,0.9466666666666667,0.013333333333333308,0.8809523809523809,0.9523809523809523,0.0714285714285714,31,28
7,12.130221181165155,1.083868719818244,legacy67,minmax,0.8142857142857143,0.8990476190476189,0.0847619047619046,0.9333333333333333,0.9466666666666667,0.013333333333333308,0.8809523809523809,0.9523809523809523,0.0714285714285714,32,28
7,12.164139351417056,1.085081386743783,legacy67,minmax,0.8142857142857143,0.8990476190476189,0.0847619047619046,0.9333333333333333,0.9466666666666667,0.013333333333333308,0.8809523809523809,0.9523809523809523,0.0714285714285714,32,28
7,12.273800987852958,1.0889790771866297,legacy67,minmax,0.8142857142857143,0.8990476190476189,0.0847619047619046,0.9333333333333333,0.9466666666666667,0.013333333333333308,0.8809523809523809,0.9523809523809523,0.0714285714285714,32,28
7,12.604664585649452,1.1005312934444582,legacy67,minmax,0.8142857142857143,0.8990476190476189,0.0847619047619046,0.9333333333333333,0.9466666666666667,0.013333333333333308,0.8809523809523809,0.9523809523809523,0.0714285714285714,32,28
7,13.826232179369853,1.1407038455720544,legacy67,minmax,0.8142857142857143,0.8990476190476189,0.0847619047619046,0.9333333333333333,0.9466666666666667,0.013333333333333308,0.8809523809523809,0.9523809523809523,0.0714285714285714,33,28
7,16.172900811143133,1.2087879230161587,legacy67,minmax,0.7904761904761903,0.8990476190476189,0.10857142857142854,0.9333333333333333,0.9466666666666667,0.013333333333333308,0.8571428571428571,0.9523809523809523,0.09523809523809523,33,28
7,17.123375973163967,1.2335893924658445,legacy67,minmax,0.7904761904761903,0.8990476190476189,0.10857142857142854,0.9333333333333333,0.9466666666666667,0.013333333333333308,0.8571428571428571,0.9523809523809523,0.09523809523809523,33,28
7,18.274508859816006,1.2618457138193366,legacy67,minmax,0.7904761904761903,0.8990476190476189,0.10857142857142854,0.9333333333333333,0.9466666666666667,0.013333333333333308,0.8571428571428571,0.9523809523809523,0.09523809523809523,33,28
7,20.65142557895924,1.3149500366077174,legacy67,minmax,0.7904761904761903,0.8990476190476189,0.10857142857142854,0.9333333333333333,0.9466666666666667,0.013333333333333308,0.8571428571428571,0.9523809523809523,0.09523809523809523,33,28
7,21.36832907235874,1.329770563201687,legacy67,minmax,0.7904761904761903,0.8990476190476189,0.10857142857142854,0.9333333333333333,0.9466666666666667,0.013333333333333308,0.8571428571428571,0.9523809523809523,0.09523809523809523,33,28
7,28.340904295147727,1.452413703502374,legacy67,minmax,0.7904761904761903,0.8990476190476189,0.10857142857142854,0.9333333333333333,0.9466666666666667,0.013333333333333308,0.8571428571428571,0.9523809523809523,0.09523809523809523,33,28
7,29.154431891537524,1.4647045830997407,legacy67,minmax,0.7904761904761903,0.8990476190476189,0.10857142857142854,0.9333333333333333,0.9466666666666667,0.013333333333333308,0.8571428571428571,0.9523809523809523,0.09523809523809523,33,28
7,35.387588647792384,1.5488509703053062,legacy67,minmax,0.7904761904761903,0.8990476190476189,0.10857142857142854,0.9333333333333333,0.9466666666666667,0.013333333333333308,0.8571428571428571,0.9523809523809523,0.09523809523809523,33,28
7,37.95853142670639,1.5793094017105953,legacy67,minmax,0.7904761904761903,0.8990476190476189,0.10857142857142854,0.9333333333333333,0.9466666666666667,0.013333333333333308,0.8571428571428571,0.9523809523809523,0.09523809523809523,33,28
7,43.37920697490936,1.6372816083151283,legacy67,minmax,0.7904761904761903,0.8990476190476189,0.10857142857142854,0.9333333333333333,0.9466666666666667,0.013333333333333308,0.8571428571428571,0.9523809523809523,0.09523809523809523,33,28
7,48.69640941520897,1.6874969400924673,legacy67,minmax,0.7666666666666666,0.8990476190476189,0.13238095238095227,0.9333333333333333,0.9466666666666667,0.013333333333333308,0.8333333333333334,0.9523809523809523,0.11904761904761896,33,28
7,57.279044707996185,1.7579957662567565,legacy67,minmax,0.7666666666666666,0.8990476190476189,0.13238095238095227,0.9333333333333333,0.9466666666666667,0.013333333333333308,0.8333333333333334,0.9523809523809523,0.11904761904761896,33,28
7,62.45139574743064,1.795542149013333,legacy67,minmax,0.7666666666666666,0.8990476190476189,0.13238095238095227,0.9333333333333333,0.9466666666666667,0.013333333333333308,0.8333333333333334,0.9523809523809523,0.11904761904761896,33,28
7,63.512210106406926,1.8028572256396647,legacy67,minmax,0.7666666666666666,0.8990476190476189,0.13238095238095227,0.9333333333333333,0.9466666666666667,0.013333333333333308,0.8333333333333334,0.9523809523809523,0.11904761904761896,33,28
7,72.86653737491037,1.8625281322982374,legacy67,minmax,0.7666666666666666,0.8990476190476189,0.13238095238095227,0.9333333333333333,0.9466666666666667,0.013333333333333308,0.8333333333333334,0.9523809523809523,0.11904761904761896,33,28
7,75.56810141274423,1.8783385110582342,legacy67,minmax,0.7666666666666666,0.8990476190476189,0.13238095238095227,0.9333333333333333,0.9466666666666667,0.013333333333333308,0.8333333333333334,0.9523809523809523,0.11904761904761896,33,28
7,75.79479953347995,1.8796394086479773,legacy67,minmax,0.7666666666666666,0.8990476190476189,0.13238095238095227,0.9333333333333333,0.9466666666666667,0.013333333333333308,0.8333333333333334,0.9523809523809523,0.11904761904761896,33,28
7,88.62326508576248,1.9475477464020692,legacy67,minmax,0.7666666666666666,0.8990476190476189,0.13238095238095227,0.9333333333333333,0.9466666666666667,0.013333333333333308,0.8333333333333334,0.9523809523809523,0.11904761904761896,33,28
8,0.010521761868451128,-1.9779115315055904,legacy67,minmax,0.0,0.0,0.0,1.0,1.0,0.0,0.0,0.0,0.0,0,0
8,0.012087541473056955,-1.9176620228167902,legacy67,minmax,0.0,0.0,0.0,1.0,1.0,0.0,0.0,0.0,0.0,0,0
8,0.01263794633808287,-1.8983234930236192,legacy67,minmax,0.0,0.0,0.0,1.0,1.0,0.0,0.0,0.0,0.0,0,0
8,0.013726318898045865,-1.8624459155391264,legacy67,minmax,0.0,0.0,0.0,1.0,1.0,0.0,0.0,0.0,0.0,0,0
8,0.0151673306880762,-1.8190908443578477,legacy67,minmax,0.0,0.0,0.0,1.0,1.0,0.0,0.0,0.0,0.0,0,0
8,0.015339162591163618,-1.814198349120009,legacy67,minmax,0.0,0.0,0.0,1.0,1.0,0.0,0.0,0.0,0.0,0,0
8,0.017073967431528118,-1.7676655513272022,legacy67,minmax,0.0,0.0,0.0,1.0,1.0,0.0,0.0,0.0,0.0,1,1
8,0.017956984225677628,-1.7457665988559055,legacy67,minmax,0.0,0.0,0.0,1.0,1.0,0.0,0.0,0.0,0.0,1,1
8,0.018205657658407252,-1.739793628058882,legacy67,minmax,0.0,0.0,0.0,1.0,1.0,0.0,0.0,0.0,0.0,1,1
8,0.019777828512462715,-1.7038213930636386,legacy67,minmax,0.0,0.0,0.0,1.0,1.0,0.0,0.0,0.0,0.0,1,1
8,0.01987021538542862,-1.7017974252809167,legacy67,minmax,0.0,0.0,0.0,1.0,1.0,0.0,0.0,0.0,0.0,1,1
8,0.022592797420156945,-1.646029991792322,legacy67,minmax,0.19047619047619047,0.45238095238095233,0.26190476190476186,1.0,1.0,0.0,0.19047619047619047,0.4523809523809524,0.2619047619047619,3,1
8,0.024586032763280048,-1.6093115439744645,legacy67,minmax,0.2857142857142856,0.45238095238095233,0.16666666666666674,1.0,1.0,0.0,0.2857142857142857,0.4523809523809524,0.16666666666666669,3,1
8,0.027012557725439066,-1.5684342920267822,legacy67,minmax,0.33333333333333326,0.45238095238095233,0.11904761904761907,1.0,1.0,0.0,0.3333333333333333,0.4523809523809524,0.11904761904761907,3,1
8,0.029072088906598435,-1.5365237618994811,legacy67,minmax,0.4285714285714286,0.45238095238095233,0.023809523809523725,1.0,1.0,0.0,0.42857142857142855,0.4523809523809524,0.023809523809523836,3,1
8,0.030086868214458433,-1.5216230162467932,legacy67,minmax,0.45238095238095233,0.45238095238095233,0.0,1.0,1.0,0.0,0.4523809523809524,0.4523809523809524,0.0,3,1
8,0.030771802712506853,-1.5118470606208847,legacy67,minmax,0.4761904761904763,0.45238095238095233,-0.023809523809523947,1.0,1.0,0.0,0.47619047619047616,0.4523809523809524,-0.02380952380952378,4,1
8,0.036138942712165265,-1.4420245573918327,legacy67,minmax,0.5714285714285714,0.45238095238095233,-0.11904761904761907,1.0,1.0,0.0,0.5714285714285714,0.4523809523809524,-0.11904761904761901,5,2
8,0.03661819220392428,-1.4363031001009494,legacy67,minmax,0.5714285714285714,0.45238095238095233,-0.11904761904761907,1.0,1.0,0.0,0.5714285714285714,0.4523809523809524,-0.11904761904761901,5,2
8,0.04207053950287936,-1.3760219186551894,legacy67,minmax,0.6190476190476191,0.45238095238095233,-0.16666666666666674,1.0,1.0,0.0,0.6190476190476191,0.4523809523809524,-0.16666666666666669,6,2
8,0.04207988669606635,-1.375925438230254,legacy67,minmax,0.6190476190476191,0.45238095238095233,-0.16666666666666674,1.0,1.0,0.0,0.6190476190476191,0.4523809523809524,-0.16666666666666669,6,2
8,0.04809461967501572,-1.3179035052508339,legacy67,minmax,0.6190476190476191,0.45238095238095233,-0.16666666666666674,1.0,1.0,0.0,0.6190476190476191,0.4523809523809524,-0.16666666666666669,6,3
8,0.05337032762603955,-1.2727001311715975,legacy67,minmax,0.6190476190476191,0.5714285714285714,-0.04761904761904767,1.0,1.0,0.0,0.6190476190476191,0.5714285714285714,-0.04761904761904767,6,3
8,0.05415244119402536,-1.2663819605862647,legacy67,minmax,0.6190476190476191,0.5714285714285714,-0.04761904761904767,1.0,1.0,0.0,0.6190476190476191,0.5714285714285714,-0.04761904761904767,6,3
8,0.05488047000766042,-1.2605821778978918,legacy67,minmax,0.6190476190476191,0.5714285714285714,-0.04761904761904767,1.0,1.0,0.0,0.6190476190476191,0.5714285714285714,-0.04761904761904767,6,5
8,0.060803901902965994,-1.2160685503234192,legacy67,minmax,0.6190476190476191,0.5714285714285714,-0.04761904761904767,1.0,1.0,0.0,0.6190476190476191,0.5714285714285714,-0.04761904761904767,6,5
8,0.06235377135673155,-1.2051372738633104,legacy67,minmax,0.6428571428571428,0.5952380952380953,-0.04761904761904745,1.0,1.0,0.0,0.6428571428571429,0.5952380952380952,-0.04761904761904767,6,5
8,0.06290644294586147,-1.201304871366561,legacy67,minmax,0.6428571428571428,0.5952380952380953,-0.04761904761904745,1.0,1.0,0.0,0.6428571428571429,0.5952380952380952,-0.04761904761904767,6,5
8,0.07068974950624601,-1.1506435572868954,legacy67,minmax,0.6666666666666665,0.6190476190476191,-0.04761904761904745,1.0,1.0,0.0,0.6666666666666666,0.6190476190476191,-0.04761904761904756,6,6
8,0.10842262717330158,-0.9648800735999323,legacy67,minmax,0.6666666666666665,0.7142857142857144,0.047619047619047894,1.0,1.0,0.0,0.6666666666666666,0.7142857142857143,0.04761904761904767,7,8
8,0.12172958098369964,-0.9146038729044164,legacy67,minmax,0.6904761904761905,0.7142857142857144,0.023809523809523947,1.0,1.0,0.0,0.6904761904761905,0.7142857142857143,0.023809523809523836,8,8
8,0.1329652145729951,-0.876261961250477,legacy67,minmax,0.6904761904761905,0.7142857142857144,0.023809523809523947,1.0,1.0,0.0,0.6904761904761905,0.7142857142857143,0.023809523809523836,8,8
8,0.14618962793704957,-0.8350834392078323,legacy67,minmax,0.6904761904761905,0.7142857142857144,0.023809523809523947,1.0,1.0,0.0,0.6904761904761905,0.7142857142857143,0.023809523809523836,10,8
8,0.14742753159914665,-0.8314214058591274,legacy67,minmax,0.6904761904761905,0.7142857142857144,0.023809523809523947,1.0,1.0,0.0,0.6904761904761905,0.7142857142857143,0.023809523809523836,10,8
8,0.16480446427978968,-0.7830310281618491,legacy67,minmax,0.6904761904761905,0.7142857142857144,0.023809523809523947,1.0,1.0,0.0,0.6904761904761905,0.7142857142857143,0.023809523809523836,11,8
8,0.16536937182824418,-0.7815449233065173,legacy67,minmax,0.6904761904761905,0.7142857142857144,0.023809523809523947,1.0,1.0,0.0,0.6904761904761905,0.7142857142857143,0.023809523809523836,11,8
8,0.1753594952976441,-0.7560707131373512,legacy67,minmax,0.7142857142857144,0.7380952380952381,0.023809523809523725,1.0,1.0,0.0,0.7142857142857143,0.7380952380952381,0.023809523809523836,11,9
8,0.17654048052495064,-0.7531556956423562,legacy67,minmax,0.7142857142857144,0.7380952380952381,0.023809523809523725,1.0,1.0,0.0,0.7142857142857143,0.7380952380952381,0.023809523809523836,11,9
8,0.1998634077852887,-0.6992667118930118,legacy67,minmax,0.7142857142857144,0.7619047619047619,0.04761904761904745,1.0,1.0,0.0,0.7142857142857143,0.7619047619047619,0.04761904761904756,12,9
8,0.2001342062287997,-0.6986786769469426,legacy67,minmax,0.7142857142857144,0.7619047619047619,0.04761904761904745,1.0,1.0,0.0,0.7142857142857143,0.7619047619047619,0.04761904761904756,12,9
8,0.21066486017042194,-0.6764079005894033,legacy67,minmax,0.7142857142857144,0.7619047619047619,0.04761904761904745,1.0,1.0,0.0,0.7142857142857143,0.7619047619047619,0.04761904761904756,12,9
8,0.2673088310781669,-0.5729866932256429,legacy67,minmax,0.7142857142857144,0.7619047619047619,0.04761904761904745,1.0,1.0,0.0,0.7142857142857143,0.7619047619047619,0.04761904761904756,13,10
8,0.2715581955282939,-0.5661370858229096,legacy67,minmax,0.7142857142857144,0.7619047619047619,0.04761904761904745,1.0,1.0,0.0,0.7142857142857143,0.7619047619047619,0.04761904761904756,13,10
8,0.292043384718141,-0.5345526268252332,legacy67,minmax,0.7142857142857144,0.7857142857142856,0.07142857142857117,1.0,1.0,0.0,0.7142857142857143,0.7857142857142857,0.0714285714285714,15,10
8,0.314891164795686,-0.50183952461055,legacy67,minmax,0.7142857142857144,0.7857142857142856,0.07142857142857117,1.0,1.0,0.0,0.7142857142857143,0.7857142857142857,0.0714285714285714,15,10
8,0.35868164986275475,-0.44529084124207197,legacy67,minmax,0.7142857142857144,0.7723809523809524,0.05809523809523798,1.0,0.9866666666666667,-0.013333333333333308,0.7142857142857143,0.7857142857142857,0.0714285714285714,17,11
8,0.5130551760589832,-0.2898359265658015,legacy67,minmax,0.6428571428571428,0.7961904761904761,0.15333333333333332,1.0,0.9866666666666667,-0.013333333333333308,0.6428571428571429,0.8095238095238095,0.16666666666666663,19,11
8,0.5342937261279772,-0.27221992543153695,legacy67,minmax,0.6428571428571428,0.8200000000000001,0.17714285714285727,1.0,0.9866666666666667,-0.013333333333333308,0.6428571428571429,0.8333333333333334,0.19047619047619047,20,11
8,0.5762487216478598,-0.23939002504159476,legacy67,minmax,0.6295238095238096,0.8200000000000001,0.19047619047619047,0.9866666666666667,0.9866666666666667,0.0,0.6428571428571429,0.8333333333333334,0.19047619047619047,21,11
8,0.6672367170464204,-0.17572006313185626,legacy67,minmax,0.6295238095238096,0.8200000000000001,0.19047619047619047,0.9866666666666667,0.9866666666666667,0.0,0.6428571428571429,0.8333333333333334,0.19047619047619047,22,10
8,0.7742116473996242,-0.1111402993522028,legacy67,minmax,0.6295238095238096,0.8066666666666666,0.17714285714285705,0.9866666666666667,0.9733333333333334,-0.013333333333333308,0.6428571428571429,0.8333333333333334,0.19047619047619047,24,10
8,0.9444574254983555,-0.02481761454243703,legacy67,minmax,0.6295238095238096,0.8066666666666666,0.17714285714285705,0.9866666666666667,0.9733333333333334,-0.013333333333333308,0.6428571428571429,0.8333333333333334,0.19047619047619047,28,10
8,0.9565499215943818,-0.019292359554919238,legacy67,minmax,0.6295238095238096,0.8066666666666666,0.17714285714285705,0.9866666666666667,0.9733333333333334,-0.013333333333333308,0.6428571428571429,0.8333333333333334,0.19047619047619047,28,10
8,1.1400863701127315,0.0569377536544464,legacy67,minmax,0.6295238095238096,0.8066666666666666,0.17714285714285705,0.9866666666666667,0.9733333333333334,-0.013333333333333308,0.6428571428571429,0.8333333333333334,0.19047619047619047,28,10
8,1.2030178871154662,0.08027208471124325,legacy67,minmax,0.6295238095238096,0.8066666666666666,0.17714285714285705,0.9866666666666667,0.9733333333333334,-0.013333333333333308,0.6428571428571429,0.8333333333333334,0.19047619047619047,28,10
8,1.2329098365270508,0.0909313175279762,legacy67,minmax,0.6295238095238096,0.8066666666666666,0.17714285714285705,0.9866666666666667,0.9733333333333334,-0.013333333333333308,0.6428571428571429,0.8333333333333334,0.19047619047619047,29,10
8,1.2561043700013554,0.09902572652895136,legacy67,minmax,0.6295238095238096,0.8066666666666666,0.17714285714285705,0.9866666666666667,0.9733333333333334,-0.013333333333333308,0.6428571428571429,0.8333333333333334,0.19047619047619047,29,10
8,1.4817820606039076,0.17078433263299386,legacy67,minmax,0.6057142857142859,0.8066666666666666,0.20095238095238077,0.9866666666666667,0.9733333333333334,-0.013333333333333308,0.6190476190476191,0.8333333333333334,0.2142857142857143,28,10
8,1.5375920235481748,0.1868411173731186,legacy67,minmax,0.6057142857142859,0.8066666666666666,0.20095238095238077,0.9866666666666667,0.9733333333333334,-0.013333333333333308,0.6190476190476191,0.8333333333333334,0.2142857142857143,28,10
8,1.7583640270008503,0.24510879027798493,legacy67,minmax,0.6057142857142859,0.8066666666666666,0.20095238095238077,0.9866666666666667,0.9733333333333334,-0.013333333333333308,0.6190476190476191,0.8333333333333334,0.2142857142857143,28,10
8,2.34238498471129,0.36965827544816987,legacy67,minmax,0.5819047619047619,0.8066666666666666,0.22476190476190472,0.9866666666666667,0.9733333333333334,-0.013333333333333308,0.5952380952380952,0.8333333333333334,0.23809523809523814,29,10
8,2.4637685958997446,0.39159991524434057,legacy67,minmax,0.5819047619047619,0.8066666666666666,0.22476190476190472,0.9866666666666667,0.9733333333333334,-0.013333333333333308,0.5952380952380952,0.8333333333333334,0.23809523809523814,29,10
8,2.4810409748678097,0.3946339367881464,legacy67,minmax,0.5819047619047619,0.8066666666666666,0.22476190476190472,0.9866666666666667,0.9733333333333334,-0.013333333333333308,0.5952380952380952,0.8333333333333334,0.23809523809523814,29,10
8,2.5378155082656626,0.40446004697283516,legacy67,minmax,0.5819047619047619,0.8066666666666666,0.22476190476190472,0.9866666666666667,0.9733333333333334,-0.013333333333333308,0.5952380952380952,0.8333333333333334,0.23809523809523814,29,10
8,2.692646910086177,0.43017940760575346,legacy67,minmax,0.5819047619047619,0.8066666666666666,0.22476190476190472,0.9866666666666667,0.9733333333333334,-0.013333333333333308,0.5952380952380952,0.8333333333333334,0.23809523809523814,29,10
8,2.801635158716258,0.4474115788895179,legacy67,minmax,0.6057142857142859,0.8066666666666666,0.20095238095238077,0.9866666666666667,0.9733333333333334,-0.013333333333333308,0.6190476190476191,0.8333333333333334,0.2142857142857143,30,10
8,3.113095956122122,0.4931925073102317,legacy67,minmax,0.6057142857142859,0.8066666666666666,0.20095238095238077,0.9866666666666667,0.9733333333333334,-0.013333333333333308,0.6190476190476191,0.8333333333333334,0.2142857142857143,30,10
8,3.550012525851159,0.5502298854208525,legacy67,minmax,0.6057142857142859,0.8066666666666666,0.20095238095238077,0.9866666666666667,0.9733333333333334,-0.013333333333333308,0.6190476190476191,0.8333333333333334,0.2142857142857143,30,10
8,4.467752817973904,0.6500891374159279,legacy67,minmax,0.6057142857142859,0.8066666666666666,0.20095238095238077,0.9866666666666667,0.9733333333333334,-0.013333333333333308,0.6190476190476191,0.8333333333333334,0.2142857142857143,30,10
8,5.456725485601473,0.7369321060486276,legacy67,minmax,0.6057142857142859,0.8066666666666666,0.20095238095238077,0.9866666666666667,0.9733333333333334,-0.013333333333333308,0.6190476190476191,0.8333333333333334,0.2142857142857143,30,10
8,6.72093005015611,0.8274293753904685,legacy67,minmax,0.6295238095238096,0.8066666666666666,0.17714285714285705,0.9866666666666667,0.9733333333333334,-0.013333333333333308,0.6428571428571429,0.8333333333333334,0.19047619047619047,31,10
8,6.7965780907581514,0.832290311184182,legacy67,minmax,0.6295238095238096,0.8066666666666666,0.17714285714285705,0.9866666666666667,0.9733333333333334,-0.013333333333333308,0.6428571428571429,0.8333333333333334,0.19047619047619047,31,10
8,7.128188058401357,0.85297914889198,legacy67,minmax,0.6295238095238096,0.8066666666666666,0.17714285714285705,0.9866666666666667,0.9733333333333334,-0.013333333333333308,0.6428571428571429,0.8333333333333334,0.19047619047619047,31,10
8,8.241925264876443,0.9160286721639492,legacy67,minmax,0.6295238095238096,0.8066666666666666,0.17714285714285705,0.9866666666666667,0.9733333333333334,-0.013333333333333308,0.6428571428571429,0.8333333333333334,0.19047619047619047,32,10
8,8.287522363768153,0.9184247133522563,legacy67,minmax,0.6295238095238096,0.8066666666666666,0.17714285714285705,0.9866666666666667,0.9733333333333334,-0.013333333333333308,0.6428571428571429,0.8333333333333334,0.19047619047619047,32,10
8,8.471801418819974,0.9279757672456204,legacy67,minmax,0.6295238095238096,0.8066666666666666,0.17714285714285705,0.9866666666666667,0.9733333333333334,-0.013333333333333308,0.6428571428571429,0.8333333333333334,0.19047619047619047,32,10
8,11.044350847124681,1.0431401944675898,legacy67,minmax,0.6295238095238096,0.8066666666666666,0.17714285714285705,0.9866666666666667,0.9733333333333334,-0.013333333333333308,0.6428571428571429,0.8333333333333334,0.19047619047619047,32,25
8,12.130221181165155,1.083868719818244,legacy67,minmax,0.6295238095238096,0.8066666666666666,0.17714285714285705,0.9866666666666667,0.9733333333333334,-0.013333333333333308,0.6428571428571429,0.8333333333333334,0.19047619047619047,32,25
8,12.164139351417056,1.085081386743783,legacy67,minmax,0.6295238095238096,0.8066666666666666,0.17714285714285705,0.9866666666666667,0.9733333333333334,-0.013333333333333308,0.6428571428571429,0.8333333333333334,0.19047619047619047,32,25
8,12.273800987852958,1.0889790771866297,legacy67,minmax,0.6295238095238096,0.8066666666666666,0.17714285714285705,0.9866666666666667,0.9733333333333334,-0.013333333333333308,0.6428571428571429,0.8333333333333334,0.19047619047619047,32,25
8,12.604664585649452,1.1005312934444582,legacy67,minmax,0.6295238095238096,0.8066666666666666,0.17714285714285705,0.9866666666666667,0.9733333333333334,-0.013333333333333308,0.6428571428571429,0.8333333333333334,0.19047619047619047,32,25
8,13.826232179369853,1.1407038455720544,legacy67,minmax,0.6295238095238096,0.8066666666666666,0.17714285714285705,0.9866666666666667,0.9733333333333334,-0.013333333333333308,0.6428571428571429,0.8333333333333334,0.19047619047619047,32,25
8,16.172900811143133,1.2087879230161587,legacy67,minmax,0.6295238095238096,0.8066666666666666,0.17714285714285705,0.9866666666666667,0.9733333333333334,-0.013333333333333308,0.6428571428571429,0.8333333333333334,0.19047619047619047,33,25
8,17.123375973163967,1.2335893924658445,legacy67,minmax,0.6295238095238096,0.8066666666666666,0.17714285714285705,0.9866666666666667,0.9733333333333334,-0.013333333333333308,0.6428571428571429,0.8333333333333334,0.19047619047619047,33,25
8,18.274508859816006,1.2618457138193366,legacy67,minmax,0.6295238095238096,0.8066666666666666,0.17714285714285705,0.9866666666666667,0.9733333333333334,-0.013333333333333308,0.6428571428571429,0.8333333333333334,0.19047619047619047,33,25
8,20.65142557895924,1.3149500366077174,legacy67,minmax,0.6295238095238096,0.8066666666666666,0.17714285714285705,0.9866666666666667,0.9733333333333334,-0.013333333333333308,0.6428571428571429,0.8333333333333334,0.19047619047619047,33,25
8,21.36832907235874,1.329770563201687,legacy67,minmax,0.6295238095238096,0.8066666666666666,0.17714285714285705,0.9866666666666667,0.9733333333333334,-0.013333333333333308,0.6428571428571429,0.8333333333333334,0.19047619047619047,33,25
8,28.340904295147727,1.452413703502374,legacy67,minmax,0.6295238095238096,0.8066666666666666,0.17714285714285705,0.9866666666666667,0.9733333333333334,-0.013333333333333308,0.6428571428571429,0.8333333333333334,0.19047619047619047,33,25
8,29.154431891537524,1.4647045830997407,legacy67,minmax,0.6295238095238096,0.8066666666666666,0.17714285714285705,0.9866666666666667,0.9733333333333334,-0.013333333333333308,0.6428571428571429,0.8333333333333334,0.19047619047619047,33,25
8,35.387588647792384,1.5488509703053062,legacy67,minmax,0.6295238095238096,0.8066666666666666,0.17714285714285705,0.9866666666666667,0.9733333333333334,-0.013333333333333308,0.6428571428571429,0.8333333333333334,0.19047619047619047,33,25
8,37.95853142670639,1.5793094017105953,legacy67,minmax,0.6295238095238096,0.8066666666666666,0.17714285714285705,0.9866666666666667,0.9733333333333334,-0.013333333333333308,0.6428571428571429,0.8333333333333334,0.19047619047619047,33,25
8,43.37920697490936,1.6372816083151283,legacy67,minmax,0.6295238095238096,0.8066666666666666,0.17714285714285705,0.9866666666666667,0.9733333333333334,-0.013333333333333308,0.6428571428571429,0.8333333333333334,0.19047619047619047,33,25
8,48.69640941520897,1.6874969400924673,legacy67,minmax,0.6295238095238096,0.8066666666666666,0.17714285714285705,0.9866666666666667,0.9733333333333334,-0.013333333333333308,0.6428571428571429,0.8333333333333334,0.19047619047619047,33,25
8,57.279044707996185,1.7579957662567565,legacy67,minmax,0.6295238095238096,0.8066666666666666,0.17714285714285705,0.9866666666666667,0.9733333333333334,-0.013333333333333308,0.6428571428571429,0.8333333333333334,0.19047619047619047,33,25
8,62.45139574743064,1.795542149013333,legacy67,minmax,0.6295238095238096,0.8066666666666666,0.17714285714285705,0.9866666666666667,0.9733333333333334,-0.013333333333333308,0.6428571428571429,0.8333333333333334,0.19047619047619047,32,26
8,63.512210106406926,1.8028572256396647,legacy67,minmax,0.6295238095238096,0.8066666666666666,0.17714285714285705,0.9866666666666667,0.9733333333333334,-0.013333333333333308,0.6428571428571429,0.8333333333333334,0.19047619047619047,32,26
8,72.86653737491037,1.8625281322982374,legacy67,minmax,0.6295238095238096,0.8066666666666666,0.17714285714285705,0.9866666666666667,0.9733333333333334,-0.013333333333333308,0.6428571428571429,0.8333333333333334,0.19047619047619047,32,27
8,75.56810141274423,1.8783385110582342,legacy67,minmax,0.6295238095238096,0.8066666666666666,0.17714285714285705,0.9866666666666667,0.9733333333333334,-0.013333333333333308,0.6428571428571429,0.8333333333333334,0.19047619047619047,33,30
8,75.79479953347995,1.8796394086479773,legacy67,minmax,0.6295238095238096,0.8066666666666666,0.17714285714285705,0.9866666666666667,0.9733333333333334,-0.013333333333333308,0.6428571428571429,0.8333333333333334,0.19047619047619047,33,30
8,88.62326508576248,1.9475477464020692,legacy67,minmax,0.6295238095238096,0.8066666666666666,0.17714285714285705,0.9866666666666667,0.9733333333333334,-0.013333333333333308,0.6428571428571429,0.8333333333333334,0.19047619047619047,33,32
9,0.010521761868451128,-1.9779115315055904,legacy67,minmax,0.0,0.0,0.0,1.0,1.0,0.0,0.0,0.0,0.0,0,0
9,0.012087541473056955,-1.9176620228167902,legacy67,minmax,0.0,0.0,0.0,1.0,1.0,0.0,0.0,0.0,0.0,0,0
9,0.01263794633808287,-1.8983234930236192,legacy67,minmax,0.0,0.0,0.0,1.0,1.0,0.0,0.0,0.0,0.0,0,0
9,0.013726318898045865,-1.8624459155391264,legacy67,minmax,0.0,0.0,0.0,1.0,1.0,0.0,0.0,0.0,0.0,0,0
9,0.0151673306880762,-1.8190908443578477,legacy67,minmax,0.0,0.0,0.0,1.0,1.0,0.0,0.0,0.0,0.0,0,0
9,0.015339162591163618,-1.814198349120009,legacy67,minmax,0.0,0.0,0.0,1.0,1.0,0.0,0.0,0.0,0.0,0,0
9,0.017073967431528118,-1.7676655513272022,legacy67,minmax,0.0,0.0,0.0,1.0,1.0,0.0,0.0,0.0,0.0,2,0
9,0.017956984225677628,-1.7457665988559055,legacy67,minmax,0.0,0.0,0.0,1.0,1.0,0.0,0.0,0.0,0.0,2,1
9,0.018205657658407252,-1.739793628058882,legacy67,minmax,0.0,0.0,0.0,1.0,1.0,0.0,0.0,0.0,0.0,2,1
9,0.019777828512462715,-1.7038213930636386,legacy67,minmax,0.04761904761904767,0.0,-0.04761904761904767,1.0,1.0,0.0,0.047619047619047616,0.0,-0.047619047619047616,2,1
9,0.01987021538542862,-1.7017974252809167,legacy67,minmax,0.04761904761904767,0.0,-0.04761904761904767,1.0,1.0,0.0,0.047619047619047616,0.0,-0.047619047619047616,2,1
9,0.022592797420156945,-1.646029991792322,legacy67,minmax,0.11904761904761907,0.5238095238095237,0.40476190476190466,1.0,1.0,0.0,0.11904761904761904,0.5238095238095238,0.40476190476190477,2,2
9,0.024586032763280048,-1.6093115439744645,legacy67,minmax,0.38095238095238093,0.5238095238095237,0.1428571428571428,1.0,1.0,0.0,0.38095238095238093,0.5238095238095238,0.1428571428571429,3,2
9,0.027012557725439066,-1.5684342920267822,legacy67,minmax,0.4285714285714286,0.5238095238095237,0.09523809523809512,1.0,1.0,0.0,0.42857142857142855,0.5238095238095238,0.09523809523809529,3,2
9,0.029072088906598435,-1.5365237618994811,legacy67,minmax,0.45238095238095233,0.5238095238095237,0.0714285714285714,1.0,1.0,0.0,0.4523809523809524,0.5238095238095238,0.07142857142857145,4,2
9,0.030086868214458433,-1.5216230162467932,legacy67,minmax,0.4761904761904763,0.5238095238095237,0.04761904761904745,1.0,1.0,0.0,0.47619047619047616,0.5238095238095238,0.04761904761904767,4,2
9,0.030771802712506853,-1.5118470606208847,legacy67,minmax,0.5,0.5238095238095237,0.023809523809523725,1.0,1.0,0.0,0.5,0.5238095238095238,0.023809523809523836,4,2
9,0.036138942712165265,-1.4420245573918327,legacy67,minmax,0.5238095238095237,0.5238095238095237,0.0,1.0,1.0,0.0,0.5238095238095238,0.5238095238095238,0.0,4,2
9,0.03661819220392428,-1.4363031001009494,legacy67,minmax,0.5238095238095237,0.5238095238095237,0.0,1.0,1.0,0.0,0.5238095238095238,0.5238095238095238,0.0,4,2
9,0.04207053950287936,-1.3760219186551894,legacy67,minmax,0.5476190476190477,0.5238095238095237,-0.023809523809523947,1.0,1.0,0.0,0.5476190476190477,0.5238095238095238,-0.023809523809523836,4,2
9,0.04207988669606635,-1.375925438230254,legacy67,minmax,0.5476190476190477,0.5238095238095237,-0.023809523809523947,1.0,1.0,0.0,0.5476190476190477,0.5238095238095238,-0.023809523809523836,4,2
9,0.04809461967501572,-1.3179035052508339,legacy67,minmax,0.5076190476190476,0.6666666666666665,0.15904761904761888,0.96,1.0,0.040000000000000036,0.5476190476190477,0.6666666666666666,0.11904761904761896,4,2
9,0.05337032762603955,-1.2727001311715975,legacy67,minmax,0.5419047619047619,0.6666666666666665,0.12476190476190463,0.9466666666666667,1.0,0.053333333333333344,0.5952380952380952,0.6666666666666666,0.0714285714285714,5,2
9,0.05415244119402536,-1.2663819605862647,legacy67,minmax,0.5419047619047619,0.6666666666666665,0.12476190476190463,0.9466666666666667,1.0,0.053333333333333344,0.5952380952380952,0.6666666666666666,0.0714285714285714,5,2
9,0.05488047000766042,-1.2605821778978918,legacy67,minmax,0.5419047619047619,0.6666666666666665,0.12476190476190463,0.9466666666666667,1.0,0.053333333333333344,0.5952380952380952,0.6666666666666666,0.0714285714285714,5,2
9,0.060803901902965994,-1.2160685503234192,legacy67,minmax,0.5657142857142858,0.6666666666666665,0.10095238095238068,0.9466666666666667,1.0,0.053333333333333344,0.6190476190476191,0.6666666666666666,0.04761904761904756,5,3
9,0.06235377135673155,-1.2051372738633104,legacy67,minmax,0.5657142857142858,0.6666666666666665,0.10095238095238068,0.9466666666666667,1.0,0.053333333333333344,0.6190476190476191,0.6666666666666666,0.04761904761904756,5,3
9,0.06290644294586147,-1.201304871366561,legacy67,minmax,0.5657142857142858,0.6666666666666665,0.10095238095238068,0.9466666666666667,1.0,0.053333333333333344,0.6190476190476191,0.6666666666666666,0.04761904761904756,5,3
9,0.07068974950624601,-1.1506435572868954,legacy67,minmax,0.6742857142857144,0.6666666666666665,-0.007619047619047858,0.96,1.0,0.040000000000000036,0.7142857142857143,0.6666666666666666,-0.04761904761904767,7,3
9,0.10842262717330158,-0.9648800735999323,legacy67,minmax,0.6742857142857144,0.7619047619047619,0.08761904761904749,0.96,1.0,0.040000000000000036,0.7142857142857143,0.7619047619047619,0.04761904761904756,9,7
9,0.12172958098369964,-0.9146038729044164,legacy67,minmax,0.6742857142857144,0.8095238095238095,0.13523809523809516,0.96,1.0,0.040000000000000036,0.7142857142857143,0.8095238095238095,0.09523809523809523,9,9
9,0.1329652145729951,-0.876261961250477,legacy67,minmax,0.6742857142857144,0.8095238095238095,0.13523809523809516,0.96,1.0,0.040000000000000036,0.7142857142857143,0.8095238095238095,0.09523809523809523,10,9
9,0.14618962793704957,-0.8350834392078323,legacy67,minmax,0.6742857142857144,0.8571428571428572,0.18285714285714283,0.96,1.0,0.040000000000000036,0.7142857142857143,0.8571428571428571,0.1428571428571428,10,9
9,0.14742753159914665,-0.8314214058591274,legacy67,minmax,0.6742857142857144,0.8571428571428572,0.18285714285714283,0.96,1.0,0.040000000000000036,0.7142857142857143,0.8571428571428571,0.1428571428571428,10,9
9,0.16480446427978968,-0.7830310281618491,legacy67,minmax,0.6980952380952381,0.8571428571428572,0.1590476190476191,0.96,1.0,0.040000000000000036,0.7380952380952381,0.8571428571428571,0.11904761904761896,10,9
9,0.16536937182824418,-0.7815449233065173,legacy67,minmax,0.6980952380952381,0.8571428571428572,0.1590476190476191,0.96,1.0,0.040000000000000036,0.7380952380952381,0.8571428571428571,0.11904761904761896,10,9
9,0.1753594952976441,-0.7560707131373512,legacy67,minmax,0.6980952380952381,0.8571428571428572,0.1590476190476191,0.96,1.0,0.040000000000000036,0.7380952380952381,0.8571428571428571,0.11904761904761896,11,9
9,0.17654048052495064,-0.7531556956423562,legacy67,minmax,0.6980952380952381,0.8571428571428572,0.1590476190476191,0.96,1.0,0.040000000000000036,0.7380952380952381,0.8571428571428571,0.11904761904761896,11,9
9,0.1998634077852887,-0.6992667118930118,legacy67,minmax,0.7219047619047618,0.8571428571428572,0.13523809523809538,0.96,1.0,0.040000000000000036,0.7619047619047619,0.8571428571428571,0.09523809523809523,11,9
9,0.2001342062287997,-0.6986786769469426,legacy67,minmax,0.7219047619047618,0.8571428571428572,0.13523809523809538,0.96,1.0,0.040000000000000036,0.7619047619047619,0.8571428571428571,0.09523809523809523,11,9
9,0.21066486017042194,-0.6764079005894033,legacy67,minmax,0.7085714285714286,0.8571428571428572,0.14857142857142858,0.9466666666666667,1.0,0.053333333333333344,0.7619047619047619,0.8571428571428571,0.09523809523809523,11,9
9,0.2673088310781669,-0.5729866932256429,legacy67,minmax,0.7085714285714286,0.8809523809523809,0.1723809523809523,0.9466666666666667,1.0,0.053333333333333344,0.7619047619047619,0.8809523809523809,0.11904761904761907,13,9
9,0.2715581955282939,-0.5661370858229096,legacy67,minmax,0.7085714285714286,0.8809523809523809,0.1723809523809523,0.9466666666666667,1.0,0.053333333333333344,0.7619047619047619,0.8809523809523809,0.11904761904761907,14,9
9,0.292043384718141,-0.5345526268252332,legacy67,minmax,0.7085714285714286,0.9152380952380952,0.20666666666666655,0.9466666666666667,0.9866666666666667,0.040000000000000036,0.7619047619047619,0.9285714285714286,0.16666666666666674,15,9
9,0.314891164795686,-0.50183952461055,legacy67,minmax,0.7219047619047618,0.9152380952380952,0.19333333333333336,0.96,0.9866666666666667,0.026666666666666727,0.7619047619047619,0.9285714285714286,0.16666666666666674,17,10
9,0.35868164986275475,-0.44529084124207197,legacy67,minmax,0.7457142857142856,0.8914285714285715,0.1457142857142859,0.96,0.9866666666666667,0.026666666666666727,0.7857142857142857,0.9047619047619048,0.11904761904761907,18,10
9,0.5130551760589832,-0.2898359265658015,legacy67,minmax,0.7219047619047618,0.8380952380952382,0.1161904761904764,0.96,0.9333333333333333,-0.026666666666666616,0.7619047619047619,0.9047619047619048,0.1428571428571429,22,10
9,0.5342937261279772,-0.27221992543153695,legacy67,minmax,0.7219047619047618,0.8380952380952382,0.1161904761904764,0.96,0.9333333333333333,-0.026666666666666616,0.7619047619047619,0.9047619047619048,0.1428571428571429,22,10
9,0.5762487216478598,-0.23939002504159476,legacy67,minmax,0.7219047619047618,0.8380952380952382,0.1161904761904764,0.96,0.9333333333333333,-0.026666666666666616,0.7619047619047619,0.9047619047619048,0.1428571428571429,23,10
9,0.6672367170464204,-0.17572006313185626,legacy67,minmax,0.7219047619047618,0.8380952380952382,0.1161904761904764,0.96,0.9333333333333333,-0.026666666666666616,0.7619047619047619,0.9047619047619048,0.1428571428571429,24,10
9,0.7742116473996242,-0.1111402993522028,legacy67,minmax,0.7219047619047618,0.8380952380952382,0.1161904761904764,0.96,0.9333333333333333,-0.026666666666666616,0.7619047619047619,0.9047619047619048,0.1428571428571429,24,10
9,0.9444574254983555,-0.02481761454243703,legacy67,minmax,0.7219047619047618,0.8380952380952382,0.1161904761904764,0.96,0.9333333333333333,-0.026666666666666616,0.7619047619047619,0.9047619047619048,0.1428571428571429,27,10
9,0.9565499215943818,-0.019292359554919238,legacy67,minmax,0.7219047619047618,0.8380952380952382,0.1161904761904764,0.96,0.9333333333333333,-0.026666666666666616,0.7619047619047619,0.9047619047619048,0.1428571428571429,27,10
9,1.1400863701127315,0.0569377536544464,legacy67,minmax,0.7219047619047618,0.861904761904762,0.14000000000000012,0.96,0.9333333333333333,-0.026666666666666616,0.7619047619047619,0.9285714285714286,0.16666666666666674,26,10
9,1.2030178871154662,0.08027208471124325,legacy67,minmax,0.7219047619047618,0.861904761904762,0.14000000000000012,0.96,0.9333333333333333,-0.026666666666666616,0.7619047619047619,0.9285714285714286,0.16666666666666674,26,10
9,1.2329098365270508,0.0909313175279762,legacy67,minmax,0.7219047619047618,0.861904761904762,0.14000000000000012,0.96,0.9333333333333333,-0.026666666666666616,0.7619047619047619,0.9285714285714286,0.16666666666666674,26,10
9,1.2561043700013554,0.09902572652895136,legacy67,minmax,0.7219047619047618,0.861904761904762,0.14000000000000012,0.96,0.9333333333333333,-0.026666666666666616,0.7619047619047619,0.9285714285714286,0.16666666666666674,26,10
9,1.4817820606039076,0.17078433263299386,legacy67,minmax,0.7219047619047618,0.861904761904762,0.14000000000000012,0.96,0.9333333333333333,-0.026666666666666616,0.7619047619047619,0.9285714285714286,0.16666666666666674,26,10
9,1.5375920235481748,0.1868411173731186,legacy67,minmax,0.7219047619047618,0.861904761904762,0.14000000000000012,0.96,0.9333333333333333,-0.026666666666666616,0.7619047619047619,0.9285714285714286,0.16666666666666674,26,10
9,1.7583640270008503,0.24510879027798493,legacy67,minmax,0.7219047619047618,0.861904761904762,0.14000000000000012,0.96,0.9333333333333333,-0.026666666666666616,0.7619047619047619,0.9285714285714286,0.16666666666666674,27,10
9,2.34238498471129,0.36965827544816987,legacy67,minmax,0.7352380952380952,0.861904761904762,0.1266666666666667,0.9733333333333334,0.9333333333333333,-0.040000000000000036,0.7619047619047619,0.9285714285714286,0.16666666666666674,28,10
9,2.4637685958997446,0.39159991524434057,legacy67,minmax,0.7352380952380952,0.861904761904762,0.1266666666666667,0.9733333333333334,0.9333333333333333,-0.040000000000000036,0.7619047619047619,0.9285714285714286,0.16666666666666674,28,10
9,2.4810409748678097,0.3946339367881464,legacy67,minmax,0.7352380952380952,0.861904761904762,0.1266666666666667,0.9733333333333334,0.9333333333333333,-0.040000000000000036,0.7619047619047619,0.9285714285714286,0.16666666666666674,28,10
9,2.5378155082656626,0.40446004697283516,legacy67,minmax,0.7352380952380952,0.861904761904762,0.1266666666666667,0.9733333333333334,0.9333333333333333,-0.040000000000000036,0.7619047619047619,0.9285714285714286,0.16666666666666674,28,10
9,2.692646910086177,0.43017940760575346,legacy67,minmax,0.7352380952380952,0.861904761904762,0.1266666666666667,0.9733333333333334,0.9333333333333333,-0.040000000000000036,0.7619047619047619,0.9285714285714286,0.16666666666666674,29,10
9,2.801635158716258,0.4474115788895179,legacy67,minmax,0.7219047619047618,0.861904761904762,0.14000000000000012,0.96,0.9333333333333333,-0.026666666666666616,0.7619047619047619,0.9285714285714286,0.16666666666666674,29,10
9,3.113095956122122,0.4931925073102317,legacy67,minmax,0.7219047619047618,0.861904761904762,0.14000000000000012,0.96,0.9333333333333333,-0.026666666666666616,0.7619047619047619,0.9285714285714286,0.16666666666666674,28,10
9,3.550012525851159,0.5502298854208525,legacy67,minmax,0.7219047619047618,0.861904761904762,0.14000000000000012,0.96,0.9333333333333333,-0.026666666666666616,0.7619047619047619,0.9285714285714286,0.16666666666666674,30,10
9,4.467752817973904,0.6500891374159279,legacy67,minmax,0.7219047619047618,0.861904761904762,0.14000000000000012,0.96,0.9333333333333333,-0.026666666666666616,0.7619047619047619,0.9285714285714286,0.16666666666666674,30,10
9,5.456725485601473,0.7369321060486276,legacy67,minmax,0.7219047619047618,0.861904761904762,0.14000000000000012,0.96,0.9333333333333333,-0.026666666666666616,0.7619047619047619,0.9285714285714286,0.16666666666666674,31,10
9,6.72093005015611,0.8274293753904685,legacy67,minmax,0.7219047619047618,0.861904761904762,0.14000000000000012,0.96,0.9333333333333333,-0.026666666666666616,0.7619047619047619,0.9285714285714286,0.16666666666666674,31,10
9,6.7965780907581514,0.832290311184182,legacy67,minmax,0.7219047619047618,0.861904761904762,0.14000000000000012,0.96,0.9333333333333333,-0.026666666666666616,0.7619047619047619,0.9285714285714286,0.16666666666666674,31,10
9,7.128188058401357,0.85297914889198,legacy67,minmax,0.7219047619047618,0.861904761904762,0.14000000000000012,0.96,0.9333333333333333,-0.026666666666666616,0.7619047619047619,0.9285714285714286,0.16666666666666674,31,10
9,8.241925264876443,0.9160286721639492,legacy67,minmax,0.7219047619047618,0.861904761904762,0.14000000000000012,0.96,0.9333333333333333,-0.026666666666666616,0.7619047619047619,0.9285714285714286,0.16666666666666674,31,30
9,8.287522363768153,0.9184247133522563,legacy67,minmax,0.7219047619047618,0.861904761904762,0.14000000000000012,0.96,0.9333333333333333,-0.026666666666666616,0.7619047619047619,0.9285714285714286,0.16666666666666674,31,30
9,8.471801418819974,0.9279757672456204,legacy67,minmax,0.7219047619047618,0.861904761904762,0.14000000000000012,0.96,0.9333333333333333,-0.026666666666666616,0.7619047619047619,0.9285714285714286,0.16666666666666674,31,30
9,11.044350847124681,1.0431401944675898,legacy67,minmax,0.7219047619047618,0.861904761904762,0.14000000000000012,0.96,0.9333333333333333,-0.026666666666666616,0.7619047619047619,0.9285714285714286,0.16666666666666674,32,30
9,12.130221181165155,1.083868719818244,legacy67,minmax,0.7219047619047618,0.861904761904762,0.14000000000000012,0.96,0.9333333333333333,-0.026666666666666616,0.7619047619047619,0.9285714285714286,0.16666666666666674,32,30
9,12.164139351417056,1.085081386743783,legacy67,minmax,0.7219047619047618,0.861904761904762,0.14000000000000012,0.96,0.9333333333333333,-0.026666666666666616,0.7619047619047619,0.9285714285714286,0.16666666666666674,32,30
9,12.273800987852958,1.0889790771866297,legacy67,minmax,0.7219047619047618,0.861904761904762,0.14000000000000012,0.96,0.9333333333333333,-0.026666666666666616,0.7619047619047619,0.9285714285714286,0.16666666666666674,32,30
9,12.604664585649452,1.1005312934444582,legacy67,minmax,0.7219047619047618,0.861904761904762,0.14000000000000012,0.96,0.9333333333333333,-0.026666666666666616,0.7619047619047619,0.9285714285714286,0.16666666666666674,32,30
9,13.826232179369853,1.1407038455720544,legacy67,minmax,0.7219047619047618,0.861904761904762,0.14000000000000012,0.96,0.9333333333333333,-0.026666666666666616,0.7619047619047619,0.9285714285714286,0.16666666666666674,32,30
9,16.172900811143133,1.2087879230161587,legacy67,minmax,0.7219047619047618,0.861904761904762,0.14000000000000012,0.96,0.9333333333333333,-0.026666666666666616,0.7619047619047619,0.9285714285714286,0.16666666666666674,32,30
9,17.123375973163967,1.2335893924658445,legacy67,minmax,0.7219047619047618,0.861904761904762,0.14000000000000012,0.96,0.9333333333333333,-0.026666666666666616,0.7619047619047619,0.9285714285714286,0.16666666666666674,32,30
9,18.274508859816006,1.2618457138193366,legacy67,minmax,0.7219047619047618,0.861904761904762,0.14000000000000012,0.96,0.9333333333333333,-0.026666666666666616,0.7619047619047619,0.9285714285714286,0.16666666666666674,32,30
9,20.65142557895924,1.3149500366077174,legacy67,minmax,0.7219047619047618,0.861904761904762,0.14000000000000012,0.96,0.9333333333333333,-0.026666666666666616,0.7619047619047619,0.9285714285714286,0.16666666666666674,31,30
9,21.36832907235874,1.329770563201687,legacy67,minmax,0.7219047619047618,0.861904761904762,0.14000000000000012,0.96,0.9333333333333333,-0.026666666666666616,0.7619047619047619,0.9285714285714286,0.16666666666666674,31,30
9,28.340904295147727,1.452413703502374,legacy67,minmax,0.7219047619047618,0.861904761904762,0.14000000000000012,0.96,0.9333333333333333,-0.026666666666666616,0.7619047619047619,0.9285714285714286,0.16666666666666674,32,30
9,29.154431891537524,1.4647045830997407,legacy67,minmax,0.7219047619047618,0.861904761904762,0.14000000000000012,0.96,0.9333333333333333,-0.026666666666666616,0.7619047619047619,0.9285714285714286,0.16666666666666674,32,30
9,35.387588647792384,1.5488509703053062,legacy67,minmax,0.7219047619047618,0.861904761904762,0.14000000000000012,0.96,0.9333333333333333,-0.026666666666666616,0.7619047619047619,0.9285714285714286,0.16666666666666674,33,30
9,37.95853142670639,1.5793094017105953,legacy67,minmax,0.7219047619047618,0.861904761904762,0.14000000000000012,0.96,0.9333333333333333,-0.026666666666666616,0.7619047619047619,0.9285714285714286,0.16666666666666674,33,30
9,43.37920697490936,1.6372816083151283,legacy67,minmax,0.7219047619047618,0.861904761904762,0.14000000000000012,0.96,0.9333333333333333,-0.026666666666666616,0.7619047619047619,0.9285714285714286,0.16666666666666674,33,30
9,48.69640941520897,1.6874969400924673,legacy67,minmax,0.7219047619047618,0.861904761904762,0.14000000000000012,0.96,0.9333333333333333,-0.026666666666666616,0.7619047619047619,0.9285714285714286,0.16666666666666674,33,30
9,57.279044707996185,1.7579957662567565,legacy67,minmax,0.7219047619047618,0.8961904761904762,0.17428571428571438,0.96,0.92,-0.039999999999999925,0.7619047619047619,0.9761904761904762,0.2142857142857143,33,30
9,62.45139574743064,1.795542149013333,legacy67,minmax,0.7219047619047618,0.8961904761904762,0.17428571428571438,0.96,0.92,-0.039999999999999925,0.7619047619047619,0.9761904761904762,0.2142857142857143,33,30
9,63.512210106406926,1.8028572256396647,legacy67,minmax,0.7219047619047618,0.8961904761904762,0.17428571428571438,0.96,0.92,-0.039999999999999925,0.7619047619047619,0.9761904761904762,0.2142857142857143,33,30
9,72.86653737491037,1.8625281322982374,legacy67,minmax,0.7219047619047618,0.8961904761904762,0.17428571428571438,0.96,0.92,-0.039999999999999925,0.7619047619047619,0.9761904761904762,0.2142857142857143,33,30
9,75.56810141274423,1.8783385110582342,legacy67,minmax,0.7219047619047618,0.8961904761904762,0.17428571428571438,0.96,0.92,-0.039999999999999925,0.7619047619047619,0.9761904761904762,0.2142857142857143,33,30
9,75.79479953347995,1.8796394086479773,legacy67,minmax,0.7219047619047618,0.8961904761904762,0.17428571428571438,0.96,0.92,-0.039999999999999925,0.7619047619047619,0.9761904761904762,0.2142857142857143,33,30
9,88.62326508576248,1.9475477464020692,legacy67,minmax,0.7219047619047618,0.8961904761904762,0.17428571428571438,0.96,0.92,-0.039999999999999925,0.7619047619047619,0.9761904761904762,0.2142857142857143,33,30
10,0.010521761868451128,-1.9779115315055904,legacy67,minmax,0.0,0.0,0.0,1.0,1.0,0.0,0.0,0.0,0.0,0,0
10,0.012087541473056955,-1.9176620228167902,legacy67,minmax,0.0,0.0,0.0,1.0,1.0,0.0,0.0,0.0,0.0,0,0
10,0.01263794633808287,-1.8983234930236192,legacy67,minmax,0.0,0.0,0.0,1.0,1.0,0.0,0.0,0.0,0.0,0,0
10,0.013726318898045865,-1.8624459155391264,legacy67,minmax,0.0,0.0,0.0,1.0,1.0,0.0,0.0,0.0,0.0,0,0
10,0.0151673306880762,-1.8190908443578477,legacy67,minmax,0.0,0.0,0.0,1.0,1.0,0.0,0.0,0.0,0.0,0,0
10,0.015339162591163618,-1.814198349120009,legacy67,minmax,0.0,0.0,0.0,1.0,1.0,0.0,0.0,0.0,0.0,0,0
10,0.017073967431528118,-1.7676655513272022,legacy67,minmax,0.0,0.0,0.0,1.0,1.0,0.0,0.0,0.0,0.0,0,1
10,0.017956984225677628,-1.7457665988559055,legacy67,minmax,0.0,0.0,0.0,1.0,1.0,0.0,0.0,0.0,0.0,2,1
10,0.018205657658407252,-1.739793628058882,legacy67,minmax,0.0,0.0,0.0,1.0,1.0,0.0,0.0,0.0,0.0,2,1
10,0.019777828512462715,-1.7038213930636386,legacy67,minmax,0.0,0.0,0.0,1.0,1.0,0.0,0.0,0.0,0.0,2,1
10,0.01987021538542862,-1.7017974252809167,legacy67,minmax,0.0,0.0,0.0,1.0,1.0,0.0,0.0,0.0,0.0,2,1
10,0.022592797420156945,-1.646029991792322,legacy67,minmax,0.09523809523809534,0.5,0.40476190476190466,1.0,1.0,0.0,0.09523809523809523,0.5,0.40476190476190477,4,1
10,0.024586032763280048,-1.6093115439744645,legacy67,minmax,0.23809523809523814,0.5,0.26190476190476186,1.0,1.0,0.0,0.23809523809523808,0.5,0.2619047619047619,4,1
10,0.027012557725439066,-1.5684342920267822,legacy67,minmax,0.30952380952380953,0.5,0.19047619047619047,1.0,1.0,0.0,0.30952380952380953,0.5,0.19047619047619047,4,2
10,0.029072088906598435,-1.5365237618994811,legacy67,minmax,0.33333333333333326,0.5,0.16666666666666674,1.0,1.0,0.0,0.3333333333333333,0.5,0.16666666666666669,4,2
10,0.030086868214458433,-1.5216230162467932,legacy67,minmax,0.3571428571428572,0.5,0.1428571428571428,1.0,1.0,0.0,0.35714285714285715,0.5,0.14285714285714285,4,2
10,0.030771802712506853,-1.5118470606208847,legacy67,minmax,0.40476190476190466,0.5,0.09523809523809534,1.0,1.0,0.0,0.40476190476190477,0.5,0.09523809523809523,4,2
10,0.036138942712165265,-1.4420245573918327,legacy67,minmax,0.4761904761904763,0.5,0.023809523809523725,1.0,1.0,0.0,0.47619047619047616,0.5,0.023809523809523836,4,2
10,0.03661819220392428,-1.4363031001009494,legacy67,minmax,0.5,0.5,0.0,1.0,1.0,0.0,0.5,0.5,0.0,5,2
10,0.04207053950287936,-1.3760219186551894,legacy67,minmax,0.5238095238095237,0.5,-0.023809523809523725,1.0,1.0,0.0,0.5238095238095238,0.5,-0.023809523809523836,5,2
10,0.04207988669606635,-1.375925438230254,legacy67,minmax,0.5238095238095237,0.5,-0.023809523809523725,1.0,1.0,0.0,0.5238095238095238,0.5,-0.023809523809523836,5,2
10,0.04809461967501572,-1.3179035052508339,legacy67,minmax,0.5714285714285714,0.5238095238095237,-0.04761904761904767,1.0,1.0,0.0,0.5714285714285714,0.5238095238095238,-0.04761904761904756,5,3
10,0.05337032762603955,-1.2727001311715975,legacy67,minmax,0.6190476190476191,0.5238095238095237,-0.09523809523809534,1.0,1.0,0.0,0.6190476190476191,0.5238095238095238,-0.09523809523809523,5,3
10,0.05415244119402536,-1.2663819605862647,legacy67,minmax,0.6190476190476191,0.5238095238095237,-0.09523809523809534,1.0,1.0,0.0,0.6190476190476191,0.5238095238095238,-0.09523809523809523,5,3
10,0.05488047000766042,-1.2605821778978918,legacy67,minmax,0.6190476190476191,0.5238095238095237,-0.09523809523809534,1.0,1.0,0.0,0.6190476190476191,0.5238095238095238,-0.09523809523809523,5,3
10,0.060803901902965994,-1.2160685503234192,legacy67,minmax,0.6057142857142859,0.5714285714285714,-0.034285714285714475,0.9866666666666667,1.0,0.013333333333333308,0.6190476190476191,0.5714285714285714,-0.04761904761904767,5,5
10,0.06235377135673155,-1.2051372738633104,legacy67,minmax,0.6057142857142859,0.5714285714285714,-0.034285714285714475,0.9866666666666667,1.0,0.013333333333333308,0.6190476190476191,0.5714285714285714,-0.04761904761904767,5,5
10,0.06290644294586147,-1.201304871366561,legacy67,minmax,0.6057142857142859,0.5714285714285714,-0.034285714285714475,0.9866666666666667,1.0,0.013333333333333308,0.6190476190476191,0.5714285714285714,-0.04761904761904767,5,5
10,0.07068974950624601,-1.1506435572868954,legacy67,minmax,0.5923809523809525,0.5952380952380953,0.0028571428571428914,0.9733333333333334,1.0,0.026666666666666616,0.6190476190476191,0.5952380952380952,-0.023809523809523836,6,5
10,0.10842262717330158,-0.9648800735999323,legacy67,minmax,0.579047619047619,0.6666666666666665,0.08761904761904749,0.96,1.0,0.040000000000000036,0.6190476190476191,0.6666666666666666,0.04761904761904756,8,8
10,0.12172958098369964,-0.9146038729044164,legacy67,minmax,0.579047619047619,0.6666666666666665,0.08761904761904749,0.96,1.0,0.040000000000000036,0.6190476190476191,0.6666666666666666,0.04761904761904756,9,8
10,0.1329652145729951,-0.876261961250477,legacy67,minmax,0.579047619047619,0.7619047619047619,0.18285714285714283,0.96,1.0,0.040000000000000036,0.6190476190476191,0.7619047619047619,0.1428571428571428,10,8
10,0.14618962793704957,-0.8350834392078323,legacy67,minmax,0.579047619047619,0.7619047619047619,0.18285714285714283,0.96,1.0,0.040000000000000036,0.6190476190476191,0.7619047619047619,0.1428571428571428,10,8
10,0.14742753159914665,-0.8314214058591274,legacy67,minmax,0.579047619047619,0.7619047619047619,0.18285714285714283,0.96,1.0,0.040000000000000036,0.6190476190476191,0.7619047619047619,0.1428571428571428,10,8
10,0.16480446427978968,-0.7830310281618491,legacy67,minmax,0.6028571428571428,0.7619047619047619,0.1590476190476191,0.96,1.0,0.040000000000000036,0.6428571428571429,0.7619047619047619,0.11904761904761896,10,8
10,0.16536937182824418,-0.7815449233065173,legacy67,minmax,0.6028571428571428,0.7619047619047619,0.1590476190476191,0.96,1.0,0.040000000000000036,0.6428571428571429,0.7619047619047619,0.11904761904761896,10,8
10,0.1753594952976441,-0.7560707131373512,legacy67,minmax,0.6028571428571428,0.7619047619047619,0.1590476190476191,0.96,1.0,0.040000000000000036,0.6428571428571429,0.7619047619047619,0.11904761904761896,10,8
10,0.17654048052495064,-0.7531556956423562,legacy67,minmax,0.6028571428571428,0.7619047619047619,0.1590476190476191,0.96,1.0,0.040000000000000036,0.6428571428571429,0.7619047619047619,0.11904761904761896,10,8
10,0.1998634077852887,-0.6992667118930118,legacy67,minmax,0.5895238095238096,0.7619047619047619,0.1723809523809523,0.9466666666666667,1.0,0.053333333333333344,0.6428571428571429,0.7619047619047619,0.11904761904761896,11,9
10,0.2001342062287997,-0.6986786769469426,legacy67,minmax,0.5895238095238096,0.7619047619047619,0.1723809523809523,0.9466666666666667,1.0,0.053333333333333344,0.6428571428571429,0.7619047619047619,0.11904761904761896,11,9
10,0.21066486017042194,-0.6764079005894033,legacy67,minmax,0.5761904761904764,0.7619047619047619,0.1857142857142855,0.9333333333333333,1.0,0.06666666666666665,0.6428571428571429,0.7619047619047619,0.11904761904761896,11,9
10,0.2673088310781669,-0.5729866932256429,legacy67,minmax,0.6000000000000001,0.7857142857142856,0.1857142857142855,0.9333333333333333,1.0,0.06666666666666665,0.6666666666666666,0.7857142857142857,0.11904761904761907,13,9
10,0.2715581955282939,-0.5661370858229096,legacy67,minmax,0.6000000000000001,0.7857142857142856,0.1857142857142855,0.9333333333333333,1.0,0.06666666666666665,0.6666666666666666,0.7857142857142857,0.11904761904761907,14,9
10,0.292043384718141,-0.5345526268252332,legacy67,minmax,0.6238095238095238,0.7857142857142856,0.16190476190476177,0.9333333333333333,1.0,0.06666666666666665,0.6904761904761905,0.7857142857142857,0.09523809523809523,14,9
10,0.314891164795686,-0.50183952461055,legacy67,minmax,0.6476190476190475,0.7857142857142856,0.13809523809523805,0.9333333333333333,1.0,0.06666666666666665,0.7142857142857143,0.7857142857142857,0.0714285714285714,14,9
10,0.35868164986275475,-0.44529084124207197,legacy67,minmax,0.6980952380952381,0.8095238095238095,0.11142857142857143,0.96,1.0,0.040000000000000036,0.7380952380952381,0.8095238095238095,0.0714285714285714,15,9
10,0.5130551760589832,-0.2898359265658015,legacy67,minmax,0.7114285714285715,0.8095238095238095,0.09809523809523801,0.9733333333333334,1.0,0.026666666666666616,0.7380952380952381,0.8095238095238095,0.0714285714285714,17,9
10,0.5342937261279772,-0.27221992543153695,legacy67,minmax,0.7114285714285715,0.8095238095238095,0.09809523809523801,0.9733333333333334,1.0,0.026666666666666616,0.7380952380952381,0.8095238095238095,0.0714285714285714,17,9
10,0.5762487216478598,-0.23939002504159476,legacy67,minmax,0.7114285714285715,0.8095238095238095,0.09809523809523801,0.9733333333333334,1.0,0.026666666666666616,0.7380952380952381,0.8095238095238095,0.0714285714285714,17,9
10,0.6672367170464204,-0.17572006313185626,legacy67,minmax,0.6638095238095238,0.7961904761904761,0.13238095238095227,0.9733333333333334,0.9866666666666667,0.013333333333333308,0.6904761904761905,0.8095238095238095,0.11904761904761907,19,9
10,0.7742116473996242,-0.1111402993522028,legacy67,minmax,0.6638095238095238,0.7961904761904761,0.13238095238095227,0.9733333333333334,0.9866666666666667,0.013333333333333308,0.6904761904761905,0.8095238095238095,0.11904761904761907,20,9
10,0.9444574254983555,-0.02481761454243703,legacy67,minmax,0.6400000000000001,0.8200000000000001,0.17999999999999994,0.9733333333333334,0.9866666666666667,0.013333333333333308,0.6666666666666666,0.8333333333333334,0.16666666666666674,23,9
10,0.9565499215943818,-0.019292359554919238,legacy67,minmax,0.6400000000000001,0.8200000000000001,0.17999999999999994,0.9733333333333334,0.9866666666666667,0.013333333333333308,0.6666666666666666,0.8333333333333334,0.16666666666666674,23,9
10,1.1400863701127315,0.0569377536544464,legacy67,minmax,0.6400000000000001,0.8200000000000001,0.17999999999999994,0.9733333333333334,0.9866666666666667,0.013333333333333308,0.6666666666666666,0.8333333333333334,0.16666666666666674,25,9
10,1.2030178871154662,0.08027208471124325,legacy67,minmax,0.6266666666666665,0.8200000000000001,0.19333333333333358,0.96,0.9866666666666667,0.026666666666666727,0.6666666666666666,0.8333333333333334,0.16666666666666674,25,8
10,1.2329098365270508,0.0909313175279762,legacy67,minmax,0.6266666666666665,0.8200000000000001,0.19333333333333358,0.96,0.9866666666666667,0.026666666666666727,0.6666666666666666,0.8333333333333334,0.16666666666666674,25,8
10,1.2561043700013554,0.09902572652895136,legacy67,minmax,0.6266666666666665,0.8200000000000001,0.19333333333333358,0.96,0.9866666666666667,0.026666666666666727,0.6666666666666666,0.8333333333333334,0.16666666666666674,25,8
10,1.4817820606039076,0.17078433263299386,legacy67,minmax,0.6504761904761904,0.8200000000000001,0.16952380952380963,0.96,0.9866666666666667,0.026666666666666727,0.6904761904761905,0.8333333333333334,0.1428571428571429,28,8
10,1.5375920235481748,0.1868411173731186,legacy67,minmax,0.6266666666666665,0.8200000000000001,0.19333333333333358,0.96,0.9866666666666667,0.026666666666666727,0.6666666666666666,0.8333333333333334,0.16666666666666674,28,8
10,1.7583640270008503,0.24510879027798493,legacy67,minmax,0.6266666666666665,0.8200000000000001,0.19333333333333358,0.96,0.9866666666666667,0.026666666666666727,0.6666666666666666,0.8333333333333334,0.16666666666666674,28,8
10,2.34238498471129,0.36965827544816987,legacy67,minmax,0.6504761904761904,0.8200000000000001,0.16952380952380963,0.96,0.9866666666666667,0.026666666666666727,0.6904761904761905,0.8333333333333334,0.1428571428571429,29,8
10,2.4637685958997446,0.39159991524434057,legacy67,minmax,0.6266666666666665,0.8200000000000001,0.19333333333333358,0.96,0.9866666666666667,0.026666666666666727,0.6666666666666666,0.8333333333333334,0.16666666666666674,29,8
10,2.4810409748678097,0.3946339367881464,legacy67,minmax,0.6266666666666665,0.8200000000000001,0.19333333333333358,0.96,0.9866666666666667,0.026666666666666727,0.6666666666666666,0.8333333333333334,0.16666666666666674,29,8
10,2.5378155082656626,0.40446004697283516,legacy67,minmax,0.6266666666666665,0.8200000000000001,0.19333333333333358,0.96,0.9866666666666667,0.026666666666666727,0.6666666666666666,0.8333333333333334,0.16666666666666674,29,8
10,2.692646910086177,0.43017940760575346,legacy67,minmax,0.6266666666666665,0.8200000000000001,0.19333333333333358,0.96,0.9866666666666667,0.026666666666666727,0.6666666666666666,0.8333333333333334,0.16666666666666674,29,8
10,2.801635158716258,0.4474115788895179,legacy67,minmax,0.6266666666666665,0.8200000000000001,0.19333333333333358,0.96,0.9866666666666667,0.026666666666666727,0.6666666666666666,0.8333333333333334,0.16666666666666674,29,8
10,3.113095956122122,0.4931925073102317,legacy67,minmax,0.6266666666666665,0.8200000000000001,0.19333333333333358,0.96,0.9866666666666667,0.026666666666666727,0.6666666666666666,0.8333333333333334,0.16666666666666674,30,8
10,3.550012525851159,0.5502298854208525,legacy67,minmax,0.6504761904761904,0.8200000000000001,0.16952380952380963,0.96,0.9866666666666667,0.026666666666666727,0.6904761904761905,0.8333333333333334,0.1428571428571429,30,9
10,4.467752817973904,0.6500891374159279,legacy67,minmax,0.6504761904761904,0.8200000000000001,0.16952380952380963,0.96,0.9866666666666667,0.026666666666666727,0.6904761904761905,0.8333333333333334,0.1428571428571429,30,8
10,5.456725485601473,0.7369321060486276,legacy67,minmax,0.6504761904761904,0.8200000000000001,0.16952380952380963,0.96,0.9866666666666667,0.026666666666666727,0.6904761904761905,0.8333333333333334,0.1428571428571429,30,9
10,6.72093005015611,0.8274293753904685,legacy67,minmax,0.6876190476190476,0.8200000000000001,0.1323809523809525,0.9733333333333334,0.9866666666666667,0.013333333333333308,0.7142857142857143,0.8333333333333334,0.11904761904761907,29,9
10,6.7965780907581514,0.832290311184182,legacy67,minmax,0.6876190476190476,0.8200000000000001,0.1323809523809525,0.9733333333333334,0.9866666666666667,0.013333333333333308,0.7142857142857143,0.8333333333333334,0.11904761904761907,29,9
10,7.128188058401357,0.85297914889198,legacy67,minmax,0.6876190476190476,0.8200000000000001,0.1323809523809525,0.9733333333333334,0.9866666666666667,0.013333333333333308,0.7142857142857143,0.8333333333333334,0.11904761904761907,29,9
10,8.241925264876443,0.9160286721639492,legacy67,minmax,0.6876190476190476,0.8200000000000001,0.1323809523809525,0.9733333333333334,0.9866666666666667,0.013333333333333308,0.7142857142857143,0.8333333333333334,0.11904761904761907,29,27
10,8.287522363768153,0.9184247133522563,legacy67,minmax,0.6876190476190476,0.8200000000000001,0.1323809523809525,0.9733333333333334,0.9866666666666667,0.013333333333333308,0.7142857142857143,0.8333333333333334,0.11904761904761907,29,27
10,8.471801418819974,0.9279757672456204,legacy67,minmax,0.6876190476190476,0.8200000000000001,0.1323809523809525,0.9733333333333334,0.9866666666666667,0.013333333333333308,0.7142857142857143,0.8333333333333334,0.11904761904761907,29,28
10,11.044350847124681,1.0431401944675898,legacy67,minmax,0.7114285714285715,0.8200000000000001,0.10857142857142854,0.9733333333333334,0.9866666666666667,0.013333333333333308,0.7380952380952381,0.8333333333333334,0.09523809523809523,32,28
10,12.130221181165155,1.083868719818244,legacy67,minmax,0.7114285714285715,0.8200000000000001,0.10857142857142854,0.9733333333333334,0.9866666666666667,0.013333333333333308,0.7380952380952381,0.8333333333333334,0.09523809523809523,32,28
10,12.164139351417056,1.085081386743783,legacy67,minmax,0.7114285714285715,0.8200000000000001,0.10857142857142854,0.9733333333333334,0.9866666666666667,0.013333333333333308,0.7380952380952381,0.8333333333333334,0.09523809523809523,32,28
10,12.273800987852958,1.0889790771866297,legacy67,minmax,0.7114285714285715,0.8200000000000001,0.10857142857142854,0.9733333333333334,0.9866666666666667,0.013333333333333308,0.7380952380952381,0.8333333333333334,0.09523809523809523,32,28
10,12.604664585649452,1.1005312934444582,legacy67,minmax,0.7114285714285715,0.8200000000000001,0.10857142857142854,0.9733333333333334,0.9866666666666667,0.013333333333333308,0.7380952380952381,0.8333333333333334,0.09523809523809523,32,28
10,13.826232179369853,1.1407038455720544,legacy67,minmax,0.7114285714285715,0.8200000000000001,0.10857142857142854,0.9733333333333334,0.9866666666666667,0.013333333333333308,0.7380952380952381,0.8333333333333334,0.09523809523809523,32,28
10,16.172900811143133,1.2087879230161587,legacy67,minmax,0.7114285714285715,0.8200000000000001,0.10857142857142854,0.9733333333333334,0.9866666666666667,0.013333333333333308,0.7380952380952381,0.8333333333333334,0.09523809523809523,33,28
10,17.123375973163967,1.2335893924658445,legacy67,minmax,0.7114285714285715,0.8200000000000001,0.10857142857142854,0.9733333333333334,0.9866666666666667,0.013333333333333308,0.7380952380952381,0.8333333333333334,0.09523809523809523,32,28
10,18.274508859816006,1.2618457138193366,legacy67,minmax,0.7114285714285715,0.8200000000000001,0.10857142857142854,0.9733333333333334,0.9866666666666667,0.013333333333333308,0.7380952380952381,0.8333333333333334,0.09523809523809523,32,28
10,20.65142557895924,1.3149500366077174,legacy67,minmax,0.7352380952380952,0.8200000000000001,0.08476190476190482,0.9733333333333334,0.9866666666666667,0.013333333333333308,0.7619047619047619,0.8333333333333334,0.07142857142857151,32,28
10,21.36832907235874,1.329770563201687,legacy67,minmax,0.7352380952380952,0.8200000000000001,0.08476190476190482,0.9733333333333334,0.9866666666666667,0.013333333333333308,0.7619047619047619,0.8333333333333334,0.07142857142857151,32,28
10,28.340904295147727,1.452413703502374,legacy67,minmax,0.7352380952380952,0.8200000000000001,0.08476190476190482,0.9733333333333334,0.9866666666666667,0.013333333333333308,0.7619047619047619,0.8333333333333334,0.07142857142857151,32,28
10,29.154431891537524,1.4647045830997407,legacy67,minmax,0.7352380952380952,0.8200000000000001,0.08476190476190482,0.9733333333333334,0.9866666666666667,0.013333333333333308,0.7619047619047619,0.8333333333333334,0.07142857142857151,32,28
10,35.387588647792384,1.5488509703053062,legacy67,minmax,0.7352380952380952,0.8200000000000001,0.08476190476190482,0.9733333333333334,0.9866666666666667,0.013333333333333308,0.7619047619047619,0.8333333333333334,0.07142857142857151,32,29
10,37.95853142670639,1.5793094017105953,legacy67,minmax,0.7590476190476192,0.8200000000000001,0.06095238095238087,0.9733333333333334,0.9866666666666667,0.013333333333333308,0.7857142857142857,0.8333333333333334,0.04761904761904767,32,29
10,43.37920697490936,1.6372816083151283,legacy67,minmax,0.7590476190476192,0.8200000000000001,0.06095238095238087,0.9733333333333334,0.9866666666666667,0.013333333333333308,0.7857142857142857,0.8333333333333334,0.04761904761904767,33,29
10,48.69640941520897,1.6874969400924673,legacy67,minmax,0.7590476190476192,0.8200000000000001,0.06095238095238087,0.9733333333333334,0.9866666666666667,0.013333333333333308,0.7857142857142857,0.8333333333333334,0.04761904761904767,33,30
10,57.279044707996185,1.7579957662567565,legacy67,minmax,0.7590476190476192,0.8304761904761904,0.07142857142857117,0.9733333333333334,0.9733333333333334,0.0,0.7857142857142857,0.8571428571428571,0.0714285714285714,33,30
10,62.45139574743064,1.795542149013333,legacy67,minmax,0.7590476190476192,0.8304761904761904,0.07142857142857117,0.9733333333333334,0.9733333333333334,0.0,0.7857142857142857,0.8571428571428571,0.0714285714285714,33,30
10,63.512210106406926,1.8028572256396647,legacy67,minmax,0.7590476190476192,0.8304761904761904,0.07142857142857117,0.9733333333333334,0.9733333333333334,0.0,0.7857142857142857,0.8571428571428571,0.0714285714285714,33,30
10,72.86653737491037,1.8625281322982374,legacy67,minmax,0.7590476190476192,0.8304761904761904,0.07142857142857117,0.9733333333333334,0.9733333333333334,0.0,0.7857142857142857,0.8571428571428571,0.0714285714285714,33,30
10,75.56810141274423,1.8783385110582342,legacy67,minmax,0.7590476190476192,0.8304761904761904,0.07142857142857117,0.9733333333333334,0.9733333333333334,0.0,0.7857142857142857,0.8571428571428571,0.0714285714285714,33,30
10,75.79479953347995,1.8796394086479773,legacy67,minmax,0.7590476190476192,0.8304761904761904,0.07142857142857117,0.9733333333333334,0.9733333333333334,0.0,0.7857142857142857,0.8571428571428571,0.0714285714285714,33,30
10,88.62326508576248,1.9475477464020692,legacy67,minmax,0.7590476190476192,0.8304761904761904,0.07142857142857117,0.9733333333333334,0.9733333333333334,0.0,0.7857142857142857,0.8571428571428571,0.0714285714285714,33,30
11,0.010521761868451128,-1.9779115315055904,legacy67,minmax,0.0,0.0,0.0,1.0,1.0,0.0,0.0,0.0,0.0,0,0
11,0.012087541473056955,-1.9176620228167902,legacy67,minmax,0.0,0.0,0.0,1.0,1.0,0.0,0.0,0.0,0.0,0,0
11,0.01263794633808287,-1.8983234930236192,legacy67,minmax,0.0,0.0,0.0,1.0,1.0,0.0,0.0,0.0,0.0,0,0
11,0.013726318898045865,-1.8624459155391264,legacy67,minmax,0.0,0.0,0.0,1.0,1.0,0.0,0.0,0.0,0.0,0,0
11,0.0151673306880762,-1.8190908443578477,legacy67,minmax,0.0,0.0,0.0,1.0,1.0,0.0,0.0,0.0,0.0,0,0
11,0.015339162591163618,-1.814198349120009,legacy67,minmax,0.0,0.0,0.0,1.0,1.0,0.0,0.0,0.0,0.0,0,0
11,0.017073967431528118,-1.7676655513272022,legacy67,minmax,0.0,0.0,0.0,1.0,1.0,0.0,0.0,0.0,0.0,0,0
11,0.017956984225677628,-1.7457665988559055,legacy67,minmax,0.0,0.0,0.0,1.0,1.0,0.0,0.0,0.0,0.0,1,0
11,0.018205657658407252,-1.739793628058882,legacy67,minmax,0.0,0.0,0.0,1.0,1.0,0.0,0.0,0.0,0.0,2,1
11,0.019777828512462715,-1.7038213930636386,legacy67,minmax,0.0,0.0,0.0,1.0,1.0,0.0,0.0,0.0,0.0,3,1
11,0.01987021538542862,-1.7017974252809167,legacy67,minmax,0.0,0.0,0.0,1.0,1.0,0.0,0.0,0.0,0.0,3,1
11,0.022592797420156945,-1.646029991792322,legacy67,minmax,0.11904761904761907,0.0,-0.11904761904761907,1.0,1.0,0.0,0.11904761904761904,0.0,-0.11904761904761904,3,2
11,0.024586032763280048,-1.6093115439744645,legacy67,minmax,0.1428571428571428,0.38095238095238093,0.23809523809523814,1.0,1.0,0.0,0.14285714285714285,0.38095238095238093,0.23809523809523808,3,2
11,0.027012557725439066,-1.5684342920267822,legacy67,minmax,0.2857142857142856,0.5714285714285714,0.2857142857142858,1.0,1.0,0.0,0.2857142857142857,0.5714285714285714,0.2857142857142857,4,2
11,0.029072088906598435,-1.5365237618994811,legacy67,minmax,0.30952380952380953,0.5714285714285714,0.26190476190476186,1.0,1.0,0.0,0.30952380952380953,0.5714285714285714,0.26190476190476186,4,2
11,0.030086868214458433,-1.5216230162467932,legacy67,minmax,0.30952380952380953,0.5714285714285714,0.26190476190476186,1.0,1.0,0.0,0.30952380952380953,0.5714285714285714,0.26190476190476186,4,2
11,0.030771802712506853,-1.5118470606208847,legacy67,minmax,0.30952380952380953,0.5714285714285714,0.26190476190476186,1.0,1.0,0.0,0.30952380952380953,0.5714285714285714,0.26190476190476186,4,2
11,0.036138942712165265,-1.4420245573918327,legacy67,minmax,0.38095238095238093,0.5714285714285714,0.19047619047619047,1.0,1.0,0.0,0.38095238095238093,0.5714285714285714,0.19047619047619047,5,2
11,0.03661819220392428,-1.4363031001009494,legacy67,minmax,0.45238095238095233,0.5714285714285714,0.11904761904761907,1.0,1.0,0.0,0.4523809523809524,0.5714285714285714,0.11904761904761901,5,2
11,0.04207053950287936,-1.3760219186551894,legacy67,minmax,0.5476190476190477,0.5952380952380953,0.04761904761904767,1.0,1.0,0.0,0.5476190476190477,0.5952380952380952,0.04761904761904756,5,3
11,0.04207988669606635,-1.375925438230254,legacy67,minmax,0.5476190476190477,0.5952380952380953,0.04761904761904767,1.0,1.0,0.0,0.5476190476190477,0.5952380952380952,0.04761904761904756,5,3
11,0.04809461967501572,-1.3179035052508339,legacy67,minmax,0.5714285714285714,0.6666666666666665,0.09523809523809512,1.0,1.0,0.0,0.5714285714285714,0.6666666666666666,0.09523809523809523,6,3
11,0.05337032762603955,-1.2727001311715975,legacy67,minmax,0.5952380952380953,0.6666666666666665,0.07142857142857117,1.0,1.0,0.0,0.5952380952380952,0.6666666666666666,0.0714285714285714,6,5
11,0.05415244119402536,-1.2663819605862647,legacy67,minmax,0.5952380952380953,0.6666666666666665,0.07142857142857117,1.0,1.0,0.0,0.5952380952380952,0.6666666666666666,0.0714285714285714,6,5
11,0.05488047000766042,-1.2605821778978918,legacy67,minmax,0.5952380952380953,0.6666666666666665,0.07142857142857117,1.0,1.0,0.0,0.5952380952380952,0.6666666666666666,0.0714285714285714,6,5
11,0.060803901902965994,-1.2160685503234192,legacy67,minmax,0.5952380952380953,0.6666666666666665,0.07142857142857117,1.0,1.0,0.0,0.5952380952380952,0.6666666666666666,0.0714285714285714,6,6
11,0.06235377135673155,-1.2051372738633104,legacy67,minmax,0.5952380952380953,0.6666666666666665,0.07142857142857117,1.0,1.0,0.0,0.5952380952380952,0.6666666666666666,0.0714285714285714,6,6
11,0.06290644294586147,-1.201304871366561,legacy67,minmax,0.5819047619047619,0.6666666666666665,0.0847619047619046,0.9866666666666667,1.0,0.013333333333333308,0.5952380952380952,0.6666666666666666,0.0714285714285714,6,6
11,0.07068974950624601,-1.1506435572868954,legacy67,minmax,0.6533333333333333,0.6904761904761905,0.037142857142857144,0.9866666666666667,1.0,0.013333333333333308,0.6666666666666666,0.6904761904761905,0.023809523809523836,7,6
11,0.10842262717330158,-0.9648800735999323,legacy67,minmax,0.6400000000000001,0.7380952380952381,0.09809523809523801,0.9733333333333334,1.0,0.026666666666666616,0.6666666666666666,0.7380952380952381,0.07142857142857151,10,6
11,0.12172958098369964,-0.9146038729044164,legacy67,minmax,0.6400000000000001,0.7619047619047619,0.12190476190476174,0.9733333333333334,1.0,0.026666666666666616,0.6666666666666666,0.7619047619047619,0.09523809523809523,10,6
11,0.1329652145729951,-0.876261961250477,legacy67,minmax,0.6400000000000001,0.7619047619047619,0.12190476190476174,0.9733333333333334,1.0,0.026666666666666616,0.6666666666666666,0.7619047619047619,0.09523809523809523,10,6
11,0.14618962793704957,-0.8350834392078323,legacy67,minmax,0.6400000000000001,0.7619047619047619,0.12190476190476174,0.9733333333333334,1.0,0.026666666666666616,0.6666666666666666,0.7619047619047619,0.09523809523809523,10,7
11,0.14742753159914665,-0.8314214058591274,legacy67,minmax,0.6400000000000001,0.7619047619047619,0.12190476190476174,0.9733333333333334,1.0,0.026666666666666616,0.6666666666666666,0.7619047619047619,0.09523809523809523,10,7
11,0.16480446427978968,-0.7830310281618491,legacy67,minmax,0.6638095238095238,0.7619047619047619,0.09809523809523801,0.9733333333333334,1.0,0.026666666666666616,0.6904761904761905,0.7619047619047619,0.0714285714285714,11,8
11,0.16536937182824418,-0.7815449233065173,legacy67,minmax,0.6638095238095238,0.7619047619047619,0.09809523809523801,0.9733333333333334,1.0,0.026666666666666616,0.6904761904761905,0.7619047619047619,0.0714285714285714,11,8
11,0.1753594952976441,-0.7560707131373512,legacy67,minmax,0.6638095238095238,0.7619047619047619,0.09809523809523801,0.9733333333333334,1.0,0.026666666666666616,0.6904761904761905,0.7619047619047619,0.0714285714285714,11,8
11,0.17654048052495064,-0.7531556956423562,legacy67,minmax,0.6400000000000001,0.7619047619047619,0.12190476190476174,0.9733333333333334,1.0,0.026666666666666616,0.6666666666666666,0.7619047619047619,0.09523809523809523,11,8
11,0.1998634077852887,-0.6992667118930118,legacy67,minmax,0.6400000000000001,0.7857142857142856,0.14571428571428546,0.9733333333333334,1.0,0.026666666666666616,0.6666666666666666,0.7857142857142857,0.11904761904761907,11,8
11,0.2001342062287997,-0.6986786769469426,legacy67,minmax,0.6400000000000001,0.7857142857142856,0.14571428571428546,0.9733333333333334,1.0,0.026666666666666616,0.6666666666666666,0.7857142857142857,0.11904761904761907,11,8
11,0.21066486017042194,-0.6764079005894033,legacy67,minmax,0.6400000000000001,0.7857142857142856,0.14571428571428546,0.9733333333333334,1.0,0.026666666666666616,0.6666666666666666,0.7857142857142857,0.11904761904761907,11,8
11,0.2673088310781669,-0.5729866932256429,legacy67,minmax,0.6400000000000001,0.7857142857142856,0.14571428571428546,0.9733333333333334,1.0,0.026666666666666616,0.6666666666666666,0.7857142857142857,0.11904761904761907,13,8
11,0.2715581955282939,-0.5661370858229096,legacy67,minmax,0.6400000000000001,0.7857142857142856,0.14571428571428546,0.9733333333333334,1.0,0.026666666666666616,0.6666666666666666,0.7857142857142857,0.11904761904761907,13,8
11,0.292043384718141,-0.5345526268252332,legacy67,minmax,0.6638095238095238,0.7857142857142856,0.12190476190476174,0.9733333333333334,1.0,0.026666666666666616,0.6904761904761905,0.7857142857142857,0.09523809523809523,13,8
11,0.314891164795686,-0.50183952461055,legacy67,minmax,0.6638095238095238,0.7857142857142856,0.12190476190476174,0.9733333333333334,1.0,0.026666666666666616,0.6904761904761905,0.7857142857142857,0.09523809523809523,14,9
11,0.35868164986275475,-0.44529084124207197,legacy67,minmax,0.6876190476190476,0.7857142857142856,0.09809523809523801,0.9733333333333334,1.0,0.026666666666666616,0.7142857142857143,0.7857142857142857,0.0714285714285714,15,9
11,0.5130551760589832,-0.2898359265658015,legacy67,minmax,0.7457142857142856,0.7857142857142856,0.040000000000000036,0.96,1.0,0.040000000000000036,0.7857142857142857,0.7857142857142857,0.0,18,9
11,0.5342937261279772,-0.27221992543153695,legacy67,minmax,0.7457142857142856,0.8095238095238095,0.06380952380952398,0.96,1.0,0.040000000000000036,0.7857142857142857,0.8095238095238095,0.023809523809523836,18,9
11,0.5762487216478598,-0.23939002504159476,legacy67,minmax,0.7219047619047618,0.8095238095238095,0.08761904761904771,0.96,1.0,0.040000000000000036,0.7619047619047619,0.8095238095238095,0.04761904761904767,19,9
11,0.6672367170464204,-0.17572006313185626,legacy67,minmax,0.7352380952380952,0.8333333333333335,0.09809523809523824,0.9733333333333334,1.0,0.026666666666666616,0.7619047619047619,0.8333333333333334,0.07142857142857151,19,8
11,0.7742116473996242,-0.1111402993522028,legacy67,minmax,0.7352380952380952,0.8571428571428572,0.12190476190476196,0.9733333333333334,1.0,0.026666666666666616,0.7619047619047619,0.8571428571428571,0.09523809523809523,20,8
11,0.9444574254983555,-0.02481761454243703,legacy67,minmax,0.7352380952380952,0.8571428571428572,0.12190476190476196,0.9733333333333334,1.0,0.026666666666666616,0.7619047619047619,0.8571428571428571,0.09523809523809523,22,8
11,0.9565499215943818,-0.019292359554919238,legacy67,minmax,0.7352380952380952,0.8571428571428572,0.12190476190476196,0.9733333333333334,1.0,0.026666666666666616,0.7619047619047619,0.8571428571428571,0.09523809523809523,23,8
11,1.1400863701127315,0.0569377536544464,legacy67,minmax,0.7219047619047618,0.8571428571428572,0.13523809523809538,0.96,1.0,0.040000000000000036,0.7619047619047619,0.8571428571428571,0.09523809523809523,26,9
11,1.2030178871154662,0.08027208471124325,legacy67,minmax,0.7219047619047618,0.8571428571428572,0.13523809523809538,0.96,1.0,0.040000000000000036,0.7619047619047619,0.8571428571428571,0.09523809523809523,27,8
11,1.2329098365270508,0.0909313175279762,legacy67,minmax,0.7219047619047618,0.8571428571428572,0.13523809523809538,0.96,1.0,0.040000000000000036,0.7619047619047619,0.8571428571428571,0.09523809523809523,28,8
11,1.2561043700013554,0.09902572652895136,legacy67,minmax,0.7219047619047618,0.8571428571428572,0.13523809523809538,0.96,1.0,0.040000000000000036,0.7619047619047619,0.8571428571428571,0.09523809523809523,28,8
11,1.4817820606039076,0.17078433263299386,legacy67,minmax,0.7352380952380952,0.8571428571428572,0.12190476190476196,0.9733333333333334,1.0,0.026666666666666616,0.7619047619047619,0.8571428571428571,0.09523809523809523,28,8
11,1.5375920235481748,0.1868411173731186,legacy67,minmax,0.7352380952380952,0.8571428571428572,0.12190476190476196,0.9733333333333334,1.0,0.026666666666666616,0.7619047619047619,0.8571428571428571,0.09523809523809523,28,8
11,1.7583640270008503,0.24510879027798493,legacy67,minmax,0.7828571428571429,0.8571428571428572,0.07428571428571429,0.9733333333333334,1.0,0.026666666666666616,0.8095238095238095,0.8571428571428571,0.04761904761904756,30,8
11,2.34238498471129,0.36965827544816987,legacy67,minmax,0.7828571428571429,0.8571428571428572,0.07428571428571429,0.9733333333333334,1.0,0.026666666666666616,0.8095238095238095,0.8571428571428571,0.04761904761904756,31,8
11,2.4637685958997446,0.39159991524434057,legacy67,minmax,0.7828571428571429,0.8571428571428572,0.07428571428571429,0.9733333333333334,1.0,0.026666666666666616,0.8095238095238095,0.8571428571428571,0.04761904761904756,31,8
11,2.4810409748678097,0.3946339367881464,legacy67,minmax,0.7828571428571429,0.8571428571428572,0.07428571428571429,0.9733333333333334,1.0,0.026666666666666616,0.8095238095238095,0.8571428571428571,0.04761904761904756,31,8
11,2.5378155082656626,0.40446004697283516,legacy67,minmax,0.7828571428571429,0.8571428571428572,0.07428571428571429,0.9733333333333334,1.0,0.026666666666666616,0.8095238095238095,0.8571428571428571,0.04761904761904756,31,8
11,2.692646910086177,0.43017940760575346,legacy67,minmax,0.7828571428571429,0.8571428571428572,0.07428571428571429,0.9733333333333334,1.0,0.026666666666666616,0.8095238095238095,0.8571428571428571,0.04761904761904756,31,8
11,2.801635158716258,0.4474115788895179,legacy67,minmax,0.8066666666666666,0.8571428571428572,0.05047619047619056,0.9733333333333334,1.0,0.026666666666666616,0.8333333333333334,0.8571428571428571,0.023809523809523725,31,8
11,3.113095956122122,0.4931925073102317,legacy67,minmax,0.8066666666666666,0.8571428571428572,0.05047619047619056,0.9733333333333334,1.0,0.026666666666666616,0.8333333333333334,0.8571428571428571,0.023809523809523725,31,8
11,3.550012525851159,0.5502298854208525,legacy67,minmax,0.8066666666666666,0.8571428571428572,0.05047619047619056,0.9733333333333334,1.0,0.026666666666666616,0.8333333333333334,0.8571428571428571,0.023809523809523725,32,8
11,4.467752817973904,0.6500891374159279,legacy67,minmax,0.7933333333333334,0.8571428571428572,0.06380952380952376,0.96,1.0,0.040000000000000036,0.8333333333333334,0.8571428571428571,0.023809523809523725,33,8
11,5.456725485601473,0.7369321060486276,legacy67,minmax,0.7933333333333334,0.8571428571428572,0.06380952380952376,0.96,1.0,0.040000000000000036,0.8333333333333334,0.8571428571428571,0.023809523809523725,33,8
11,6.72093005015611,0.8274293753904685,legacy67,minmax,0.8171428571428572,0.8571428571428572,0.040000000000000036,0.96,1.0,0.040000000000000036,0.8571428571428571,0.8571428571428571,0.0,33,9
11,6.7965780907581514,0.832290311184182,legacy67,minmax,0.8171428571428572,0.8571428571428572,0.040000000000000036,0.96,1.0,0.040000000000000036,0.8571428571428571,0.8571428571428571,0.0,33,9
11,7.128188058401357,0.85297914889198,legacy67,minmax,0.8171428571428572,0.8571428571428572,0.040000000000000036,0.96,1.0,0.040000000000000036,0.8571428571428571,0.8571428571428571,0.0,33,9
11,8.241925264876443,0.9160286721639492,legacy67,minmax,0.7933333333333334,0.8571428571428572,0.06380952380952376,0.96,1.0,0.040000000000000036,0.8333333333333334,0.8571428571428571,0.023809523809523725,33,27
11,8.287522363768153,0.9184247133522563,legacy67,minmax,0.7933333333333334,0.8571428571428572,0.06380952380952376,0.96,1.0,0.040000000000000036,0.8333333333333334,0.8571428571428571,0.023809523809523725,33,27
11,8.471801418819974,0.9279757672456204,legacy67,minmax,0.7933333333333334,0.8571428571428572,0.06380952380952376,0.96,1.0,0.040000000000000036,0.8333333333333334,0.8571428571428571,0.023809523809523725,33,27
11,11.044350847124681,1.0431401944675898,legacy67,minmax,0.7695238095238095,0.8571428571428572,0.08761904761904771,0.96,1.0,0.040000000000000036,0.8095238095238095,0.8571428571428571,0.04761904761904756,33,27
11,12.130221181165155,1.083868719818244,legacy67,minmax,0.7695238095238095,0.8571428571428572,0.08761904761904771,0.96,1.0,0.040000000000000036,0.8095238095238095,0.8571428571428571,0.04761904761904756,33,27
11,12.164139351417056,1.085081386743783,legacy67,minmax,0.7695238095238095,0.8571428571428572,0.08761904761904771,0.96,1.0,0.040000000000000036,0.8095238095238095,0.8571428571428571,0.04761904761904756,33,27
11,12.273800987852958,1.0889790771866297,legacy67,minmax,0.7695238095238095,0.8571428571428572,0.08761904761904771,0.96,1.0,0.040000000000000036,0.8095238095238095,0.8571428571428571,0.04761904761904756,33,27
11,12.604664585649452,1.1005312934444582,legacy67,minmax,0.7695238095238095,0.8571428571428572,0.08761904761904771,0.96,1.0,0.040000000000000036,0.8095238095238095,0.8571428571428571,0.04761904761904756,33,27
11,13.826232179369853,1.1407038455720544,legacy67,minmax,0.7695238095238095,0.8571428571428572,0.08761904761904771,0.96,1.0,0.040000000000000036,0.8095238095238095,0.8571428571428571,0.04761904761904756,33,27
11,16.172900811143133,1.2087879230161587,legacy67,minmax,0.7695238095238095,0.8571428571428572,0.08761904761904771,0.96,1.0,0.040000000000000036,0.8095238095238095,0.8571428571428571,0.04761904761904756,33,27
11,17.123375973163967,1.2335893924658445,legacy67,minmax,0.7695238095238095,0.8571428571428572,0.08761904761904771,0.96,1.0,0.040000000000000036,0.8095238095238095,0.8571428571428571,0.04761904761904756,33,27
11,18.274508859816006,1.2618457138193366,legacy67,minmax,0.7695238095238095,0.8571428571428572,0.08761904761904771,0.96,1.0,0.040000000000000036,0.8095238095238095,0.8571428571428571,0.04761904761904756,33,27
11,20.65142557895924,1.3149500366077174,legacy67,minmax,0.7695238095238095,0.8571428571428572,0.08761904761904771,0.96,1.0,0.040000000000000036,0.8095238095238095,0.8571428571428571,0.04761904761904756,33,27
11,21.36832907235874,1.329770563201687,legacy67,minmax,0.7695238095238095,0.8571428571428572,0.08761904761904771,0.96,1.0,0.040000000000000036,0.8095238095238095,0.8571428571428571,0.04761904761904756,33,27
11,28.340904295147727,1.452413703502374,legacy67,minmax,0.7695238095238095,0.8571428571428572,0.08761904761904771,0.96,1.0,0.040000000000000036,0.8095238095238095,0.8571428571428571,0.04761904761904756,33,28
11,29.154431891537524,1.4647045830997407,legacy67,minmax,0.7695238095238095,0.8571428571428572,0.08761904761904771,0.96,1.0,0.040000000000000036,0.8095238095238095,0.8571428571428571,0.04761904761904756,33,28
11,35.387588647792384,1.5488509703053062,legacy67,minmax,0.7695238095238095,0.8571428571428572,0.08761904761904771,0.96,1.0,0.040000000000000036,0.8095238095238095,0.8571428571428571,0.04761904761904756,33,29
11,37.95853142670639,1.5793094017105953,legacy67,minmax,0.7695238095238095,0.8571428571428572,0.08761904761904771,0.96,1.0,0.040000000000000036,0.8095238095238095,0.8571428571428571,0.04761904761904756,33,29
11,43.37920697490936,1.6372816083151283,legacy67,minmax,0.7695238095238095,0.8571428571428572,0.08761904761904771,0.96,1.0,0.040000000000000036,0.8095238095238095,0.8571428571428571,0.04761904761904756,33,29
11,48.69640941520897,1.6874969400924673,legacy67,minmax,0.7695238095238095,0.8571428571428572,0.08761904761904771,0.96,1.0,0.040000000000000036,0.8095238095238095,0.8571428571428571,0.04761904761904756,33,29
11,57.279044707996185,1.7579957662567565,legacy67,minmax,0.7695238095238095,0.8571428571428572,0.08761904761904771,0.96,1.0,0.040000000000000036,0.8095238095238095,0.8571428571428571,0.04761904761904756,33,30
11,62.45139574743064,1.795542149013333,legacy67,minmax,0.7695238095238095,0.8571428571428572,0.08761904761904771,0.96,1.0,0.040000000000000036,0.8095238095238095,0.8571428571428571,0.04761904761904756,33,30
11,63.512210106406926,1.8028572256396647,legacy67,minmax,0.7695238095238095,0.8571428571428572,0.08761904761904771,0.96,1.0,0.040000000000000036,0.8095238095238095,0.8571428571428571,0.04761904761904756,33,30
11,72.86653737491037,1.8625281322982374,legacy67,minmax,0.7695238095238095,0.8571428571428572,0.08761904761904771,0.96,1.0,0.040000000000000036,0.8095238095238095,0.8571428571428571,0.04761904761904756,33,31
11,75.56810141274423,1.8783385110582342,legacy67,minmax,0.7695238095238095,0.8571428571428572,0.08761904761904771,0.96,1.0,0.040000000000000036,0.8095238095238095,0.8571428571428571,0.04761904761904756,33,31
11,75.79479953347995,1.8796394086479773,legacy67,minmax,0.7695238095238095,0.8571428571428572,0.08761904761904771,0.96,1.0,0.040000000000000036,0.8095238095238095,0.8571428571428571,0.04761904761904756,33,31
11,88.62326508576248,1.9475477464020692,legacy67,minmax,0.7695238095238095,0.8571428571428572,0.08761904761904771,0.96,1.0,0.040000000000000036,0.8095238095238095,0.8571428571428571,0.04761904761904756,33,31
12,0.010521761868451128,-1.9779115315055904,legacy67,minmax,0.0,0.0,0.0,1.0,1.0,0.0,0.0,0.0,0.0,0,0
12,0.012087541473056955,-1.9176620228167902,legacy67,minmax,0.0,0.0,0.0,1.0,1.0,0.0,0.0,0.0,0.0,0,0
12,0.01263794633808287,-1.8983234930236192,legacy67,minmax,0.0,0.0,0.0,1.0,1.0,0.0,0.0,0.0,0.0,0,0
12,0.013726318898045865,-1.8624459155391264,legacy67,minmax,0.0,0.0,0.0,1.0,1.0,0.0,0.0,0.0,0.0,0,0
12,0.0151673306880762,-1.8190908443578477,legacy67,minmax,0.0,0.0,0.0,1.0,1.0,0.0,0.0,0.0,0.0,0,0
12,0.015339162591163618,-1.814198349120009,legacy67,minmax,0.0,0.0,0.0,1.0,1.0,0.0,0.0,0.0,0.0,0,0
12,0.017073967431528118,-1.7676655513272022,legacy67,minmax,0.0,0.0,0.0,1.0,1.0,0.0,0.0,0.0,0.0,1,0
12,0.017956984225677628,-1.7457665988559055,legacy67,minmax,0.0,0.0,0.0,1.0,1.0,0.0,0.0,0.0,0.0,1,0
12,0.018205657658407252,-1.739793628058882,legacy67,minmax,0.0,0.0,0.0,1.0,1.0,0.0,0.0,0.0,0.0,2,1
12,0.019777828512462715,-1.7038213930636386,legacy67,minmax,0.0,0.0,0.0,1.0,1.0,0.0,0.0,0.0,0.0,2,1
12,0.01987021538542862,-1.7017974252809167,legacy67,minmax,0.0,0.0,0.0,1.0,1.0,0.0,0.0,0.0,0.0,2,1
12,0.022592797420156945,-1.646029991792322,legacy67,minmax,0.23809523809523814,0.0,-0.23809523809523814,1.0,1.0,0.0,0.23809523809523808,0.0,-0.23809523809523808,3,2
12,0.024586032763280048,-1.6093115439744645,legacy67,minmax,0.30952380952380953,0.5714285714285714,0.26190476190476186,1.0,1.0,0.0,0.30952380952380953,0.5714285714285714,0.26190476190476186,3,2
12,0.027012557725439066,-1.5684342920267822,legacy67,minmax,0.33333333333333326,0.5714285714285714,0.23809523809523814,1.0,1.0,0.0,0.3333333333333333,0.5714285714285714,0.23809523809523808,3,2
12,0.029072088906598435,-1.5365237618994811,legacy67,minmax,0.33333333333333326,0.5714285714285714,0.23809523809523814,1.0,1.0,0.0,0.3333333333333333,0.5714285714285714,0.23809523809523808,3,2
12,0.030086868214458433,-1.5216230162467932,legacy67,minmax,0.45238095238095233,0.5714285714285714,0.11904761904761907,1.0,1.0,0.0,0.4523809523809524,0.5714285714285714,0.11904761904761901,3,2
12,0.030771802712506853,-1.5118470606208847,legacy67,minmax,0.4761904761904763,0.5714285714285714,0.09523809523809512,1.0,1.0,0.0,0.47619047619047616,0.5714285714285714,0.09523809523809523,3,2
12,0.036138942712165265,-1.4420245573918327,legacy67,minmax,0.5238095238095237,0.5714285714285714,0.04761904761904767,1.0,1.0,0.0,0.5238095238095238,0.5714285714285714,0.04761904761904756,4,2
12,0.03661819220392428,-1.4363031001009494,legacy67,minmax,0.5238095238095237,0.5714285714285714,0.04761904761904767,1.0,1.0,0.0,0.5238095238095238,0.5714285714285714,0.04761904761904756,4,2
12,0.04207053950287936,-1.3760219186551894,legacy67,minmax,0.6428571428571428,0.5714285714285714,-0.0714285714285714,1.0,1.0,0.0,0.6428571428571429,0.5714285714285714,-0.07142857142857151,5,2
12,0.04207988669606635,-1.375925438230254,legacy67,minmax,0.6428571428571428,0.5714285714285714,-0.0714285714285714,1.0,1.0,0.0,0.6428571428571429,0.5714285714285714,-0.07142857142857151,5,2
12,0.04809461967501572,-1.3179035052508339,legacy67,minmax,0.6666666666666665,0.6666666666666665,0.0,1.0,1.0,0.0,0.6666666666666666,0.6666666666666666,0.0,5,3
12,0.05337032762603955,-1.2727001311715975,legacy67,minmax,0.6666666666666665,0.6666666666666665,0.0,1.0,1.0,0.0,0.6666666666666666,0.6666666666666666,0.0,5,4
12,0.05415244119402536,-1.2663819605862647,legacy67,minmax,0.6666666666666665,0.6666666666666665,0.0,1.0,1.0,0.0,0.6666666666666666,0.6666666666666666,0.0,5,4
12,0.05488047000766042,-1.2605821778978918,legacy67,minmax,0.6666666666666665,0.6666666666666665,0.0,1.0,1.0,0.0,0.6666666666666666,0.6666666666666666,0.0,5,4
12,0.060803901902965994,-1.2160685503234192,legacy67,minmax,0.6666666666666665,0.6666666666666665,0.0,1.0,1.0,0.0,0.6666666666666666,0.6666666666666666,0.0,5,5
12,0.06235377135673155,-1.2051372738633104,legacy67,minmax,0.6666666666666665,0.6666666666666665,0.0,1.0,1.0,0.0,0.6666666666666666,0.6666666666666666,0.0,5,5
12,0.06290644294586147,-1.201304871366561,legacy67,minmax,0.6666666666666665,0.6666666666666665,0.0,1.0,1.0,0.0,0.6666666666666666,0.6666666666666666,0.0,5,6
12,0.07068974950624601,-1.1506435572868954,legacy67,minmax,0.6904761904761905,0.6666666666666665,-0.023809523809523947,1.0,1.0,0.0,0.6904761904761905,0.6666666666666666,-0.023809523809523836,5,8
12,0.10842262717330158,-0.9648800735999323,legacy67,minmax,0.7114285714285715,0.8095238095238095,0.09809523809523801,0.9733333333333334,1.0,0.026666666666666616,0.7380952380952381,0.8095238095238095,0.0714285714285714,6,8
12,0.12172958098369964,-0.9146038729044164,legacy67,minmax,0.6980952380952381,0.8095238095238095,0.11142857142857143,0.96,1.0,0.040000000000000036,0.7380952380952381,0.8095238095238095,0.0714285714285714,7,8
12,0.1329652145729951,-0.876261961250477,legacy67,minmax,0.6980952380952381,0.8333333333333335,0.13523809523809538,0.96,1.0,0.040000000000000036,0.7380952380952381,0.8333333333333334,0.09523809523809523,8,8
12,0.14618962793704957,-0.8350834392078323,legacy67,minmax,0.6980952380952381,0.8333333333333335,0.13523809523809538,0.96,1.0,0.040000000000000036,0.7380952380952381,0.8333333333333334,0.09523809523809523,9,8
12,0.14742753159914665,-0.8314214058591274,legacy67,minmax,0.6980952380952381,0.8333333333333335,0.13523809523809538,0.96,1.0,0.040000000000000036,0.7380952380952381,0.8333333333333334,0.09523809523809523,9,8
12,0.16480446427978968,-0.7830310281618491,legacy67,minmax,0.6980952380952381,0.8333333333333335,0.13523809523809538,0.96,1.0,0.040000000000000036,0.7380952380952381,0.8333333333333334,0.09523809523809523,12,8
12,0.16536937182824418,-0.7815449233065173,legacy67,minmax,0.6980952380952381,0.8333333333333335,0.13523809523809538,0.96,1.0,0.040000000000000036,0.7380952380952381,0.8333333333333334,0.09523809523809523,12,8
12,0.1753594952976441,-0.7560707131373512,legacy67,minmax,0.6980952380952381,0.8333333333333335,0.13523809523809538,0.96,1.0,0.040000000000000036,0.7380952380952381,0.8333333333333334,0.09523809523809523,13,8
12,0.17654048052495064,-0.7531556956423562,legacy67,minmax,0.6980952380952381,0.8333333333333335,0.13523809523809538,0.96,1.0,0.040000000000000036,0.7380952380952381,0.8333333333333334,0.09523809523809523,13,8
12,0.1998634077852887,-0.6992667118930118,legacy67,minmax,0.6980952380952381,0.8333333333333335,0.13523809523809538,0.96,1.0,0.040000000000000036,0.7380952380952381,0.8333333333333334,0.09523809523809523,16,8
12,0.2001342062287997,-0.6986786769469426,legacy67,minmax,0.6980952380952381,0.8333333333333335,0.13523809523809538,0.96,1.0,0.040000000000000036,0.7380952380952381,0.8333333333333334,0.09523809523809523,16,8
12,0.21066486017042194,-0.6764079005894033,legacy67,minmax,0.6980952380952381,0.8333333333333335,0.13523809523809538,0.96,1.0,0.040000000000000036,0.7380952380952381,0.8333333333333334,0.09523809523809523,16,8
12,0.2673088310781669,-0.5729866932256429,legacy67,minmax,0.6980952380952381,0.8200000000000001,0.12190476190476196,0.96,0.9866666666666667,0.026666666666666727,0.7380952380952381,0.8333333333333334,0.09523809523809523,17,8
12,0.2715581955282939,-0.5661370858229096,legacy67,minmax,0.6980952380952381,0.8200000000000001,0.12190476190476196,0.96,0.9866666666666667,0.026666666666666727,0.7380952380952381,0.8333333333333334,0.09523809523809523,17,8
12,0.292043384718141,-0.5345526268252332,legacy67,minmax,0.6980952380952381,0.8200000000000001,0.12190476190476196,0.96,0.9866666666666667,0.026666666666666727,0.7380952380952381,0.8333333333333334,0.09523809523809523,17,8
12,0.314891164795686,-0.50183952461055,legacy67,minmax,0.6980952380952381,0.8200000000000001,0.12190476190476196,0.96,0.9866666666666667,0.026666666666666727,0.7380952380952381,0.8333333333333334,0.09523809523809523,18,8
12,0.35868164986275475,-0.44529084124207197,legacy67,minmax,0.7219047619047618,0.8200000000000001,0.09809523809523824,0.96,0.9866666666666667,0.026666666666666727,0.7619047619047619,0.8333333333333334,0.07142857142857151,18,9
12,0.5130551760589832,-0.2898359265658015,legacy67,minmax,0.6980952380952381,0.8200000000000001,0.12190476190476196,0.96,0.9866666666666667,0.026666666666666727,0.7380952380952381,0.8333333333333334,0.09523809523809523,20,9
12,0.5342937261279772,-0.27221992543153695,legacy67,minmax,0.6980952380952381,0.8200000000000001,0.12190476190476196,0.96,0.9866666666666667,0.026666666666666727,0.7380952380952381,0.8333333333333334,0.09523809523809523,20,9
12,0.5762487216478598,-0.23939002504159476,legacy67,minmax,0.6980952380952381,0.8200000000000001,0.12190476190476196,0.96,0.9866666666666667,0.026666666666666727,0.7380952380952381,0.8333333333333334,0.09523809523809523,20,9
12,0.6672367170464204,-0.17572006313185626,legacy67,minmax,0.7219047619047618,0.8171428571428572,0.09523809523809534,0.96,0.96,0.0,0.7619047619047619,0.8571428571428571,0.09523809523809523,23,9
12,0.7742116473996242,-0.1111402993522028,legacy67,minmax,0.7085714285714286,0.8171428571428572,0.10857142857142854,0.9466666666666667,0.96,0.013333333333333308,0.7619047619047619,0.8571428571428571,0.09523809523809523,23,9
12,0.9444574254983555,-0.02481761454243703,legacy67,minmax,0.6847619047619049,0.7904761904761903,0.10571428571428543,0.9466666666666667,0.9333333333333333,-0.013333333333333308,0.7380952380952381,0.8571428571428571,0.11904761904761896,24,9
12,0.9565499215943818,-0.019292359554919238,legacy67,minmax,0.6847619047619049,0.7904761904761903,0.10571428571428543,0.9466666666666667,0.9333333333333333,-0.013333333333333308,0.7380952380952381,0.8571428571428571,0.11904761904761896,24,9
12,1.1400863701127315,0.0569377536544464,legacy67,minmax,0.6847619047619049,0.8247619047619048,0.1399999999999999,0.9466666666666667,0.92,-0.026666666666666616,0.7380952380952381,0.9047619047619048,0.16666666666666663,26,9
12,1.2030178871154662,0.08027208471124325,legacy67,minmax,0.6847619047619049,0.8247619047619048,0.1399999999999999,0.9466666666666667,0.92,-0.026666666666666616,0.7380952380952381,0.9047619047619048,0.16666666666666663,27,9
12,1.2329098365270508,0.0909313175279762,legacy67,minmax,0.7085714285714286,0.8247619047619048,0.11619047619047618,0.9466666666666667,0.92,-0.026666666666666616,0.7619047619047619,0.9047619047619048,0.1428571428571429,26,9
12,1.2561043700013554,0.09902572652895136,legacy67,minmax,0.7085714285714286,0.8247619047619048,0.11619047619047618,0.9466666666666667,0.92,-0.026666666666666616,0.7619047619047619,0.9047619047619048,0.1428571428571429,26,9
12,1.4817820606039076,0.17078433263299386,legacy67,minmax,0.7323809523809524,0.8247619047619048,0.09238095238095245,0.9466666666666667,0.92,-0.026666666666666616,0.7857142857142857,0.9047619047619048,0.11904761904761907,27,9
12,1.5375920235481748,0.1868411173731186,legacy67,minmax,0.7561904761904761,0.8247619047619048,0.06857142857142873,0.9466666666666667,0.92,-0.026666666666666616,0.8095238095238095,0.9047619047619048,0.09523809523809523,27,9
12,1.7583640270008503,0.24510879027798493,legacy67,minmax,0.7561904761904761,0.8247619047619048,0.06857142857142873,0.9466666666666667,0.92,-0.026666666666666616,0.8095238095238095,0.9047619047619048,0.09523809523809523,28,9
12,2.34238498471129,0.36965827544816987,legacy67,minmax,0.7666666666666666,0.8247619047619048,0.0580952380952382,0.9333333333333333,0.92,-0.013333333333333308,0.8333333333333334,0.9047619047619048,0.0714285714285714,28,9
12,2.4637685958997446,0.39159991524434057,legacy67,minmax,0.7666666666666666,0.8247619047619048,0.0580952380952382,0.9333333333333333,0.92,-0.013333333333333308,0.8333333333333334,0.9047619047619048,0.0714285714285714,29,9
12,2.4810409748678097,0.3946339367881464,legacy67,minmax,0.7666666666666666,0.8247619047619048,0.0580952380952382,0.9333333333333333,0.92,-0.013333333333333308,0.8333333333333334,0.9047619047619048,0.0714285714285714,30,9
12,2.5378155082656626,0.40446004697283516,legacy67,minmax,0.7666666666666666,0.8247619047619048,0.0580952380952382,0.9333333333333333,0.92,-0.013333333333333308,0.8333333333333334,0.9047619047619048,0.0714285714285714,30,10
12,2.692646910086177,0.43017940760575346,legacy67,minmax,0.7533333333333334,0.8247619047619048,0.0714285714285714,0.92,0.92,0.0,0.8333333333333334,0.9047619047619048,0.0714285714285714,30,9
12,2.801635158716258,0.4474115788895179,legacy67,minmax,0.7533333333333334,0.8247619047619048,0.0714285714285714,0.92,0.92,0.0,0.8333333333333334,0.9047619047619048,0.0714285714285714,29,10
12,3.113095956122122,0.4931925073102317,legacy67,minmax,0.7295238095238097,0.8247619047619048,0.09523809523809512,0.92,0.92,0.0,0.8095238095238095,0.9047619047619048,0.09523809523809523,29,10
12,3.550012525851159,0.5502298854208525,legacy67,minmax,0.7295238095238097,0.8247619047619048,0.09523809523809512,0.92,0.92,0.0,0.8095238095238095,0.9047619047619048,0.09523809523809523,30,10
12,4.467752817973904,0.6500891374159279,legacy67,minmax,0.7428571428571429,0.8247619047619048,0.08190476190476192,0.9333333333333333,0.92,-0.013333333333333308,0.8095238095238095,0.9047619047619048,0.09523809523809523,31,10
12,5.456725485601473,0.7369321060486276,legacy67,minmax,0.7428571428571429,0.8247619047619048,0.08190476190476192,0.9333333333333333,0.92,-0.013333333333333308,0.8095238095238095,0.9047619047619048,0.09523809523809523,31,10
12,6.72093005015611,0.8274293753904685,legacy67,minmax,0.7428571428571429,0.8247619047619048,0.08190476190476192,0.9333333333333333,0.92,-0.013333333333333308,0.8095238095238095,0.9047619047619048,0.09523809523809523,31,10
12,6.7965780907581514,0.832290311184182,legacy67,minmax,0.7428571428571429,0.8247619047619048,0.08190476190476192,0.9333333333333333,0.92,-0.013333333333333308,0.8095238095238095,0.9047619047619048,0.09523809523809523,31,10
12,7.128188058401357,0.85297914889198,legacy67,minmax,0.7428571428571429,0.8247619047619048,0.08190476190476192,0.9333333333333333,0.92,-0.013333333333333308,0.8095238095238095,0.9047619047619048,0.09523809523809523,31,10
12,8.241925264876443,0.9160286721639492,legacy67,minmax,0.7428571428571429,0.8247619047619048,0.08190476190476192,0.9333333333333333,0.92,-0.013333333333333308,0.8095238095238095,0.9047619047619048,0.09523809523809523,32,29
12,8.287522363768153,0.9184247133522563,legacy67,minmax,0.7295238095238097,0.8247619047619048,0.09523809523809512,0.92,0.92,0.0,0.8095238095238095,0.9047619047619048,0.09523809523809523,32,29
12,8.471801418819974,0.9279757672456204,legacy67,minmax,0.7295238095238097,0.8247619047619048,0.09523809523809512,0.92,0.92,0.0,0.8095238095238095,0.9047619047619048,0.09523809523809523,32,29
12,11.044350847124681,1.0431401944675898,legacy67,minmax,0.7057142857142857,0.8247619047619048,0.11904761904761907,0.92,0.92,0.0,0.7857142857142857,0.9047619047619048,0.11904761904761907,33,29
12,12.130221181165155,1.083868719818244,legacy67,minmax,0.7057142857142857,0.8247619047619048,0.11904761904761907,0.92,0.92,0.0,0.7857142857142857,0.9047619047619048,0.11904761904761907,33,29
12,12.164139351417056,1.085081386743783,legacy67,minmax,0.7057142857142857,0.8247619047619048,0.11904761904761907,0.92,0.92,0.0,0.7857142857142857,0.9047619047619048,0.11904761904761907,33,29
12,12.273800987852958,1.0889790771866297,legacy67,minmax,0.7057142857142857,0.8247619047619048,0.11904761904761907,0.92,0.92,0.0,0.7857142857142857,0.9047619047619048,0.11904761904761907,33,29
12,12.604664585649452,1.1005312934444582,legacy67,minmax,0.7057142857142857,0.8247619047619048,0.11904761904761907,0.92,0.92,0.0,0.7857142857142857,0.9047619047619048,0.11904761904761907,33,29
12,13.826232179369853,1.1407038455720544,legacy67,minmax,0.7057142857142857,0.8247619047619048,0.11904761904761907,0.92,0.92,0.0,0.7857142857142857,0.9047619047619048,0.11904761904761907,33,29
12,16.172900811143133,1.2087879230161587,legacy67,minmax,0.7057142857142857,0.8247619047619048,0.11904761904761907,0.92,0.92,0.0,0.7857142857142857,0.9047619047619048,0.11904761904761907,33,29
12,17.123375973163967,1.2335893924658445,legacy67,minmax,0.7057142857142857,0.8247619047619048,0.11904761904761907,0.92,0.92,0.0,0.7857142857142857,0.9047619047619048,0.11904761904761907,33,29
12,18.274508859816006,1.2618457138193366,legacy67,minmax,0.7295238095238097,0.8247619047619048,0.09523809523809512,0.92,0.92,0.0,0.8095238095238095,0.9047619047619048,0.09523809523809523,33,29
12,20.65142557895924,1.3149500366077174,legacy67,minmax,0.7295238095238097,0.8247619047619048,0.09523809523809512,0.92,0.92,0.0,0.8095238095238095,0.9047619047619048,0.09523809523809523,33,29
12,21.36832907235874,1.329770563201687,legacy67,minmax,0.7295238095238097,0.8247619047619048,0.09523809523809512,0.92,0.92,0.0,0.8095238095238095,0.9047619047619048,0.09523809523809523,33,29
12,28.340904295147727,1.452413703502374,legacy67,minmax,0.716190476190476,0.8247619047619048,0.10857142857142876,0.9066666666666666,0.92,0.01333333333333342,0.8095238095238095,0.9047619047619048,0.09523809523809523,33,29
12,29.154431891537524,1.4647045830997407,legacy67,minmax,0.716190476190476,0.8247619047619048,0.10857142857142876,0.9066666666666666,0.92,0.01333333333333342,0.8095238095238095,0.9047619047619048,0.09523809523809523,33,29
12,35.387588647792384,1.5488509703053062,legacy67,minmax,0.716190476190476,0.8247619047619048,0.10857142857142876,0.9066666666666666,0.92,0.01333333333333342,0.8095238095238095,0.9047619047619048,0.09523809523809523,33,29
12,37.95853142670639,1.5793094017105953,legacy67,minmax,0.716190476190476,0.8247619047619048,0.10857142857142876,0.9066666666666666,0.92,0.01333333333333342,0.8095238095238095,0.9047619047619048,0.09523809523809523,33,29
12,43.37920697490936,1.6372816083151283,legacy67,minmax,0.716190476190476,0.8247619047619048,0.10857142857142876,0.9066666666666666,0.92,0.01333333333333342,0.8095238095238095,0.9047619047619048,0.09523809523809523,33,29
12,48.69640941520897,1.6874969400924673,legacy67,minmax,0.716190476190476,0.8247619047619048,0.10857142857142876,0.9066666666666666,0.92,0.01333333333333342,0.8095238095238095,0.9047619047619048,0.09523809523809523,33,29
12,57.279044707996185,1.7579957662567565,legacy67,minmax,0.716190476190476,0.8247619047619048,0.10857142857142876,0.9066666666666666,0.92,0.01333333333333342,0.8095238095238095,0.9047619047619048,0.09523809523809523,33,30
12,62.45139574743064,1.795542149013333,legacy67,minmax,0.716190476190476,0.8247619047619048,0.10857142857142876,0.9066666666666666,0.92,0.01333333333333342,0.8095238095238095,0.9047619047619048,0.09523809523809523,33,30
12,63.512210106406926,1.8028572256396647,legacy67,minmax,0.716190476190476,0.8247619047619048,0.10857142857142876,0.9066666666666666,0.92,0.01333333333333342,0.8095238095238095,0.9047619047619048,0.09523809523809523,33,30
12,72.86653737491037,1.8625281322982374,legacy67,minmax,0.716190476190476,0.8247619047619048,0.10857142857142876,0.9066666666666666,0.92,0.01333333333333342,0.8095238095238095,0.9047619047619048,0.09523809523809523,33,30
12,75.56810141274423,1.8783385110582342,legacy67,minmax,0.716190476190476,0.8247619047619048,0.10857142857142876,0.9066666666666666,0.92,0.01333333333333342,0.8095238095238095,0.9047619047619048,0.09523809523809523,33,31
12,75.79479953347995,1.8796394086479773,legacy67,minmax,0.716190476190476,0.8247619047619048,0.10857142857142876,0.9066666666666666,0.92,0.01333333333333342,0.8095238095238095,0.9047619047619048,0.09523809523809523,33,31
12,88.62326508576248,1.9475477464020692,legacy67,minmax,0.716190476190476,0.8247619047619048,0.10857142857142876,0.9066666666666666,0.92,0.01333333333333342,0.8095238095238095,0.9047619047619048,0.09523809523809523,33,32
13,0.010521761868451128,-1.9779115315055904,legacy67,minmax,0.0,0.0,0.0,1.0,1.0,0.0,0.0,0.0,0.0,0,0
13,0.012087541473056955,-1.9176620228167902,legacy67,minmax,0.0,0.0,0.0,1.0,1.0,0.0,0.0,0.0,0.0,0,0
13,0.01263794633808287,-1.8983234930236192,legacy67,minmax,0.0,0.0,0.0,1.0,1.0,0.0,0.0,0.0,0.0,0,0
13,0.013726318898045865,-1.8624459155391264,legacy67,minmax,0.0,0.0,0.0,1.0,1.0,0.0,0.0,0.0,0.0,0,0
13,0.0151673306880762,-1.8190908443578477,legacy67,minmax,0.0,0.0,0.0,1.0,1.0,0.0,0.0,0.0,0.0,0,0
13,0.015339162591163618,-1.814198349120009,legacy67,minmax,0.0,0.0,0.0,1.0,1.0,0.0,0.0,0.0,0.0,0,0
13,0.017073967431528118,-1.7676655513272022,legacy67,minmax,0.0,0.0,0.0,1.0,1.0,0.0,0.0,0.0,0.0,1,1
13,0.017956984225677628,-1.7457665988559055,legacy67,minmax,0.0,0.0,0.0,1.0,1.0,0.0,0.0,0.0,0.0,1,1
13,0.018205657658407252,-1.739793628058882,legacy67,minmax,0.0,0.0,0.0,1.0,1.0,0.0,0.0,0.0,0.0,1,1
13,0.019777828512462715,-1.7038213930636386,legacy67,minmax,0.0714285714285714,0.0,-0.0714285714285714,1.0,1.0,0.0,0.07142857142857142,0.0,-0.07142857142857142,2,1
13,0.01987021538542862,-1.7017974252809167,legacy67,minmax,0.0714285714285714,0.0,-0.0714285714285714,1.0,1.0,0.0,0.07142857142857142,0.0,-0.07142857142857142,2,1
13,0.022592797420156945,-1.646029991792322,legacy67,minmax,0.11904761904761907,0.40476190476190466,0.2857142857142856,1.0,1.0,0.0,0.11904761904761904,0.40476190476190477,0.2857142857142857,3,1
13,0.024586032763280048,-1.6093115439744645,legacy67,minmax,0.1428571428571428,0.40476190476190466,0.26190476190476186,1.0,1.0,0.0,0.14285714285714285,0.40476190476190477,0.2619047619047619,3,1
13,0.027012557725439066,-1.5684342920267822,legacy67,minmax,0.23809523809523814,0.40476190476190466,0.16666666666666652,1.0,1.0,0.0,0.23809523809523808,0.40476190476190477,0.16666666666666669,3,1
13,0.029072088906598435,-1.5365237618994811,legacy67,minmax,0.23809523809523814,0.40476190476190466,0.16666666666666652,1.0,1.0,0.0,0.23809523809523808,0.40476190476190477,0.16666666666666669,3,1
13,0.030086868214458433,-1.5216230162467932,legacy67,minmax,0.26190476190476186,0.40476190476190466,0.1428571428571428,1.0,1.0,0.0,0.2619047619047619,0.40476190476190477,0.14285714285714285,3,2
13,0.030771802712506853,-1.5118470606208847,legacy67,minmax,0.26190476190476186,0.40476190476190466,0.1428571428571428,1.0,1.0,0.0,0.2619047619047619,0.40476190476190477,0.14285714285714285,3,2
13,0.036138942712165265,-1.4420245573918327,legacy67,minmax,0.4285714285714286,0.40476190476190466,-0.023809523809523947,1.0,1.0,0.0,0.42857142857142855,0.40476190476190477,-0.02380952380952378,4,2
13,0.03661819220392428,-1.4363031001009494,legacy67,minmax,0.4285714285714286,0.40476190476190466,-0.023809523809523947,1.0,1.0,0.0,0.42857142857142855,0.40476190476190477,-0.02380952380952378,4,2
13,0.04207053950287936,-1.3760219186551894,legacy67,minmax,0.5238095238095237,0.40476190476190466,-0.11904761904761907,1.0,1.0,0.0,0.5238095238095238,0.40476190476190477,-0.11904761904761907,5,3
13,0.04207988669606635,-1.375925438230254,legacy67,minmax,0.5238095238095237,0.40476190476190466,-0.11904761904761907,1.0,1.0,0.0,0.5238095238095238,0.40476190476190477,-0.11904761904761907,5,3
13,0.04809461967501572,-1.3179035052508339,legacy67,minmax,0.5476190476190477,0.40476190476190466,-0.14285714285714302,1.0,1.0,0.0,0.5476190476190477,0.40476190476190477,-0.1428571428571429,5,4
13,0.05337032762603955,-1.2727001311715975,legacy67,minmax,0.5476190476190477,0.45238095238095233,-0.09523809523809534,1.0,1.0,0.0,0.5476190476190477,0.4523809523809524,-0.09523809523809529,5,5
13,0.05415244119402536,-1.2663819605862647,legacy67,minmax,0.5476190476190477,0.45238095238095233,-0.09523809523809534,1.0,1.0,0.0,0.5476190476190477,0.4523809523809524,-0.09523809523809529,5,5
13,0.05488047000766042,-1.2605821778978918,legacy67,minmax,0.5476190476190477,0.45238095238095233,-0.09523809523809534,1.0,1.0,0.0,0.5476190476190477,0.4523809523809524,-0.09523809523809529,5,5
13,0.060803901902965994,-1.2160685503234192,legacy67,minmax,0.5476190476190477,0.5,-0.04761904761904767,1.0,1.0,0.0,0.5476190476190477,0.5,-0.04761904761904767,5,6
13,0.06235377135673155,-1.2051372738633104,legacy67,minmax,0.5476190476190477,0.5,-0.04761904761904767,1.0,1.0,0.0,0.5476190476190477,0.5,-0.04761904761904767,5,6
13,0.06290644294586147,-1.201304871366561,legacy67,minmax,0.5476190476190477,0.5,-0.04761904761904767,1.0,1.0,0.0,0.5476190476190477,0.5,-0.04761904761904767,5,6
13,0.07068974950624601,-1.1506435572868954,legacy67,minmax,0.5342857142857143,0.5,-0.03428571428571425,0.9866666666666667,1.0,0.013333333333333308,0.5476190476190477,0.5,-0.04761904761904767,6,6
13,0.10842262717330158,-0.9648800735999323,legacy67,minmax,0.5819047619047619,0.5714285714285714,-0.010476190476190528,0.9866666666666667,1.0,0.013333333333333308,0.5952380952380952,0.5714285714285714,-0.023809523809523836,6,9
13,0.12172958098369964,-0.9146038729044164,legacy67,minmax,0.5685714285714285,0.5714285714285714,0.0028571428571428914,0.9733333333333334,1.0,0.026666666666666616,0.5952380952380952,0.5714285714285714,-0.023809523809523836,6,9
13,0.1329652145729951,-0.876261961250477,legacy67,minmax,0.5685714285714285,0.5952380952380953,0.02666666666666684,0.9733333333333334,1.0,0.026666666666666616,0.5952380952380952,0.5952380952380952,0.0,9,9
13,0.14618962793704957,-0.8350834392078323,legacy67,minmax,0.5685714285714285,0.5952380952380953,0.02666666666666684,0.9733333333333334,1.0,0.026666666666666616,0.5952380952380952,0.5952380952380952,0.0,10,9
13,0.14742753159914665,-0.8314214058591274,legacy67,minmax,0.5685714285714285,0.5952380952380953,0.02666666666666684,0.9733333333333334,1.0,0.026666666666666616,0.5952380952380952,0.5952380952380952,0.0,10,9
13,0.16480446427978968,-0.7830310281618491,legacy67,minmax,0.5923809523809525,0.6428571428571428,0.05047619047619034,0.9733333333333334,1.0,0.026666666666666616,0.6190476190476191,0.6428571428571429,0.023809523809523836,10,9
13,0.16536937182824418,-0.7815449233065173,legacy67,minmax,0.5923809523809525,0.6428571428571428,0.05047619047619034,0.9733333333333334,1.0,0.026666666666666616,0.6190476190476191,0.6428571428571429,0.023809523809523836,10,9
13,0.1753594952976441,-0.7560707131373512,legacy67,minmax,0.6028571428571428,0.6428571428571428,0.040000000000000036,0.96,1.0,0.040000000000000036,0.6428571428571429,0.6428571428571429,0.0,12,9
13,0.17654048052495064,-0.7531556956423562,legacy67,minmax,0.6028571428571428,0.6428571428571428,0.040000000000000036,0.96,1.0,0.040000000000000036,0.6428571428571429,0.6428571428571429,0.0,12,9
13,0.1998634077852887,-0.6992667118930118,legacy67,minmax,0.6028571428571428,0.6428571428571428,0.040000000000000036,0.96,1.0,0.040000000000000036,0.6428571428571429,0.6428571428571429,0.0,13,9
13,0.2001342062287997,-0.6986786769469426,legacy67,minmax,0.6028571428571428,0.6428571428571428,0.040000000000000036,0.96,1.0,0.040000000000000036,0.6428571428571429,0.6428571428571429,0.0,13,9
13,0.21066486017042194,-0.6764079005894033,legacy67,minmax,0.6266666666666665,0.7380952380952381,0.11142857142857165,0.96,1.0,0.040000000000000036,0.6666666666666666,0.7380952380952381,0.07142857142857151,15,9
13,0.2673088310781669,-0.5729866932256429,legacy67,minmax,0.6638095238095238,0.7114285714285715,0.04761904761904767,0.9733333333333334,0.9733333333333334,0.0,0.6904761904761905,0.7380952380952381,0.04761904761904767,15,10
13,0.2715581955282939,-0.5661370858229096,legacy67,minmax,0.6638095238095238,0.7114285714285715,0.04761904761904767,0.9733333333333334,0.9733333333333334,0.0,0.6904761904761905,0.7380952380952381,0.04761904761904767,14,11
13,0.292043384718141,-0.5345526268252332,legacy67,minmax,0.6400000000000001,0.7114285714285715,0.0714285714285714,0.9733333333333334,0.9733333333333334,0.0,0.6666666666666666,0.7380952380952381,0.07142857142857151,14,11
13,0.314891164795686,-0.50183952461055,legacy67,minmax,0.6266666666666665,0.7114285714285715,0.08476190476190504,0.96,0.9733333333333334,0.01333333333333342,0.6666666666666666,0.7380952380952381,0.07142857142857151,14,11
13,0.35868164986275475,-0.44529084124207197,legacy67,minmax,0.7219047619047618,0.7352380952380952,0.01333333333333342,0.96,0.9733333333333334,0.01333333333333342,0.7619047619047619,0.7619047619047619,0.0,15,11
13,0.5130551760589832,-0.2898359265658015,legacy67,minmax,0.7219047619047618,0.7352380952380952,0.01333333333333342,0.96,0.9733333333333334,0.01333333333333342,0.7619047619047619,0.7619047619047619,0.0,15,10
13,0.5342937261279772,-0.27221992543153695,legacy67,minmax,0.7219047619047618,0.7352380952380952,0.01333333333333342,0.96,0.9733333333333334,0.01333333333333342,0.7619047619047619,0.7619047619047619,0.0,15,10
13,0.5762487216478598,-0.23939002504159476,legacy67,minmax,0.7219047619047618,0.7352380952380952,0.01333333333333342,0.96,0.9733333333333334,0.01333333333333342,0.7619047619047619,0.7619047619047619,0.0,16,10
13,0.6672367170464204,-0.17572006313185626,legacy67,minmax,0.7219047619047618,0.7352380952380952,0.01333333333333342,0.96,0.9733333333333334,0.01333333333333342,0.7619047619047619,0.7619047619047619,0.0,19,10
13,0.7742116473996242,-0.1111402993522028,legacy67,minmax,0.7085714285714286,0.7352380952380952,0.026666666666666616,0.9466666666666667,0.9733333333333334,0.026666666666666727,0.7619047619047619,0.7619047619047619,0.0,21,10
13,0.9444574254983555,-0.02481761454243703,legacy67,minmax,0.7085714285714286,0.7352380952380952,0.026666666666666616,0.9466666666666667,0.9733333333333334,0.026666666666666727,0.7619047619047619,0.7619047619047619,0.0,22,10
13,0.9565499215943818,-0.019292359554919238,legacy67,minmax,0.7085714285714286,0.7352380952380952,0.026666666666666616,0.9466666666666667,0.9733333333333334,0.026666666666666727,0.7619047619047619,0.7619047619047619,0.0,22,10
13,1.1400863701127315,0.0569377536544464,legacy67,minmax,0.7219047619047618,0.7352380952380952,0.01333333333333342,0.96,0.9733333333333334,0.01333333333333342,0.7619047619047619,0.7619047619047619,0.0,23,10
13,1.2030178871154662,0.08027208471124325,legacy67,minmax,0.7219047619047618,0.7352380952380952,0.01333333333333342,0.96,0.9733333333333334,0.01333333333333342,0.7619047619047619,0.7619047619047619,0.0,24,10
13,1.2329098365270508,0.0909313175279762,legacy67,minmax,0.7219047619047618,0.7352380952380952,0.01333333333333342,0.96,0.9733333333333334,0.01333333333333342,0.7619047619047619,0.7619047619047619,0.0,24,10
13,1.2561043700013554,0.09902572652895136,legacy67,minmax,0.7219047619047618,0.7352380952380952,0.01333333333333342,0.96,0.9733333333333334,0.01333333333333342,0.7619047619047619,0.7619047619047619,0.0,24,10
13,1.4817820606039076,0.17078433263299386,legacy67,minmax,0.7219047619047618,0.7352380952380952,0.01333333333333342,0.96,0.9733333333333334,0.01333333333333342,0.7619047619047619,0.7619047619047619,0.0,26,10
13,1.5375920235481748,0.1868411173731186,legacy67,minmax,0.7219047619047618,0.7352380952380952,0.01333333333333342,0.96,0.9733333333333334,0.01333333333333342,0.7619047619047619,0.7619047619047619,0.0,26,10
13,1.7583640270008503,0.24510879027798493,legacy67,minmax,0.7219047619047618,0.7352380952380952,0.01333333333333342,0.96,0.9733333333333334,0.01333333333333342,0.7619047619047619,0.7619047619047619,0.0,26,10
13,2.34238498471129,0.36965827544816987,legacy67,minmax,0.7219047619047618,0.7352380952380952,0.01333333333333342,0.96,0.9733333333333334,0.01333333333333342,0.7619047619047619,0.7619047619047619,0.0,28,10
13,2.4637685958997446,0.39159991524434057,legacy67,minmax,0.7219047619047618,0.7352380952380952,0.01333333333333342,0.96,0.9733333333333334,0.01333333333333342,0.7619047619047619,0.7619047619047619,0.0,28,10
13,2.4810409748678097,0.3946339367881464,legacy67,minmax,0.7219047619047618,0.7352380952380952,0.01333333333333342,0.96,0.9733333333333334,0.01333333333333342,0.7619047619047619,0.7619047619047619,0.0,28,10
13,2.5378155082656626,0.40446004697283516,legacy67,minmax,0.7219047619047618,0.7352380952380952,0.01333333333333342,0.96,0.9733333333333334,0.01333333333333342,0.7619047619047619,0.7619047619047619,0.0,28,10
13,2.692646910086177,0.43017940760575346,legacy67,minmax,0.7219047619047618,0.7352380952380952,0.01333333333333342,0.96,0.9733333333333334,0.01333333333333342,0.7619047619047619,0.7619047619047619,0.0,28,10
13,2.801635158716258,0.4474115788895179,legacy67,minmax,0.7352380952380952,0.7695238095238095,0.03428571428571425,0.9733333333333334,0.96,-0.01333333333333342,0.7619047619047619,0.8095238095238095,0.04761904761904767,28,10
13,3.113095956122122,0.4931925073102317,legacy67,minmax,0.7352380952380952,0.7695238095238095,0.03428571428571425,0.9733333333333334,0.96,-0.01333333333333342,0.7619047619047619,0.8095238095238095,0.04761904761904767,28,10
13,3.550012525851159,0.5502298854208525,legacy67,minmax,0.6980952380952381,0.7695238095238095,0.0714285714285714,0.96,0.96,0.0,0.7380952380952381,0.8095238095238095,0.0714285714285714,28,10
13,4.467752817973904,0.6500891374159279,legacy67,minmax,0.6742857142857144,0.7695238095238095,0.09523809523809512,0.96,0.96,0.0,0.7142857142857143,0.8095238095238095,0.09523809523809523,28,10
13,5.456725485601473,0.7369321060486276,legacy67,minmax,0.6504761904761904,0.7695238095238095,0.11904761904761907,0.96,0.96,0.0,0.6904761904761905,0.8095238095238095,0.11904761904761907,29,10
13,6.72093005015611,0.8274293753904685,legacy67,minmax,0.6504761904761904,0.7695238095238095,0.11904761904761907,0.96,0.96,0.0,0.6904761904761905,0.8095238095238095,0.11904761904761907,29,10
13,6.7965780907581514,0.832290311184182,legacy67,minmax,0.6504761904761904,0.7695238095238095,0.11904761904761907,0.96,0.96,0.0,0.6904761904761905,0.8095238095238095,0.11904761904761907,29,10
13,7.128188058401357,0.85297914889198,legacy67,minmax,0.6504761904761904,0.7695238095238095,0.11904761904761907,0.96,0.96,0.0,0.6904761904761905,0.8095238095238095,0.11904761904761907,29,10
13,8.241925264876443,0.9160286721639492,legacy67,minmax,0.6504761904761904,0.7695238095238095,0.11904761904761907,0.96,0.96,0.0,0.6904761904761905,0.8095238095238095,0.11904761904761907,29,27
13,8.287522363768153,0.9184247133522563,legacy67,minmax,0.6504761904761904,0.7695238095238095,0.11904761904761907,0.96,0.96,0.0,0.6904761904761905,0.8095238095238095,0.11904761904761907,29,27
13,8.471801418819974,0.9279757672456204,legacy67,minmax,0.6504761904761904,0.7695238095238095,0.11904761904761907,0.96,0.96,0.0,0.6904761904761905,0.8095238095238095,0.11904761904761907,29,27
13,11.044350847124681,1.0431401944675898,legacy67,minmax,0.6504761904761904,0.7695238095238095,0.11904761904761907,0.96,0.96,0.0,0.6904761904761905,0.8095238095238095,0.11904761904761907,29,27
13,12.130221181165155,1.083868719818244,legacy67,minmax,0.6504761904761904,0.7695238095238095,0.11904761904761907,0.96,0.96,0.0,0.6904761904761905,0.8095238095238095,0.11904761904761907,32,27
13,12.164139351417056,1.085081386743783,legacy67,minmax,0.6504761904761904,0.7695238095238095,0.11904761904761907,0.96,0.96,0.0,0.6904761904761905,0.8095238095238095,0.11904761904761907,32,27
13,12.273800987852958,1.0889790771866297,legacy67,minmax,0.6504761904761904,0.7695238095238095,0.11904761904761907,0.96,0.96,0.0,0.6904761904761905,0.8095238095238095,0.11904761904761907,32,27
13,12.604664585649452,1.1005312934444582,legacy67,minmax,0.6504761904761904,0.7695238095238095,0.11904761904761907,0.96,0.96,0.0,0.6904761904761905,0.8095238095238095,0.11904761904761907,32,27
13,13.826232179369853,1.1407038455720544,legacy67,minmax,0.6504761904761904,0.7695238095238095,0.11904761904761907,0.96,0.96,0.0,0.6904761904761905,0.8095238095238095,0.11904761904761907,32,27
13,16.172900811143133,1.2087879230161587,legacy67,minmax,0.6504761904761904,0.7695238095238095,0.11904761904761907,0.96,0.96,0.0,0.6904761904761905,0.8095238095238095,0.11904761904761907,32,27
13,17.123375973163967,1.2335893924658445,legacy67,minmax,0.6504761904761904,0.7695238095238095,0.11904761904761907,0.96,0.96,0.0,0.6904761904761905,0.8095238095238095,0.11904761904761907,32,27
13,18.274508859816006,1.2618457138193366,legacy67,minmax,0.6504761904761904,0.7695238095238095,0.11904761904761907,0.96,0.96,0.0,0.6904761904761905,0.8095238095238095,0.11904761904761907,32,27
13,20.65142557895924,1.3149500366077174,legacy67,minmax,0.6504761904761904,0.7695238095238095,0.11904761904761907,0.96,0.96,0.0,0.6904761904761905,0.8095238095238095,0.11904761904761907,32,27
13,21.36832907235874,1.329770563201687,legacy67,minmax,0.6504761904761904,0.7695238095238095,0.11904761904761907,0.96,0.96,0.0,0.6904761904761905,0.8095238095238095,0.11904761904761907,32,27
13,28.340904295147727,1.452413703502374,legacy67,minmax,0.6504761904761904,0.7695238095238095,0.11904761904761907,0.96,0.96,0.0,0.6904761904761905,0.8095238095238095,0.11904761904761907,32,28
13,29.154431891537524,1.4647045830997407,legacy67,minmax,0.6504761904761904,0.7695238095238095,0.11904761904761907,0.96,0.96,0.0,0.6904761904761905,0.8095238095238095,0.11904761904761907,32,28
13,35.387588647792384,1.5488509703053062,legacy67,minmax,0.6504761904761904,0.7695238095238095,0.11904761904761907,0.96,0.96,0.0,0.6904761904761905,0.8095238095238095,0.11904761904761907,32,29
13,37.95853142670639,1.5793094017105953,legacy67,minmax,0.6504761904761904,0.7695238095238095,0.11904761904761907,0.96,0.96,0.0,0.6904761904761905,0.8095238095238095,0.11904761904761907,32,29
13,43.37920697490936,1.6372816083151283,legacy67,minmax,0.6504761904761904,0.7695238095238095,0.11904761904761907,0.96,0.96,0.0,0.6904761904761905,0.8095238095238095,0.11904761904761907,32,29
13,48.69640941520897,1.6874969400924673,legacy67,minmax,0.6504761904761904,0.7695238095238095,0.11904761904761907,0.96,0.96,0.0,0.6904761904761905,0.8095238095238095,0.11904761904761907,32,29
13,57.279044707996185,1.7579957662567565,legacy67,minmax,0.6504761904761904,0.7695238095238095,0.11904761904761907,0.96,0.96,0.0,0.6904761904761905,0.8095238095238095,0.11904761904761907,32,30
13,62.45139574743064,1.795542149013333,legacy67,minmax,0.6504761904761904,0.7695238095238095,0.11904761904761907,0.96,0.96,0.0,0.6904761904761905,0.8095238095238095,0.11904761904761907,32,30
13,63.512210106406926,1.8028572256396647,legacy67,minmax,0.6504761904761904,0.7695238095238095,0.11904761904761907,0.96,0.96,0.0,0.6904761904761905,0.8095238095238095,0.11904761904761907,32,30
13,72.86653737491037,1.8625281322982374,legacy67,minmax,0.6504761904761904,0.7695238095238095,0.11904761904761907,0.96,0.96,0.0,0.6904761904761905,0.8095238095238095,0.11904761904761907,32,30
13,75.56810141274423,1.8783385110582342,legacy67,minmax,0.6504761904761904,0.7695238095238095,0.11904761904761907,0.96,0.96,0.0,0.6904761904761905,0.8095238095238095,0.11904761904761907,32,30
13,75.79479953347995,1.8796394086479773,legacy67,minmax,0.6504761904761904,0.7695238095238095,0.11904761904761907,0.96,0.96,0.0,0.6904761904761905,0.8095238095238095,0.11904761904761907,32,30
13,88.62326508576248,1.9475477464020692,legacy67,minmax,0.6504761904761904,0.7695238095238095,0.11904761904761907,0.96,0.96,0.0,0.6904761904761905,0.8095238095238095,0.11904761904761907,32,30
14,0.010521761868451128,-1.9779115315055904,legacy67,minmax,0.0,0.0,0.0,1.0,1.0,0.0,0.0,0.0,0.0,0,0
14,0.012087541473056955,-1.9176620228167902,legacy67,minmax,0.0,0.0,0.0,1.0,1.0,0.0,0.0,0.0,0.0,0,0
14,0.01263794633808287,-1.8983234930236192,legacy67,minmax,0.0,0.0,0.0,1.0,1.0,0.0,0.0,0.0,0.0,0,0
14,0.013726318898045865,-1.8624459155391264,legacy67,minmax,0.0,0.0,0.0,1.0,1.0,0.0,0.0,0.0,0.0,0,0
14,0.0151673306880762,-1.8190908443578477,legacy67,minmax,0.0,0.0,0.0,1.0,1.0,0.0,0.0,0.0,0.0,0,0
14,0.015339162591163618,-1.814198349120009,legacy67,minmax,0.0,0.0,0.0,1.0,1.0,0.0,0.0,0.0,0.0,0,0
14,0.017073967431528118,-1.7676655513272022,legacy67,minmax,0.0,0.0,0.0,1.0,1.0,0.0,0.0,0.0,0.0,0,0
14,0.017956984225677628,-1.7457665988559055,legacy67,minmax,0.0,0.0,0.0,1.0,1.0,0.0,0.0,0.0,0.0,1,1
14,0.018205657658407252,-1.739793628058882,legacy67,minmax,0.0,0.0,0.0,1.0,1.0,0.0,0.0,0.0,0.0,1,1
14,0.019777828512462715,-1.7038213930636386,legacy67,minmax,0.0,0.0,0.0,1.0,1.0,0.0,0.0,0.0,0.0,2,1
14,0.01987021538542862,-1.7017974252809167,legacy67,minmax,0.0,0.0,0.0,1.0,1.0,0.0,0.0,0.0,0.0,3,1
14,0.022592797420156945,-1.646029991792322,legacy67,minmax,0.11904761904761907,0.5238095238095237,0.40476190476190466,1.0,1.0,0.0,0.11904761904761904,0.5238095238095238,0.40476190476190477,3,1
14,0.024586032763280048,-1.6093115439744645,legacy67,minmax,0.26190476190476186,0.5238095238095237,0.26190476190476186,1.0,1.0,0.0,0.2619047619047619,0.5238095238095238,0.2619047619047619,3,1
14,0.027012557725439066,-1.5684342920267822,legacy67,minmax,0.38095238095238093,0.5238095238095237,0.1428571428571428,1.0,1.0,0.0,0.38095238095238093,0.5238095238095238,0.1428571428571429,3,1
14,0.029072088906598435,-1.5365237618994811,legacy67,minmax,0.40476190476190466,0.5238095238095237,0.11904761904761907,1.0,1.0,0.0,0.40476190476190477,0.5238095238095238,0.11904761904761907,3,2
14,0.030086868214458433,-1.5216230162467932,legacy67,minmax,0.40476190476190466,0.5238095238095237,0.11904761904761907,1.0,1.0,0.0,0.40476190476190477,0.5238095238095238,0.11904761904761907,3,2
14,0.030771802712506853,-1.5118470606208847,legacy67,minmax,0.40476190476190466,0.5238095238095237,0.11904761904761907,1.0,1.0,0.0,0.40476190476190477,0.5238095238095238,0.11904761904761907,3,2
14,0.036138942712165265,-1.4420245573918327,legacy67,minmax,0.5714285714285714,0.5238095238095237,-0.04761904761904767,1.0,1.0,0.0,0.5714285714285714,0.5238095238095238,-0.04761904761904756,3,2
14,0.03661819220392428,-1.4363031001009494,legacy67,minmax,0.5714285714285714,0.5238095238095237,-0.04761904761904767,1.0,1.0,0.0,0.5714285714285714,0.5238095238095238,-0.04761904761904756,3,2
14,0.04207053950287936,-1.3760219186551894,legacy67,minmax,0.6666666666666665,0.5238095238095237,-0.1428571428571428,1.0,1.0,0.0,0.6666666666666666,0.5238095238095238,-0.1428571428571428,3,3
14,0.04207988669606635,-1.375925438230254,legacy67,minmax,0.6666666666666665,0.5238095238095237,-0.1428571428571428,1.0,1.0,0.0,0.6666666666666666,0.5238095238095238,-0.1428571428571428,3,3
14,0.04809461967501572,-1.3179035052508339,legacy67,minmax,0.6666666666666665,0.5238095238095237,-0.1428571428571428,1.0,1.0,0.0,0.6666666666666666,0.5238095238095238,-0.1428571428571428,5,4
14,0.05337032762603955,-1.2727001311715975,legacy67,minmax,0.6666666666666665,0.5714285714285714,-0.09523809523809512,1.0,1.0,0.0,0.6666666666666666,0.5714285714285714,-0.09523809523809523,5,4
14,0.05415244119402536,-1.2663819605862647,legacy67,minmax,0.6666666666666665,0.5714285714285714,-0.09523809523809512,1.0,1.0,0.0,0.6666666666666666,0.5714285714285714,-0.09523809523809523,5,4
14,0.05488047000766042,-1.2605821778978918,legacy67,minmax,0.6666666666666665,0.5714285714285714,-0.09523809523809512,1.0,1.0,0.0,0.6666666666666666,0.5714285714285714,-0.09523809523809523,5,4
14,0.060803901902965994,-1.2160685503234192,legacy67,minmax,0.6666666666666665,0.6428571428571428,-0.023809523809523725,1.0,1.0,0.0,0.6666666666666666,0.6428571428571429,-0.023809523809523725,5,5
14,0.06235377135673155,-1.2051372738633104,legacy67,minmax,0.6666666666666665,0.6428571428571428,-0.023809523809523725,1.0,1.0,0.0,0.6666666666666666,0.6428571428571429,-0.023809523809523725,5,6
14,0.06290644294586147,-1.201304871366561,legacy67,minmax,0.6666666666666665,0.6428571428571428,-0.023809523809523725,1.0,1.0,0.0,0.6666666666666666,0.6428571428571429,-0.023809523809523725,5,6
14,0.07068974950624601,-1.1506435572868954,legacy67,minmax,0.6666666666666665,0.6428571428571428,-0.023809523809523725,1.0,1.0,0.0,0.6666666666666666,0.6428571428571429,-0.023809523809523725,6,7
14,0.10842262717330158,-0.9648800735999323,legacy67,minmax,0.6904761904761905,0.7142857142857144,0.023809523809523947,1.0,1.0,0.0,0.6904761904761905,0.7142857142857143,0.023809523809523836,9,8
14,0.12172958098369964,-0.9146038729044164,legacy67,minmax,0.6904761904761905,0.7380952380952381,0.04761904761904767,1.0,1.0,0.0,0.6904761904761905,0.7380952380952381,0.04761904761904767,9,8
14,0.1329652145729951,-0.876261961250477,legacy67,minmax,0.6904761904761905,0.8333333333333335,0.14285714285714302,1.0,1.0,0.0,0.6904761904761905,0.8333333333333334,0.1428571428571429,9,8
14,0.14618962793704957,-0.8350834392078323,legacy67,minmax,0.6904761904761905,0.8333333333333335,0.14285714285714302,1.0,1.0,0.0,0.6904761904761905,0.8333333333333334,0.1428571428571429,10,8
14,0.14742753159914665,-0.8314214058591274,legacy67,minmax,0.6904761904761905,0.8571428571428572,0.16666666666666674,1.0,1.0,0.0,0.6904761904761905,0.8571428571428571,0.16666666666666663,10,8
14,0.16480446427978968,-0.7830310281618491,legacy67,minmax,0.6904761904761905,0.8571428571428572,0.16666666666666674,1.0,1.0,0.0,0.6904761904761905,0.8571428571428571,0.16666666666666663,10,8
14,0.16536937182824418,-0.7815449233065173,legacy67,minmax,0.6904761904761905,0.8571428571428572,0.16666666666666674,1.0,1.0,0.0,0.6904761904761905,0.8571428571428571,0.16666666666666663,10,8
14,0.1753594952976441,-0.7560707131373512,legacy67,minmax,0.6904761904761905,0.8571428571428572,0.16666666666666674,1.0,1.0,0.0,0.6904761904761905,0.8571428571428571,0.16666666666666663,12,8
14,0.17654048052495064,-0.7531556956423562,legacy67,minmax,0.6904761904761905,0.8571428571428572,0.16666666666666674,1.0,1.0,0.0,0.6904761904761905,0.8571428571428571,0.16666666666666663,12,8
14,0.1998634077852887,-0.6992667118930118,legacy67,minmax,0.677142857142857,0.8571428571428572,0.18000000000000016,0.9866666666666667,1.0,0.013333333333333308,0.6904761904761905,0.8571428571428571,0.16666666666666663,12,8
14,0.2001342062287997,-0.6986786769469426,legacy67,minmax,0.677142857142857,0.8571428571428572,0.18000000000000016,0.9866666666666667,1.0,0.013333333333333308,0.6904761904761905,0.8571428571428571,0.16666666666666663,12,8
14,0.21066486017042194,-0.6764079005894033,legacy67,minmax,0.677142857142857,0.8571428571428572,0.18000000000000016,0.9866666666666667,1.0,0.013333333333333308,0.6904761904761905,0.8571428571428571,0.16666666666666663,12,8
14,0.2673088310781669,-0.5729866932256429,legacy67,minmax,0.6876190476190476,0.8571428571428572,0.16952380952380963,0.9733333333333334,1.0,0.026666666666666616,0.7142857142857143,0.8571428571428571,0.1428571428571428,13,8
14,0.2715581955282939,-0.5661370858229096,legacy67,minmax,0.6876190476190476,0.8571428571428572,0.16952380952380963,0.9733333333333334,1.0,0.026666666666666616,0.7142857142857143,0.8571428571428571,0.1428571428571428,13,8
14,0.292043384718141,-0.5345526268252332,legacy67,minmax,0.6876190476190476,0.8676190476190477,0.18000000000000016,0.9733333333333334,0.9866666666666667,0.013333333333333308,0.7142857142857143,0.8809523809523809,0.16666666666666663,13,9
14,0.314891164795686,-0.50183952461055,legacy67,minmax,0.7114285714285715,0.8676190476190477,0.1561904761904762,0.9733333333333334,0.9866666666666667,0.013333333333333308,0.7380952380952381,0.8809523809523809,0.1428571428571428,13,9
14,0.35868164986275475,-0.44529084124207197,legacy67,minmax,0.7114285714285715,0.8676190476190477,0.1561904761904762,0.9733333333333334,0.9866666666666667,0.013333333333333308,0.7380952380952381,0.8809523809523809,0.1428571428571428,14,9
14,0.5130551760589832,-0.2898359265658015,legacy67,minmax,0.7828571428571429,0.8676190476190477,0.08476190476190482,0.9733333333333334,0.9866666666666667,0.013333333333333308,0.8095238095238095,0.8809523809523809,0.0714285714285714,15,8
14,0.5342937261279772,-0.27221992543153695,legacy67,minmax,0.7828571428571429,0.8676190476190477,0.08476190476190482,0.9733333333333334,0.9866666666666667,0.013333333333333308,0.8095238095238095,0.8809523809523809,0.0714285714285714,16,8
14,0.5762487216478598,-0.23939002504159476,legacy67,minmax,0.7828571428571429,0.8914285714285715,0.10857142857142854,0.9733333333333334,0.9866666666666667,0.013333333333333308,0.8095238095238095,0.9047619047619048,0.09523809523809523,17,8
14,0.6672367170464204,-0.17572006313185626,legacy67,minmax,0.7828571428571429,0.8914285714285715,0.10857142857142854,0.9733333333333334,0.9866666666666667,0.013333333333333308,0.8095238095238095,0.9047619047619048,0.09523809523809523,18,9
14,0.7742116473996242,-0.1111402993522028,legacy67,minmax,0.7590476190476192,0.8914285714285715,0.13238095238095227,0.9733333333333334,0.9866666666666667,0.013333333333333308,0.7857142857142857,0.9047619047619048,0.11904761904761907,18,9
14,0.9444574254983555,-0.02481761454243703,legacy67,minmax,0.7828571428571429,0.8914285714285715,0.10857142857142854,0.9733333333333334,0.9866666666666667,0.013333333333333308,0.8095238095238095,0.9047619047619048,0.09523809523809523,20,9
14,0.9565499215943818,-0.019292359554919238,legacy67,minmax,0.7828571428571429,0.8914285714285715,0.10857142857142854,0.9733333333333334,0.9866666666666667,0.013333333333333308,0.8095238095238095,0.9047619047619048,0.09523809523809523,20,9
14,1.1400863701127315,0.0569377536544464,legacy67,minmax,0.7590476190476192,0.8914285714285715,0.13238095238095227,0.9733333333333334,0.9866666666666667,0.013333333333333308,0.7857142857142857,0.9047619047619048,0.11904761904761907,23,9
14,1.2030178871154662,0.08027208471124325,legacy67,minmax,0.7590476190476192,0.8914285714285715,0.13238095238095227,0.9733333333333334,0.9866666666666667,0.013333333333333308,0.7857142857142857,0.9047619047619048,0.11904761904761907,26,9
14,1.2329098365270508,0.0909313175279762,legacy67,minmax,0.7590476190476192,0.8914285714285715,0.13238095238095227,0.9733333333333334,0.9866666666666667,0.013333333333333308,0.7857142857142857,0.9047619047619048,0.11904761904761907,26,9
14,1.2561043700013554,0.09902572652895136,legacy67,minmax,0.7590476190476192,0.8914285714285715,0.13238095238095227,0.9733333333333334,0.9866666666666667,0.013333333333333308,0.7857142857142857,0.9047619047619048,0.11904761904761907,26,9
14,1.4817820606039076,0.17078433263299386,legacy67,minmax,0.7828571428571429,0.8914285714285715,0.10857142857142854,0.9733333333333334,0.9866666666666667,0.013333333333333308,0.8095238095238095,0.9047619047619048,0.09523809523809523,27,9
14,1.5375920235481748,0.1868411173731186,legacy67,minmax,0.7828571428571429,0.8914285714285715,0.10857142857142854,0.9733333333333334,0.9866666666666667,0.013333333333333308,0.8095238095238095,0.9047619047619048,0.09523809523809523,27,9
14,1.7583640270008503,0.24510879027798493,legacy67,minmax,0.7828571428571429,0.8647619047619046,0.0819047619047617,0.9733333333333334,0.96,-0.01333333333333342,0.8095238095238095,0.9047619047619048,0.09523809523809523,27,9
14,2.34238498471129,0.36965827544816987,legacy67,minmax,0.7085714285714286,0.8647619047619046,0.156190476190476,0.9466666666666667,0.96,0.013333333333333308,0.7619047619047619,0.9047619047619048,0.1428571428571429,30,9
14,2.4637685958997446,0.39159991524434057,legacy67,minmax,0.7085714285714286,0.8647619047619046,0.156190476190476,0.9466666666666667,0.96,0.013333333333333308,0.7619047619047619,0.9047619047619048,0.1428571428571429,30,9
14,2.4810409748678097,0.3946339367881464,legacy67,minmax,0.7085714285714286,0.8647619047619046,0.156190476190476,0.9466666666666667,0.96,0.013333333333333308,0.7619047619047619,0.9047619047619048,0.1428571428571429,30,9
14,2.5378155082656626,0.40446004697283516,legacy67,minmax,0.7085714285714286,0.8647619047619046,0.156190476190476,0.9466666666666667,0.96,0.013333333333333308,0.7619047619047619,0.9047619047619048,0.1428571428571429,30,9
14,2.692646910086177,0.43017940760575346,legacy67,minmax,0.7085714285714286,0.8647619047619046,0.156190476190476,0.9466666666666667,0.96,0.013333333333333308,0.7619047619047619,0.9047619047619048,0.1428571428571429,30,9
14,2.801635158716258,0.4474115788895179,legacy67,minmax,0.7085714285714286,0.8647619047619046,0.156190476190476,0.9466666666666667,0.96,0.013333333333333308,0.7619047619047619,0.9047619047619048,0.1428571428571429,31,9
14,3.113095956122122,0.4931925073102317,legacy67,minmax,0.660952380952381,0.8647619047619046,0.20380952380952366,0.9466666666666667,0.96,0.013333333333333308,0.7142857142857143,0.9047619047619048,0.19047619047619047,31,9
14,3.550012525851159,0.5502298854208525,legacy67,minmax,0.6476190476190475,0.8647619047619046,0.21714285714285708,0.9333333333333333,0.96,0.026666666666666616,0.7142857142857143,0.9047619047619048,0.19047619047619047,31,9
14,4.467752817973904,0.6500891374159279,legacy67,minmax,0.6476190476190475,0.8647619047619046,0.21714285714285708,0.9333333333333333,0.96,0.026666666666666616,0.7142857142857143,0.9047619047619048,0.19047619047619047,31,10
14,5.456725485601473,0.7369321060486276,legacy67,minmax,0.6714285714285715,0.8647619047619046,0.19333333333333313,0.9333333333333333,0.96,0.026666666666666616,0.7380952380952381,0.9047619047619048,0.16666666666666663,31,10
14,6.72093005015611,0.8274293753904685,legacy67,minmax,0.6714285714285715,0.8647619047619046,0.19333333333333313,0.9333333333333333,0.96,0.026666666666666616,0.7380952380952381,0.9047619047619048,0.16666666666666663,30,10
14,6.7965780907581514,0.832290311184182,legacy67,minmax,0.6714285714285715,0.8647619047619046,0.19333333333333313,0.9333333333333333,0.96,0.026666666666666616,0.7380952380952381,0.9047619047619048,0.16666666666666663,30,10
14,7.128188058401357,0.85297914889198,legacy67,minmax,0.6714285714285715,0.8647619047619046,0.19333333333333313,0.9333333333333333,0.96,0.026666666666666616,0.7380952380952381,0.9047619047619048,0.16666666666666663,30,10
14,8.241925264876443,0.9160286721639492,legacy67,minmax,0.6476190476190475,0.8647619047619046,0.21714285714285708,0.9333333333333333,0.96,0.026666666666666616,0.7142857142857143,0.9047619047619048,0.19047619047619047,30,28
14,8.287522363768153,0.9184247133522563,legacy67,minmax,0.6476190476190475,0.8647619047619046,0.21714285714285708,0.9333333333333333,0.96,0.026666666666666616,0.7142857142857143,0.9047619047619048,0.19047619047619047,30,28
14,8.471801418819974,0.9279757672456204,legacy67,minmax,0.6476190476190475,0.8647619047619046,0.21714285714285708,0.9333333333333333,0.96,0.026666666666666616,0.7142857142857143,0.9047619047619048,0.19047619047619047,30,28
14,11.044350847124681,1.0431401944675898,legacy67,minmax,0.6476190476190475,0.8647619047619046,0.21714285714285708,0.9333333333333333,0.96,0.026666666666666616,0.7142857142857143,0.9047619047619048,0.19047619047619047,31,30
14,12.130221181165155,1.083868719818244,legacy67,minmax,0.6476190476190475,0.8647619047619046,0.21714285714285708,0.9333333333333333,0.96,0.026666666666666616,0.7142857142857143,0.9047619047619048,0.19047619047619047,31,30
14,12.164139351417056,1.085081386743783,legacy67,minmax,0.6476190476190475,0.8647619047619046,0.21714285714285708,0.9333333333333333,0.96,0.026666666666666616,0.7142857142857143,0.9047619047619048,0.19047619047619047,31,30
14,12.273800987852958,1.0889790771866297,legacy67,minmax,0.6476190476190475,0.8647619047619046,0.21714285714285708,0.9333333333333333,0.96,0.026666666666666616,0.7142857142857143,0.9047619047619048,0.19047619047619047,32,30
14,12.604664585649452,1.1005312934444582,legacy67,minmax,0.6476190476190475,0.8647619047619046,0.21714285714285708,0.9333333333333333,0.96,0.026666666666666616,0.7142857142857143,0.9047619047619048,0.19047619047619047,32,30
14,13.826232179369853,1.1407038455720544,legacy67,minmax,0.6476190476190475,0.8647619047619046,0.21714285714285708,0.9333333333333333,0.96,0.026666666666666616,0.7142857142857143,0.9047619047619048,0.19047619047619047,33,30
14,16.172900811143133,1.2087879230161587,legacy67,minmax,0.6476190476190475,0.8647619047619046,0.21714285714285708,0.9333333333333333,0.96,0.026666666666666616,0.7142857142857143,0.9047619047619048,0.19047619047619047,33,31
14,17.123375973163967,1.2335893924658445,legacy67,minmax,0.6476190476190475,0.8647619047619046,0.21714285714285708,0.9333333333333333,0.96,0.026666666666666616,0.7142857142857143,0.9047619047619048,0.19047619047619047,33,31
14,18.274508859816006,1.2618457138193366,legacy67,minmax,0.6476190476190475,0.8647619047619046,0.21714285714285708,0.9333333333333333,0.96,0.026666666666666616,0.7142857142857143,0.9047619047619048,0.19047619047619047,33,31
14,20.65142557895924,1.3149500366077174,legacy67,minmax,0.6476190476190475,0.8647619047619046,0.21714285714285708,0.9333333333333333,0.96,0.026666666666666616,0.7142857142857143,0.9047619047619048,0.19047619047619047,33,31
14,21.36832907235874,1.329770563201687,legacy67,minmax,0.6476190476190475,0.8647619047619046,0.21714285714285708,0.9333333333333333,0.96,0.026666666666666616,0.7142857142857143,0.9047619047619048,0.19047619047619047,33,31
14,28.340904295147727,1.452413703502374,legacy67,minmax,0.6342857142857143,0.8647619047619046,0.23047619047619028,0.92,0.96,0.039999999999999925,0.7142857142857143,0.9047619047619048,0.19047619047619047,33,31
14,29.154431891537524,1.4647045830997407,legacy67,minmax,0.6342857142857143,0.8647619047619046,0.23047619047619028,0.92,0.96,0.039999999999999925,0.7142857142857143,0.9047619047619048,0.19047619047619047,33,31
14,35.387588647792384,1.5488509703053062,legacy67,minmax,0.6342857142857143,0.8647619047619046,0.23047619047619028,0.92,0.96,0.039999999999999925,0.7142857142857143,0.9047619047619048,0.19047619047619047,33,31
14,37.95853142670639,1.5793094017105953,legacy67,minmax,0.6342857142857143,0.8647619047619046,0.23047619047619028,0.92,0.96,0.039999999999999925,0.7142857142857143,0.9047619047619048,0.19047619047619047,33,31
14,43.37920697490936,1.6372816083151283,legacy67,minmax,0.6342857142857143,0.8647619047619046,0.23047619047619028,0.92,0.96,0.039999999999999925,0.7142857142857143,0.9047619047619048,0.19047619047619047,33,31
14,48.69640941520897,1.6874969400924673,legacy67,minmax,0.6580952380952381,0.8647619047619046,0.20666666666666655,0.92,0.96,0.039999999999999925,0.7380952380952381,0.9047619047619048,0.16666666666666663,33,32
14,57.279044707996185,1.7579957662567565,legacy67,minmax,0.6580952380952381,0.8647619047619046,0.20666666666666655,0.92,0.96,0.039999999999999925,0.7380952380952381,0.9047619047619048,0.16666666666666663,33,32
14,62.45139574743064,1.795542149013333,legacy67,minmax,0.6580952380952381,0.8647619047619046,0.20666666666666655,0.92,0.96,0.039999999999999925,0.7380952380952381,0.9047619047619048,0.16666666666666663,33,32
14,63.512210106406926,1.8028572256396647,legacy67,minmax,0.6580952380952381,0.8647619047619046,0.20666666666666655,0.92,0.96,0.039999999999999925,0.7380952380952381,0.9047619047619048,0.16666666666666663,33,32
14,72.86653737491037,1.8625281322982374,legacy67,minmax,0.6580952380952381,0.8780952380952383,0.2200000000000002,0.92,0.9733333333333334,0.053333333333333344,0.7380952380952381,0.9047619047619048,0.16666666666666663,33,32
14,75.56810141274423,1.8783385110582342,legacy67,minmax,0.6580952380952381,0.8780952380952383,0.2200000000000002,0.92,0.9733333333333334,0.053333333333333344,0.7380952380952381,0.9047619047619048,0.16666666666666663,33,32
14,75.79479953347995,1.8796394086479773,legacy67,minmax,0.6580952380952381,0.8780952380952383,0.2200000000000002,0.92,0.9733333333333334,0.053333333333333344,0.7380952380952381,0.9047619047619048,0.16666666666666663,33,32
14,88.62326508576248,1.9475477464020692,legacy67,minmax,0.6580952380952381,0.8885714285714286,0.2304761904761905,0.92,0.96,0.039999999999999925,0.7380952380952381,0.9285714285714286,0.19047619047619047,33,32
15,0.010521761868451128,-1.9779115315055904,legacy67,minmax,0.0,0.0,0.0,1.0,1.0,0.0,0.0,0.0,0.0,0,0
15,0.012087541473056955,-1.9176620228167902,legacy67,minmax,0.0,0.0,0.0,1.0,1.0,0.0,0.0,0.0,0.0,0,0
15,0.01263794633808287,-1.8983234930236192,legacy67,minmax,0.0,0.0,0.0,1.0,1.0,0.0,0.0,0.0,0.0,0,0
15,0.013726318898045865,-1.8624459155391264,legacy67,minmax,0.0,0.0,0.0,1.0,1.0,0.0,0.0,0.0,0.0,0,0
15,0.0151673306880762,-1.8190908443578477,legacy67,minmax,0.0,0.0,0.0,1.0,1.0,0.0,0.0,0.0,0.0,0,0
15,0.015339162591163618,-1.814198349120009,legacy67,minmax,0.0,0.0,0.0,1.0,1.0,0.0,0.0,0.0,0.0,0,0
15,0.017073967431528118,-1.7676655513272022,legacy67,minmax,0.0,0.0,0.0,1.0,1.0,0.0,0.0,0.0,0.0,0,0
15,0.017956984225677628,-1.7457665988559055,legacy67,minmax,0.0,0.0,0.0,1.0,1.0,0.0,0.0,0.0,0.0,0,1
15,0.018205657658407252,-1.739793628058882,legacy67,minmax,0.0,0.0,0.0,1.0,1.0,0.0,0.0,0.0,0.0,1,1
15,0.019777828512462715,-1.7038213930636386,legacy67,minmax,0.0,0.0,0.0,1.0,1.0,0.0,0.0,0.0,0.0,4,1
15,0.01987021538542862,-1.7017974252809167,legacy67,minmax,0.0,0.0,0.0,1.0,1.0,0.0,0.0,0.0,0.0,4,1
15,0.022592797420156945,-1.646029991792322,legacy67,minmax,0.2142857142857142,0.0,-0.2142857142857142,1.0,1.0,0.0,0.21428571428571427,0.0,-0.21428571428571427,4,1
15,0.024586032763280048,-1.6093115439744645,legacy67,minmax,0.30952380952380953,0.5476190476190477,0.23809523809523814,1.0,1.0,0.0,0.30952380952380953,0.5476190476190477,0.23809523809523814,4,2
15,0.027012557725439066,-1.5684342920267822,legacy67,minmax,0.3571428571428572,0.5476190476190477,0.19047619047619047,1.0,1.0,0.0,0.35714285714285715,0.5476190476190477,0.19047619047619052,4,2
15,0.029072088906598435,-1.5365237618994811,legacy67,minmax,0.4285714285714286,0.5476190476190477,0.11904761904761907,1.0,1.0,0.0,0.42857142857142855,0.5476190476190477,0.11904761904761912,4,2
15,0.030086868214458433,-1.5216230162467932,legacy67,minmax,0.4285714285714286,0.5476190476190477,0.11904761904761907,1.0,1.0,0.0,0.42857142857142855,0.5476190476190477,0.11904761904761912,4,2
15,0.030771802712506853,-1.5118470606208847,legacy67,minmax,0.4285714285714286,0.5476190476190477,0.11904761904761907,1.0,1.0,0.0,0.42857142857142855,0.5476190476190477,0.11904761904761912,4,2
15,0.036138942712165265,-1.4420245573918327,legacy67,minmax,0.5476190476190477,0.5476190476190477,0.0,1.0,1.0,0.0,0.5476190476190477,0.5476190476190477,0.0,4,2
15,0.03661819220392428,-1.4363031001009494,legacy67,minmax,0.5714285714285714,0.5476190476190477,-0.023809523809523725,1.0,1.0,0.0,0.5714285714285714,0.5476190476190477,-0.023809523809523725,4,2
15,0.04207053950287936,-1.3760219186551894,legacy67,minmax,0.5714285714285714,0.5476190476190477,-0.023809523809523725,1.0,1.0,0.0,0.5714285714285714,0.5476190476190477,-0.023809523809523725,4,2
15,0.04207988669606635,-1.375925438230254,legacy67,minmax,0.5714285714285714,0.5476190476190477,-0.023809523809523725,1.0,1.0,0.0,0.5714285714285714,0.5476190476190477,-0.023809523809523725,4,2
15,0.04809461967501572,-1.3179035052508339,legacy67,minmax,0.6190476190476191,0.6190476190476191,0.0,1.0,1.0,0.0,0.6190476190476191,0.6190476190476191,0.0,5,4
15,0.05337032762603955,-1.2727001311715975,legacy67,minmax,0.6190476190476191,0.6190476190476191,0.0,1.0,1.0,0.0,0.6190476190476191,0.6190476190476191,0.0,5,4
15,0.05415244119402536,-1.2663819605862647,legacy67,minmax,0.6190476190476191,0.6190476190476191,0.0,1.0,1.0,0.0,0.6190476190476191,0.6190476190476191,0.0,5,4
15,0.05488047000766042,-1.2605821778978918,legacy67,minmax,0.6190476190476191,0.6190476190476191,0.0,1.0,1.0,0.0,0.6190476190476191,0.6190476190476191,0.0,5,4
15,0.060803901902965994,-1.2160685503234192,legacy67,minmax,0.6428571428571428,0.6190476190476191,-0.023809523809523725,1.0,1.0,0.0,0.6428571428571429,0.6190476190476191,-0.023809523809523836,5,5
15,0.06235377135673155,-1.2051372738633104,legacy67,minmax,0.6428571428571428,0.6190476190476191,-0.023809523809523725,1.0,1.0,0.0,0.6428571428571429,0.6190476190476191,-0.023809523809523836,5,5
15,0.06290644294586147,-1.201304871366561,legacy67,minmax,0.6428571428571428,0.6190476190476191,-0.023809523809523725,1.0,1.0,0.0,0.6428571428571429,0.6190476190476191,-0.023809523809523836,5,5
15,0.07068974950624601,-1.1506435572868954,legacy67,minmax,0.6428571428571428,0.6904761904761905,0.04761904761904767,1.0,1.0,0.0,0.6428571428571429,0.6904761904761905,0.04761904761904756,6,6
15,0.10842262717330158,-0.9648800735999323,legacy67,minmax,0.6904761904761905,0.7857142857142856,0.09523809523809512,1.0,1.0,0.0,0.6904761904761905,0.7857142857142857,0.09523809523809523,8,7
15,0.12172958098369964,-0.9146038729044164,legacy67,minmax,0.700952380952381,0.7857142857142856,0.0847619047619046,0.9866666666666667,1.0,0.013333333333333308,0.7142857142857143,0.7857142857142857,0.0714285714285714,8,8
15,0.1329652145729951,-0.876261961250477,legacy67,minmax,0.700952380952381,0.7857142857142856,0.0847619047619046,0.9866666666666667,1.0,0.013333333333333308,0.7142857142857143,0.7857142857142857,0.0714285714285714,8,8
15,0.14618962793704957,-0.8350834392078323,legacy67,minmax,0.700952380952381,0.7857142857142856,0.0847619047619046,0.9866666666666667,1.0,0.013333333333333308,0.7142857142857143,0.7857142857142857,0.0714285714285714,8,8
15,0.14742753159914665,-0.8314214058591274,legacy67,minmax,0.700952380952381,0.7857142857142856,0.0847619047619046,0.9866666666666667,1.0,0.013333333333333308,0.7142857142857143,0.7857142857142857,0.0714285714285714,8,8
15,0.16480446427978968,-0.7830310281618491,legacy67,minmax,0.700952380952381,0.7857142857142856,0.0847619047619046,0.9866666666666667,1.0,0.013333333333333308,0.7142857142857143,0.7857142857142857,0.0714285714285714,9,8
15,0.16536937182824418,-0.7815449233065173,legacy67,minmax,0.700952380952381,0.7857142857142856,0.0847619047619046,0.9866666666666667,1.0,0.013333333333333308,0.7142857142857143,0.7857142857142857,0.0714285714285714,9,8
15,0.1753594952976441,-0.7560707131373512,legacy67,minmax,0.700952380952381,0.7857142857142856,0.0847619047619046,0.9866666666666667,1.0,0.013333333333333308,0.7142857142857143,0.7857142857142857,0.0714285714285714,10,8
15,0.17654048052495064,-0.7531556956423562,legacy67,minmax,0.700952380952381,0.7857142857142856,0.0847619047619046,0.9866666666666667,1.0,0.013333333333333308,0.7142857142857143,0.7857142857142857,0.0714285714285714,10,8
15,0.1998634077852887,-0.6992667118930118,legacy67,minmax,0.7247619047619049,0.7857142857142856,0.06095238095238065,0.9866666666666667,1.0,0.013333333333333308,0.7380952380952381,0.7857142857142857,0.04761904761904756,13,8
15,0.2001342062287997,-0.6986786769469426,legacy67,minmax,0.7247619047619049,0.7857142857142856,0.06095238095238065,0.9866666666666667,1.0,0.013333333333333308,0.7380952380952381,0.7857142857142857,0.04761904761904756,13,8
15,0.21066486017042194,-0.6764079005894033,legacy67,minmax,0.700952380952381,0.7857142857142856,0.0847619047619046,0.9866666666666667,1.0,0.013333333333333308,0.7142857142857143,0.7857142857142857,0.0714285714285714,14,8
15,0.2673088310781669,-0.5729866932256429,legacy67,minmax,0.7247619047619049,0.7961904761904761,0.07142857142857117,0.9866666666666667,0.9866666666666667,0.0,0.7380952380952381,0.8095238095238095,0.0714285714285714,16,8
15,0.2715581955282939,-0.5661370858229096,legacy67,minmax,0.7485714285714287,0.7961904761904761,0.04761904761904745,0.9866666666666667,0.9866666666666667,0.0,0.7619047619047619,0.8095238095238095,0.04761904761904767,16,8
15,0.292043384718141,-0.5345526268252332,legacy67,minmax,0.7485714285714287,0.8200000000000001,0.0714285714285714,0.9866666666666667,0.9866666666666667,0.0,0.7619047619047619,0.8333333333333334,0.07142857142857151,16,9
15,0.314891164795686,-0.50183952461055,legacy67,minmax,0.7485714285714287,0.8200000000000001,0.0714285714285714,0.9866666666666667,0.9866666666666667,0.0,0.7619047619047619,0.8333333333333334,0.07142857142857151,16,9
15,0.35868164986275475,-0.44529084124207197,legacy67,minmax,0.7485714285714287,0.8200000000000001,0.0714285714285714,0.9866666666666667,0.9866666666666667,0.0,0.7619047619047619,0.8333333333333334,0.07142857142857151,16,9
15,0.5130551760589832,-0.2898359265658015,legacy67,minmax,0.7485714285714287,0.8438095238095238,0.09523809523809512,0.9866666666666667,0.9866666666666667,0.0,0.7619047619047619,0.8571428571428571,0.09523809523809523,18,8
15,0.5342937261279772,-0.27221992543153695,legacy67,minmax,0.7485714285714287,0.8438095238095238,0.09523809523809512,0.9866666666666667,0.9866666666666667,0.0,0.7619047619047619,0.8571428571428571,0.09523809523809523,18,8
15,0.5762487216478598,-0.23939002504159476,legacy67,minmax,0.7485714285714287,0.8438095238095238,0.09523809523809512,0.9866666666666667,0.9866666666666667,0.0,0.7619047619047619,0.8571428571428571,0.09523809523809523,20,8
15,0.6672367170464204,-0.17572006313185626,legacy67,minmax,0.7485714285714287,0.8676190476190477,0.11904761904761907,0.9866666666666667,0.9866666666666667,0.0,0.7619047619047619,0.8809523809523809,0.11904761904761907,21,8
15,0.7742116473996242,-0.1111402993522028,legacy67,minmax,0.7485714285714287,0.8676190476190477,0.11904761904761907,0.9866666666666667,0.9866666666666667,0.0,0.7619047619047619,0.8809523809523809,0.11904761904761907,23,8
15,0.9444574254983555,-0.02481761454243703,legacy67,minmax,0.7485714285714287,0.8542857142857143,0.10571428571428565,0.9866666666666667,0.9733333333333334,-0.013333333333333308,0.7619047619047619,0.8809523809523809,0.11904761904761907,25,8
15,0.9565499215943818,-0.019292359554919238,legacy67,minmax,0.7485714285714287,0.8542857142857143,0.10571428571428565,0.9866666666666667,0.9733333333333334,-0.013333333333333308,0.7619047619047619,0.8809523809523809,0.11904761904761907,26,8
15,1.1400863701127315,0.0569377536544464,legacy67,minmax,0.7961904761904761,0.8542857142857143,0.0580952380952382,0.9866666666666667,0.9733333333333334,-0.013333333333333308,0.8095238095238095,0.8809523809523809,0.0714285714285714,28,8
15,1.2030178871154662,0.08027208471124325,legacy67,minmax,0.7961904761904761,0.8542857142857143,0.0580952380952382,0.9866666666666667,0.9733333333333334,-0.013333333333333308,0.8095238095238095,0.8809523809523809,0.0714285714285714,29,8
15,1.2329098365270508,0.0909313175279762,legacy67,minmax,0.7961904761904761,0.8542857142857143,0.0580952380952382,0.9866666666666667,0.9733333333333334,-0.013333333333333308,0.8095238095238095,0.8809523809523809,0.0714285714285714,30,8
15,1.2561043700013554,0.09902572652895136,legacy67,minmax,0.7961904761904761,0.8542857142857143,0.0580952380952382,0.9866666666666667,0.9733333333333334,-0.013333333333333308,0.8095238095238095,0.8809523809523809,0.0714285714285714,30,8
15,1.4817820606039076,0.17078433263299386,legacy67,minmax,0.7828571428571429,0.8542857142857143,0.0714285714285714,0.9733333333333334,0.9733333333333334,0.0,0.8095238095238095,0.8809523809523809,0.0714285714285714,30,8
15,1.5375920235481748,0.1868411173731186,legacy67,minmax,0.7828571428571429,0.8542857142857143,0.0714285714285714,0.9733333333333334,0.9733333333333334,0.0,0.8095238095238095,0.8809523809523809,0.0714285714285714,30,8
15,1.7583640270008503,0.24510879027798493,legacy67,minmax,0.7828571428571429,0.8542857142857143,0.0714285714285714,0.9733333333333334,0.9733333333333334,0.0,0.8095238095238095,0.8809523809523809,0.0714285714285714,30,8
15,2.34238498471129,0.36965827544816987,legacy67,minmax,0.7828571428571429,0.8542857142857143,0.0714285714285714,0.9733333333333334,0.9733333333333334,0.0,0.8095238095238095,0.8809523809523809,0.0714285714285714,30,8
15,2.4637685958997446,0.39159991524434057,legacy67,minmax,0.7828571428571429,0.8542857142857143,0.0714285714285714,0.9733333333333334,0.9733333333333334,0.0,0.8095238095238095,0.8809523809523809,0.0714285714285714,30,8
15,2.4810409748678097,0.3946339367881464,legacy67,minmax,0.7828571428571429,0.8542857142857143,0.0714285714285714,0.9733333333333334,0.9733333333333334,0.0,0.8095238095238095,0.8809523809523809,0.0714285714285714,30,8
15,2.5378155082656626,0.40446004697283516,legacy67,minmax,0.8066666666666666,0.8542857142857143,0.04761904761904767,0.9733333333333334,0.9733333333333334,0.0,0.8333333333333334,0.8809523809523809,0.04761904761904756,31,8
15,2.692646910086177,0.43017940760575346,legacy67,minmax,0.8066666666666666,0.8542857142857143,0.04761904761904767,0.9733333333333334,0.9733333333333334,0.0,0.8333333333333334,0.8809523809523809,0.04761904761904756,31,8
15,2.801635158716258,0.4474115788895179,legacy67,minmax,0.8066666666666666,0.8542857142857143,0.04761904761904767,0.9733333333333334,0.9733333333333334,0.0,0.8333333333333334,0.8809523809523809,0.04761904761904756,31,8
15,3.113095956122122,0.4931925073102317,legacy67,minmax,0.7933333333333334,0.8542857142857143,0.06095238095238087,0.96,0.9733333333333334,0.01333333333333342,0.8333333333333334,0.8809523809523809,0.04761904761904756,31,8
15,3.550012525851159,0.5502298854208525,legacy67,minmax,0.7933333333333334,0.8542857142857143,0.06095238095238087,0.96,0.9733333333333334,0.01333333333333342,0.8333333333333334,0.8809523809523809,0.04761904761904756,32,8
15,4.467752817973904,0.6500891374159279,legacy67,minmax,0.78,0.8542857142857143,0.07428571428571429,0.9466666666666667,0.9733333333333334,0.026666666666666727,0.8333333333333334,0.8809523809523809,0.04761904761904756,32,8
15,5.456725485601473,0.7369321060486276,legacy67,minmax,0.78,0.8542857142857143,0.07428571428571429,0.9466666666666667,0.9733333333333334,0.026666666666666727,0.8333333333333334,0.8809523809523809,0.04761904761904756,31,8
15,6.72093005015611,0.8274293753904685,legacy67,minmax,0.78,0.8542857142857143,0.07428571428571429,0.9466666666666667,0.9733333333333334,0.026666666666666727,0.8333333333333334,0.8809523809523809,0.04761904761904756,31,8
15,6.7965780907581514,0.832290311184182,legacy67,minmax,0.78,0.8542857142857143,0.07428571428571429,0.9466666666666667,0.9733333333333334,0.026666666666666727,0.8333333333333334,0.8809523809523809,0.04761904761904756,31,8
15,7.128188058401357,0.85297914889198,legacy67,minmax,0.78,0.8542857142857143,0.07428571428571429,0.9466666666666667,0.9733333333333334,0.026666666666666727,0.8333333333333334,0.8809523809523809,0.04761904761904756,32,8
15,8.241925264876443,0.9160286721639492,legacy67,minmax,0.78,0.8542857142857143,0.07428571428571429,0.9466666666666667,0.9733333333333334,0.026666666666666727,0.8333333333333334,0.8809523809523809,0.04761904761904756,32,25
15,8.287522363768153,0.9184247133522563,legacy67,minmax,0.78,0.8542857142857143,0.07428571428571429,0.9466666666666667,0.9733333333333334,0.026666666666666727,0.8333333333333334,0.8809523809523809,0.04761904761904756,32,25
15,8.471801418819974,0.9279757672456204,legacy67,minmax,0.78,0.8542857142857143,0.07428571428571429,0.9466666666666667,0.9733333333333334,0.026666666666666727,0.8333333333333334,0.8809523809523809,0.04761904761904756,32,25
15,11.044350847124681,1.0431401944675898,legacy67,minmax,0.78,0.8542857142857143,0.07428571428571429,0.9466666666666667,0.9733333333333334,0.026666666666666727,0.8333333333333334,0.8809523809523809,0.04761904761904756,32,25
15,12.130221181165155,1.083868719818244,legacy67,minmax,0.78,0.8542857142857143,0.07428571428571429,0.9466666666666667,0.9733333333333334,0.026666666666666727,0.8333333333333334,0.8809523809523809,0.04761904761904756,32,25
15,12.164139351417056,1.085081386743783,legacy67,minmax,0.78,0.8542857142857143,0.07428571428571429,0.9466666666666667,0.9733333333333334,0.026666666666666727,0.8333333333333334,0.8809523809523809,0.04761904761904756,32,25
15,12.273800987852958,1.0889790771866297,legacy67,minmax,0.78,0.8542857142857143,0.07428571428571429,0.9466666666666667,0.9733333333333334,0.026666666666666727,0.8333333333333334,0.8809523809523809,0.04761904761904756,32,25
15,12.604664585649452,1.1005312934444582,legacy67,minmax,0.78,0.8542857142857143,0.07428571428571429,0.9466666666666667,0.9733333333333334,0.026666666666666727,0.8333333333333334,0.8809523809523809,0.04761904761904756,32,25
15,13.826232179369853,1.1407038455720544,legacy67,minmax,0.78,0.8542857142857143,0.07428571428571429,0.9466666666666667,0.9733333333333334,0.026666666666666727,0.8333333333333334,0.8809523809523809,0.04761904761904756,32,25
15,16.172900811143133,1.2087879230161587,legacy67,minmax,0.78,0.8542857142857143,0.07428571428571429,0.9466666666666667,0.9733333333333334,0.026666666666666727,0.8333333333333334,0.8809523809523809,0.04761904761904756,32,25
15,17.123375973163967,1.2335893924658445,legacy67,minmax,0.78,0.8542857142857143,0.07428571428571429,0.9466666666666667,0.9733333333333334,0.026666666666666727,0.8333333333333334,0.8809523809523809,0.04761904761904756,32,25
15,18.274508859816006,1.2618457138193366,legacy67,minmax,0.78,0.8542857142857143,0.07428571428571429,0.9466666666666667,0.9733333333333334,0.026666666666666727,0.8333333333333334,0.8809523809523809,0.04761904761904756,32,25
15,20.65142557895924,1.3149500366077174,legacy67,minmax,0.78,0.8542857142857143,0.07428571428571429,0.9466666666666667,0.9733333333333334,0.026666666666666727,0.8333333333333334,0.8809523809523809,0.04761904761904756,32,25
15,21.36832907235874,1.329770563201687,legacy67,minmax,0.78,0.8542857142857143,0.07428571428571429,0.9466666666666667,0.9733333333333334,0.026666666666666727,0.8333333333333334,0.8809523809523809,0.04761904761904756,32,25
15,28.340904295147727,1.452413703502374,legacy67,minmax,0.78,0.8542857142857143,0.07428571428571429,0.9466666666666667,0.9733333333333334,0.026666666666666727,0.8333333333333334,0.8809523809523809,0.04761904761904756,32,25
15,29.154431891537524,1.4647045830997407,legacy67,minmax,0.78,0.8542857142857143,0.07428571428571429,0.9466666666666667,0.9733333333333334,0.026666666666666727,0.8333333333333334,0.8809523809523809,0.04761904761904756,32,25
15,35.387588647792384,1.5488509703053062,legacy67,minmax,0.78,0.8542857142857143,0.07428571428571429,0.9466666666666667,0.9733333333333334,0.026666666666666727,0.8333333333333334,0.8809523809523809,0.04761904761904756,32,25
15,37.95853142670639,1.5793094017105953,legacy67,minmax,0.7561904761904761,0.8542857142857143,0.09809523809523824,0.9466666666666667,0.9733333333333334,0.026666666666666727,0.8095238095238095,0.8809523809523809,0.0714285714285714,32,25
15,43.37920697490936,1.6372816083151283,legacy67,minmax,0.7561904761904761,0.8542857142857143,0.09809523809523824,0.9466666666666667,0.9733333333333334,0.026666666666666727,0.8095238095238095,0.8809523809523809,0.0714285714285714,32,25
15,48.69640941520897,1.6874969400924673,legacy67,minmax,0.7561904761904761,0.8542857142857143,0.09809523809523824,0.9466666666666667,0.9733333333333334,0.026666666666666727,0.8095238095238095,0.8809523809523809,0.0714285714285714,32,25
15,57.279044707996185,1.7579957662567565,legacy67,minmax,0.7561904761904761,0.8542857142857143,0.09809523809523824,0.9466666666666667,0.9733333333333334,0.026666666666666727,0.8095238095238095,0.8809523809523809,0.0714285714285714,32,25
15,62.45139574743064,1.795542149013333,legacy67,minmax,0.7561904761904761,0.8542857142857143,0.09809523809523824,0.9466666666666667,0.9733333333333334,0.026666666666666727,0.8095238095238095,0.8809523809523809,0.0714285714285714,32,25
15,63.512210106406926,1.8028572256396647,legacy67,minmax,0.7561904761904761,0.8542857142857143,0.09809523809523824,0.9466666666666667,0.9733333333333334,0.026666666666666727,0.8095238095238095,0.8809523809523809,0.0714285714285714,32,26
15,72.86653737491037,1.8625281322982374,legacy67,minmax,0.7561904761904761,0.8542857142857143,0.09809523809523824,0.9466666666666667,0.9733333333333334,0.026666666666666727,0.8095238095238095,0.8809523809523809,0.0714285714285714,32,27
15,75.56810141274423,1.8783385110582342,legacy67,minmax,0.7561904761904761,0.8542857142857143,0.09809523809523824,0.9466666666666667,0.9733333333333334,0.026666666666666727,0.8095238095238095,0.8809523809523809,0.0714285714285714,32,27
15,75.79479953347995,1.8796394086479773,legacy67,minmax,0.7561904761904761,0.8542857142857143,0.09809523809523824,0.9466666666666667,0.9733333333333334,0.026666666666666727,0.8095238095238095,0.8809523809523809,0.0714285714285714,32,27
15,88.62326508576248,1.9475477464020692,legacy67,minmax,0.7561904761904761,0.8542857142857143,0.09809523809523824,0.9466666666666667,0.9733333333333334,0.026666666666666727,0.8095238095238095,0.8809523809523809,0.0714285714285714,32,27
16,0.010521761868451128,-1.9779115315055904,legacy67,minmax,0.0,0.0,0.0,1.0,1.0,0.0,0.0,0.0,0.0,0,0
16,0.012087541473056955,-1.9176620228167902,legacy67,minmax,0.0,0.0,0.0,1.0,1.0,0.0,0.0,0.0,0.0,0,0
16,0.01263794633808287,-1.8983234930236192,legacy67,minmax,0.0,0.0,0.0,1.0,1.0,0.0,0.0,0.0,0.0,0,0
16,0.013726318898045865,-1.8624459155391264,legacy67,minmax,0.0,0.0,0.0,1.0,1.0,0.0,0.0,0.0,0.0,0,0
16,0.0151673306880762,-1.8190908443578477,legacy67,minmax,0.0,0.0,0.0,1.0,1.0,0.0,0.0,0.0,0.0,0,0
16,0.015339162591163618,-1.814198349120009,legacy67,minmax,0.0,0.0,0.0,1.0,1.0,0.0,0.0,0.0,0.0,0,0
16,0.017073967431528118,-1.7676655513272022,legacy67,minmax,0.0,0.0,0.0,1.0,1.0,0.0,0.0,0.0,0.0,0,0
16,0.017956984225677628,-1.7457665988559055,legacy67,minmax,0.0,0.0,0.0,1.0,1.0,0.0,0.0,0.0,0.0,1,1
16,0.018205657658407252,-1.739793628058882,legacy67,minmax,0.0,0.0,0.0,1.0,1.0,0.0,0.0,0.0,0.0,2,1
16,0.019777828512462715,-1.7038213930636386,legacy67,minmax,0.0,0.0,0.0,1.0,1.0,0.0,0.0,0.0,0.0,2,1
16,0.01987021538542862,-1.7017974252809167,legacy67,minmax,0.0,0.0,0.0,1.0,1.0,0.0,0.0,0.0,0.0,3,1
16,0.022592797420156945,-1.646029991792322,legacy67,minmax,0.2142857142857142,0.5238095238095237,0.30952380952380953,1.0,1.0,0.0,0.21428571428571427,0.5238095238095238,0.30952380952380953,3,1
16,0.024586032763280048,-1.6093115439744645,legacy67,minmax,0.2857142857142856,0.5238095238095237,0.23809523809523814,1.0,1.0,0.0,0.2857142857142857,0.5238095238095238,0.23809523809523814,3,1
16,0.027012557725439066,-1.5684342920267822,legacy67,minmax,0.38095238095238093,0.5238095238095237,0.1428571428571428,1.0,1.0,0.0,0.38095238095238093,0.5238095238095238,0.1428571428571429,3,1
16,0.029072088906598435,-1.5365237618994811,legacy67,minmax,0.38095238095238093,0.5238095238095237,0.1428571428571428,1.0,1.0,0.0,0.38095238095238093,0.5238095238095238,0.1428571428571429,3,2
16,0.030086868214458433,-1.5216230162467932,legacy67,minmax,0.38095238095238093,0.5238095238095237,0.1428571428571428,1.0,1.0,0.0,0.38095238095238093,0.5238095238095238,0.1428571428571429,3,2
16,0.030771802712506853,-1.5118470606208847,legacy67,minmax,0.38095238095238093,0.5238095238095237,0.1428571428571428,1.0,1.0,0.0,0.38095238095238093,0.5238095238095238,0.1428571428571429,3,2
16,0.036138942712165265,-1.4420245573918327,legacy67,minmax,0.5476190476190477,0.5238095238095237,-0.023809523809523947,1.0,1.0,0.0,0.5476190476190477,0.5238095238095238,-0.023809523809523836,4,2
16,0.03661819220392428,-1.4363031001009494,legacy67,minmax,0.5476190476190477,0.5238095238095237,-0.023809523809523947,1.0,1.0,0.0,0.5476190476190477,0.5238095238095238,-0.023809523809523836,4,2
16,0.04207053950287936,-1.3760219186551894,legacy67,minmax,0.6428571428571428,0.5238095238095237,-0.11904761904761907,1.0,1.0,0.0,0.6428571428571429,0.5238095238095238,-0.11904761904761907,5,3
16,0.04207988669606635,-1.375925438230254,legacy67,minmax,0.6428571428571428,0.5238095238095237,-0.11904761904761907,1.0,1.0,0.0,0.6428571428571429,0.5238095238095238,-0.11904761904761907,5,3
16,0.04809461967501572,-1.3179035052508339,legacy67,minmax,0.6666666666666665,0.5238095238095237,-0.1428571428571428,1.0,1.0,0.0,0.6666666666666666,0.5238095238095238,-0.1428571428571428,5,3
16,0.05337032762603955,-1.2727001311715975,legacy67,minmax,0.6666666666666665,0.5714285714285714,-0.09523809523809512,1.0,1.0,0.0,0.6666666666666666,0.5714285714285714,-0.09523809523809523,5,3
16,0.05415244119402536,-1.2663819605862647,legacy67,minmax,0.6666666666666665,0.5714285714285714,-0.09523809523809512,1.0,1.0,0.0,0.6666666666666666,0.5714285714285714,-0.09523809523809523,5,3
16,0.05488047000766042,-1.2605821778978918,legacy67,minmax,0.6666666666666665,0.5714285714285714,-0.09523809523809512,1.0,1.0,0.0,0.6666666666666666,0.5714285714285714,-0.09523809523809523,5,3
16,0.060803901902965994,-1.2160685503234192,legacy67,minmax,0.6666666666666665,0.5714285714285714,-0.09523809523809512,1.0,1.0,0.0,0.6666666666666666,0.5714285714285714,-0.09523809523809523,5,4
16,0.06235377135673155,-1.2051372738633104,legacy67,minmax,0.6666666666666665,0.5714285714285714,-0.09523809523809512,1.0,1.0,0.0,0.6666666666666666,0.5714285714285714,-0.09523809523809523,5,4
16,0.06290644294586147,-1.201304871366561,legacy67,minmax,0.6666666666666665,0.5714285714285714,-0.09523809523809512,1.0,1.0,0.0,0.6666666666666666,0.5714285714285714,-0.09523809523809523,5,4
16,0.07068974950624601,-1.1506435572868954,legacy67,minmax,0.6666666666666665,0.6428571428571428,-0.023809523809523725,1.0,1.0,0.0,0.6666666666666666,0.6428571428571429,-0.023809523809523725,5,4
16,0.10842262717330158,-0.9648800735999323,legacy67,minmax,0.6638095238095238,0.7619047619047619,0.09809523809523801,0.9733333333333334,1.0,0.026666666666666616,0.6904761904761905,0.7619047619047619,0.0714285714285714,6,6
16,0.12172958098369964,-0.9146038729044164,legacy67,minmax,0.6504761904761904,0.7857142857142856,0.13523809523809516,0.96,1.0,0.040000000000000036,0.6904761904761905,0.7857142857142857,0.09523809523809523,7,7
16,0.1329652145729951,-0.876261961250477,legacy67,minmax,0.6504761904761904,0.7857142857142856,0.13523809523809516,0.96,1.0,0.040000000000000036,0.6904761904761905,0.7857142857142857,0.09523809523809523,8,7
16,0.14618962793704957,-0.8350834392078323,legacy67,minmax,0.6504761904761904,0.8095238095238095,0.1590476190476191,0.96,1.0,0.040000000000000036,0.6904761904761905,0.8095238095238095,0.11904761904761907,8,8
16,0.14742753159914665,-0.8314214058591274,legacy67,minmax,0.6504761904761904,0.8095238095238095,0.1590476190476191,0.96,1.0,0.040000000000000036,0.6904761904761905,0.8095238095238095,0.11904761904761907,8,8
16,0.16480446427978968,-0.7830310281618491,legacy67,minmax,0.6504761904761904,0.8095238095238095,0.1590476190476191,0.96,1.0,0.040000000000000036,0.6904761904761905,0.8095238095238095,0.11904761904761907,10,8
16,0.16536937182824418,-0.7815449233065173,legacy67,minmax,0.6504761904761904,0.8095238095238095,0.1590476190476191,0.96,1.0,0.040000000000000036,0.6904761904761905,0.8095238095238095,0.11904761904761907,10,8
16,0.1753594952976441,-0.7560707131373512,legacy67,minmax,0.6504761904761904,0.8095238095238095,0.1590476190476191,0.96,1.0,0.040000000000000036,0.6904761904761905,0.8095238095238095,0.11904761904761907,11,8
16,0.17654048052495064,-0.7531556956423562,legacy67,minmax,0.6504761904761904,0.8095238095238095,0.1590476190476191,0.96,1.0,0.040000000000000036,0.6904761904761905,0.8095238095238095,0.11904761904761907,11,8
16,0.1998634077852887,-0.6992667118930118,legacy67,minmax,0.6742857142857144,0.8095238095238095,0.13523809523809516,0.96,1.0,0.040000000000000036,0.7142857142857143,0.8095238095238095,0.09523809523809523,12,8
16,0.2001342062287997,-0.6986786769469426,legacy67,minmax,0.6742857142857144,0.8095238095238095,0.13523809523809516,0.96,1.0,0.040000000000000036,0.7142857142857143,0.8095238095238095,0.09523809523809523,12,8
16,0.21066486017042194,-0.6764079005894033,legacy67,minmax,0.660952380952381,0.8095238095238095,0.14857142857142858,0.9466666666666667,1.0,0.053333333333333344,0.7142857142857143,0.8095238095238095,0.09523809523809523,12,8
16,0.2673088310781669,-0.5729866932256429,legacy67,minmax,0.7323809523809524,0.8095238095238095,0.07714285714285718,0.9466666666666667,1.0,0.053333333333333344,0.7857142857142857,0.8095238095238095,0.023809523809523836,17,8
16,0.2715581955282939,-0.5661370858229096,legacy67,minmax,0.7323809523809524,0.8095238095238095,0.07714285714285718,0.9466666666666667,1.0,0.053333333333333344,0.7857142857142857,0.8095238095238095,0.023809523809523836,17,8
16,0.292043384718141,-0.5345526268252332,legacy67,minmax,0.7323809523809524,0.8095238095238095,0.07714285714285718,0.9466666666666667,1.0,0.053333333333333344,0.7857142857142857,0.8095238095238095,0.023809523809523836,17,9
16,0.314891164795686,-0.50183952461055,legacy67,minmax,0.7323809523809524,0.8571428571428572,0.12476190476190485,0.9466666666666667,1.0,0.053333333333333344,0.7857142857142857,0.8571428571428571,0.0714285714285714,18,9
16,0.35868164986275475,-0.44529084124207197,legacy67,minmax,0.7561904761904761,0.8809523809523809,0.12476190476190485,0.9466666666666667,1.0,0.053333333333333344,0.8095238095238095,0.8809523809523809,0.0714285714285714,19,9
16,0.5130551760589832,-0.2898359265658015,legacy67,minmax,0.7323809523809524,0.8809523809523809,0.14857142857142858,0.9466666666666667,1.0,0.053333333333333344,0.7857142857142857,0.8809523809523809,0.09523809523809523,22,11
16,0.5342937261279772,-0.27221992543153695,legacy67,minmax,0.7561904761904761,0.8809523809523809,0.12476190476190485,0.9466666666666667,1.0,0.053333333333333344,0.8095238095238095,0.8809523809523809,0.0714285714285714,22,11
16,0.5762487216478598,-0.23939002504159476,legacy67,minmax,0.7561904761904761,0.8809523809523809,0.12476190476190485,0.9466666666666667,1.0,0.053333333333333344,0.8095238095238095,0.8809523809523809,0.0714285714285714,24,11
16,0.6672367170464204,-0.17572006313185626,legacy67,minmax,0.7561904761904761,0.8809523809523809,0.12476190476190485,0.9466666666666667,1.0,0.053333333333333344,0.8095238095238095,0.8809523809523809,0.0714285714285714,25,11
16,0.7742116473996242,-0.1111402993522028,legacy67,minmax,0.7561904761904761,0.9047619047619047,0.14857142857142858,0.9466666666666667,1.0,0.053333333333333344,0.8095238095238095,0.9047619047619048,0.09523809523809523,26,11
16,0.9444574254983555,-0.02481761454243703,legacy67,minmax,0.7695238095238095,0.9047619047619047,0.13523809523809516,0.96,1.0,0.040000000000000036,0.8095238095238095,0.9047619047619048,0.09523809523809523,27,11
16,0.9565499215943818,-0.019292359554919238,legacy67,minmax,0.7695238095238095,0.9047619047619047,0.13523809523809516,0.96,1.0,0.040000000000000036,0.8095238095238095,0.9047619047619048,0.09523809523809523,27,11
16,1.1400863701127315,0.0569377536544464,legacy67,minmax,0.7933333333333334,0.8914285714285715,0.09809523809523801,0.96,0.9866666666666667,0.026666666666666727,0.8333333333333334,0.9047619047619048,0.0714285714285714,28,11
16,1.2030178871154662,0.08027208471124325,legacy67,minmax,0.7933333333333334,0.8914285714285715,0.09809523809523801,0.96,0.9866666666666667,0.026666666666666727,0.8333333333333334,0.9047619047619048,0.0714285714285714,29,11
16,1.2329098365270508,0.0909313175279762,legacy67,minmax,0.7933333333333334,0.8914285714285715,0.09809523809523801,0.96,0.9866666666666667,0.026666666666666727,0.8333333333333334,0.9047619047619048,0.0714285714285714,29,11
16,1.2561043700013554,0.09902572652895136,legacy67,minmax,0.7933333333333334,0.8914285714285715,0.09809523809523801,0.96,0.9866666666666667,0.026666666666666727,0.8333333333333334,0.9047619047619048,0.0714285714285714,29,11
16,1.4817820606039076,0.17078433263299386,legacy67,minmax,0.7695238095238095,0.8780952380952383,0.10857142857142876,0.96,0.9733333333333334,0.01333333333333342,0.8095238095238095,0.9047619047619048,0.09523809523809523,30,11
16,1.5375920235481748,0.1868411173731186,legacy67,minmax,0.7457142857142856,0.8780952380952383,0.1323809523809527,0.96,0.9733333333333334,0.01333333333333342,0.7857142857142857,0.9047619047619048,0.11904761904761907,30,11
16,1.7583640270008503,0.24510879027798493,legacy67,minmax,0.7457142857142856,0.8780952380952383,0.1323809523809527,0.96,0.9733333333333334,0.01333333333333342,0.7857142857142857,0.9047619047619048,0.11904761904761907,31,11
16,2.34238498471129,0.36965827544816987,legacy67,minmax,0.7590476190476192,0.8780952380952383,0.11904761904761907,0.9733333333333334,0.9733333333333334,0.0,0.7857142857142857,0.9047619047619048,0.11904761904761907,30,11
16,2.4637685958997446,0.39159991524434057,legacy67,minmax,0.7590476190476192,0.8780952380952383,0.11904761904761907,0.9733333333333334,0.9733333333333334,0.0,0.7857142857142857,0.9047619047619048,0.11904761904761907,30,11
16,2.4810409748678097,0.3946339367881464,legacy67,minmax,0.7590476190476192,0.8780952380952383,0.11904761904761907,0.9733333333333334,0.9733333333333334,0.0,0.7857142857142857,0.9047619047619048,0.11904761904761907,30,11
16,2.5378155082656626,0.40446004697283516,legacy67,minmax,0.7590476190476192,0.8780952380952383,0.11904761904761907,0.9733333333333334,0.9733333333333334,0.0,0.7857142857142857,0.9047619047619048,0.11904761904761907,30,11
16,2.692646910086177,0.43017940760575346,legacy67,minmax,0.7590476190476192,0.8780952380952383,0.11904761904761907,0.9733333333333334,0.9733333333333334,0.0,0.7857142857142857,0.9047619047619048,0.11904761904761907,30,11
16,2.801635158716258,0.4474115788895179,legacy67,minmax,0.7590476190476192,0.8780952380952383,0.11904761904761907,0.9733333333333334,0.9733333333333334,0.0,0.7857142857142857,0.9047619047619048,0.11904761904761907,30,11
16,3.113095956122122,0.4931925073102317,legacy67,minmax,0.7723809523809524,0.8780952380952383,0.10571428571428587,0.9866666666666667,0.9733333333333334,-0.013333333333333308,0.7857142857142857,0.9047619047619048,0.11904761904761907,30,11
16,3.550012525851159,0.5502298854208525,legacy67,minmax,0.7590476190476192,0.8780952380952383,0.11904761904761907,0.9733333333333334,0.9733333333333334,0.0,0.7857142857142857,0.9047619047619048,0.11904761904761907,30,11
16,4.467752817973904,0.6500891374159279,legacy67,minmax,0.7590476190476192,0.8780952380952383,0.11904761904761907,0.9733333333333334,0.9733333333333334,0.0,0.7857142857142857,0.9047619047619048,0.11904761904761907,32,11
16,5.456725485601473,0.7369321060486276,legacy67,minmax,0.7323809523809524,0.8780952380952383,0.1457142857142859,0.9466666666666667,0.9733333333333334,0.026666666666666727,0.7857142857142857,0.9047619047619048,0.11904761904761907,32,11
16,6.72093005015611,0.8274293753904685,legacy67,minmax,0.6819047619047618,0.8780952380952383,0.19619047619047647,0.92,0.9733333333333334,0.053333333333333344,0.7619047619047619,0.9047619047619048,0.1428571428571429,32,31
16,6.7965780907581514,0.832290311184182,legacy67,minmax,0.6685714285714286,0.8780952380952383,0.20952380952380967,0.9066666666666666,0.9733333333333334,0.06666666666666676,0.7619047619047619,0.9047619047619048,0.1428571428571429,32,31
16,7.128188058401357,0.85297914889198,legacy67,minmax,0.6685714285714286,0.8780952380952383,0.20952380952380967,0.9066666666666666,0.9733333333333334,0.06666666666666676,0.7619047619047619,0.9047619047619048,0.1428571428571429,32,31
16,8.241925264876443,0.9160286721639492,legacy67,minmax,0.6685714285714286,0.8780952380952383,0.20952380952380967,0.9066666666666666,0.9733333333333334,0.06666666666666676,0.7619047619047619,0.9047619047619048,0.1428571428571429,32,31
16,8.287522363768153,0.9184247133522563,legacy67,minmax,0.6685714285714286,0.8780952380952383,0.20952380952380967,0.9066666666666666,0.9733333333333334,0.06666666666666676,0.7619047619047619,0.9047619047619048,0.1428571428571429,32,31
16,8.471801418819974,0.9279757672456204,legacy67,minmax,0.6685714285714286,0.8780952380952383,0.20952380952380967,0.9066666666666666,0.9733333333333334,0.06666666666666676,0.7619047619047619,0.9047619047619048,0.1428571428571429,32,31
16,11.044350847124681,1.0431401944675898,legacy67,minmax,0.6685714285714286,0.8780952380952383,0.20952380952380967,0.9066666666666666,0.9733333333333334,0.06666666666666676,0.7619047619047619,0.9047619047619048,0.1428571428571429,30,31
16,12.130221181165155,1.083868719818244,legacy67,minmax,0.6685714285714286,0.8780952380952383,0.20952380952380967,0.9066666666666666,0.9733333333333334,0.06666666666666676,0.7619047619047619,0.9047619047619048,0.1428571428571429,30,31
16,12.164139351417056,1.085081386743783,legacy67,minmax,0.6685714285714286,0.8780952380952383,0.20952380952380967,0.9066666666666666,0.9733333333333334,0.06666666666666676,0.7619047619047619,0.9047619047619048,0.1428571428571429,30,31
16,12.273800987852958,1.0889790771866297,legacy67,minmax,0.6685714285714286,0.8780952380952383,0.20952380952380967,0.9066666666666666,0.9733333333333334,0.06666666666666676,0.7619047619047619,0.9047619047619048,0.1428571428571429,30,31
16,12.604664585649452,1.1005312934444582,legacy67,minmax,0.6685714285714286,0.8780952380952383,0.20952380952380967,0.9066666666666666,0.9733333333333334,0.06666666666666676,0.7619047619047619,0.9047619047619048,0.1428571428571429,30,31
16,13.826232179369853,1.1407038455720544,legacy67,minmax,0.6685714285714286,0.8780952380952383,0.20952380952380967,0.9066666666666666,0.9733333333333334,0.06666666666666676,0.7619047619047619,0.9047619047619048,0.1428571428571429,30,31
16,16.172900811143133,1.2087879230161587,legacy67,minmax,0.6685714285714286,0.8780952380952383,0.20952380952380967,0.9066666666666666,0.9733333333333334,0.06666666666666676,0.7619047619047619,0.9047619047619048,0.1428571428571429,32,31
16,17.123375973163967,1.2335893924658445,legacy67,minmax,0.6447619047619049,0.8780952380952383,0.2333333333333334,0.9066666666666666,0.9733333333333334,0.06666666666666676,0.7380952380952381,0.9047619047619048,0.16666666666666663,32,31
16,18.274508859816006,1.2618457138193366,legacy67,minmax,0.6447619047619049,0.8780952380952383,0.2333333333333334,0.9066666666666666,0.9733333333333334,0.06666666666666676,0.7380952380952381,0.9047619047619048,0.16666666666666663,32,31
16,20.65142557895924,1.3149500366077174,legacy67,minmax,0.6447619047619049,0.8780952380952383,0.2333333333333334,0.9066666666666666,0.9733333333333334,0.06666666666666676,0.7380952380952381,0.9047619047619048,0.16666666666666663,33,31
16,21.36832907235874,1.329770563201687,legacy67,minmax,0.6447619047619049,0.8780952380952383,0.2333333333333334,0.9066666666666666,0.9733333333333334,0.06666666666666676,0.7380952380952381,0.9047619047619048,0.16666666666666663,33,31
16,28.340904295147727,1.452413703502374,legacy67,minmax,0.6447619047619049,0.8780952380952383,0.2333333333333334,0.9066666666666666,0.9733333333333334,0.06666666666666676,0.7380952380952381,0.9047619047619048,0.16666666666666663,33,32
16,29.154431891537524,1.4647045830997407,legacy67,minmax,0.6447619047619049,0.8780952380952383,0.2333333333333334,0.9066666666666666,0.9733333333333334,0.06666666666666676,0.7380952380952381,0.9047619047619048,0.16666666666666663,33,32
16,35.387588647792384,1.5488509703053062,legacy67,minmax,0.6447619047619049,0.8780952380952383,0.2333333333333334,0.9066666666666666,0.9733333333333334,0.06666666666666676,0.7380952380952381,0.9047619047619048,0.16666666666666663,33,33
16,37.95853142670639,1.5793094017105953,legacy67,minmax,0.6447619047619049,0.8780952380952383,0.2333333333333334,0.9066666666666666,0.9733333333333334,0.06666666666666676,0.7380952380952381,0.9047619047619048,0.16666666666666663,33,33
16,43.37920697490936,1.6372816083151283,legacy67,minmax,0.6447619047619049,0.8780952380952383,0.2333333333333334,0.9066666666666666,0.9733333333333334,0.06666666666666676,0.7380952380952381,0.9047619047619048,0.16666666666666663,33,33
16,48.69640941520897,1.6874969400924673,legacy67,minmax,0.6447619047619049,0.8780952380952383,0.2333333333333334,0.9066666666666666,0.9733333333333334,0.06666666666666676,0.7380952380952381,0.9047619047619048,0.16666666666666663,33,33
16,57.279044707996185,1.7579957662567565,legacy67,minmax,0.6447619047619049,0.8780952380952383,0.2333333333333334,0.9066666666666666,0.9733333333333334,0.06666666666666676,0.7380952380952381,0.9047619047619048,0.16666666666666663,33,33
16,62.45139574743064,1.795542149013333,legacy67,minmax,0.6447619047619049,0.8780952380952383,0.2333333333333334,0.9066666666666666,0.9733333333333334,0.06666666666666676,0.7380952380952381,0.9047619047619048,0.16666666666666663,33,33
16,63.512210106406926,1.8028572256396647,legacy67,minmax,0.6447619047619049,0.8780952380952383,0.2333333333333334,0.9066666666666666,0.9733333333333334,0.06666666666666676,0.7380952380952381,0.9047619047619048,0.16666666666666663,33,33
16,72.86653737491037,1.8625281322982374,legacy67,minmax,0.6447619047619049,0.8780952380952383,0.2333333333333334,0.9066666666666666,0.9733333333333334,0.06666666666666676,0.7380952380952381,0.9047619047619048,0.16666666666666663,33,33
16,75.56810141274423,1.8783385110582342,legacy67,minmax,0.6447619047619049,0.8780952380952383,0.2333333333333334,0.9066666666666666,0.9733333333333334,0.06666666666666676,0.7380952380952381,0.9047619047619048,0.16666666666666663,33,33
16,75.79479953347995,1.8796394086479773,legacy67,minmax,0.6447619047619049,0.8780952380952383,0.2333333333333334,0.9066666666666666,0.9733333333333334,0.06666666666666676,0.7380952380952381,0.9047619047619048,0.16666666666666663,33,33
16,88.62326508576248,1.9475477464020692,legacy67,minmax,0.6447619047619049,0.8780952380952383,0.2333333333333334,0.9066666666666666,0.9733333333333334,0.06666666666666676,0.7380952380952381,0.9047619047619048,0.16666666666666663,33,33
17,0.010521761868451128,-1.9779115315055904,legacy67,minmax,0.0,0.0,0.0,1.0,1.0,0.0,0.0,0.0,0.0,0,0
17,0.012087541473056955,-1.9176620228167902,legacy67,minmax,0.0,0.0,0.0,1.0,1.0,0.0,0.0,0.0,0.0,0,0
17,0.01263794633808287,-1.8983234930236192,legacy67,minmax,0.0,0.0,0.0,1.0,1.0,0.0,0.0,0.0,0.0,0,0
17,0.013726318898045865,-1.8624459155391264,legacy67,minmax,0.0,0.0,0.0,1.0,1.0,0.0,0.0,0.0,0.0,0,0
17,0.0151673306880762,-1.8190908443578477,legacy67,minmax,0.0,0.0,0.0,1.0,1.0,0.0,0.0,0.0,0.0,0,0
17,0.015339162591163618,-1.814198349120009,legacy67,minmax,0.0,0.0,0.0,1.0,1.0,0.0,0.0,0.0,0.0,0,0
17,0.017073967431528118,-1.7676655513272022,legacy67,minmax,0.0,0.0,0.0,1.0,1.0,0.0,0.0,0.0,0.0,1,1
17,0.017956984225677628,-1.7457665988559055,legacy67,minmax,0.0,0.0,0.0,1.0,1.0,0.0,0.0,0.0,0.0,1,1
17,0.018205657658407252,-1.739793628058882,legacy67,minmax,0.0,0.0,0.0,1.0,1.0,0.0,0.0,0.0,0.0,1,1
17,0.019777828512462715,-1.7038213930636386,legacy67,minmax,0.0714285714285714,0.0,-0.0714285714285714,1.0,1.0,0.0,0.07142857142857142,0.0,-0.07142857142857142,2,1
17,0.01987021538542862,-1.7017974252809167,legacy67,minmax,0.0714285714285714,0.0,-0.0714285714285714,1.0,1.0,0.0,0.07142857142857142,0.0,-0.07142857142857142,2,1
17,0.022592797420156945,-1.646029991792322,legacy67,minmax,0.26190476190476186,0.5,0.23809523809523814,1.0,1.0,0.0,0.2619047619047619,0.5,0.23809523809523808,3,2
17,0.024586032763280048,-1.6093115439744645,legacy67,minmax,0.2857142857142856,0.5,0.2142857142857144,1.0,1.0,0.0,0.2857142857142857,0.5,0.2142857142857143,3,2
17,0.027012557725439066,-1.5684342920267822,legacy67,minmax,0.2857142857142856,0.5,0.2142857142857144,1.0,1.0,0.0,0.2857142857142857,0.5,0.2142857142857143,3,2
17,0.029072088906598435,-1.5365237618994811,legacy67,minmax,0.3571428571428572,0.5,0.1428571428571428,1.0,1.0,0.0,0.35714285714285715,0.5,0.14285714285714285,3,2
17,0.030086868214458433,-1.5216230162467932,legacy67,minmax,0.40476190476190466,0.5,0.09523809523809534,1.0,1.0,0.0,0.40476190476190477,0.5,0.09523809523809523,3,2
17,0.030771802712506853,-1.5118470606208847,legacy67,minmax,0.40476190476190466,0.5,0.09523809523809534,1.0,1.0,0.0,0.40476190476190477,0.5,0.09523809523809523,3,2
17,0.036138942712165265,-1.4420245573918327,legacy67,minmax,0.5,0.5,0.0,1.0,1.0,0.0,0.5,0.5,0.0,3,2
17,0.03661819220392428,-1.4363031001009494,legacy67,minmax,0.5,0.5,0.0,1.0,1.0,0.0,0.5,0.5,0.0,3,2
17,0.04207053950287936,-1.3760219186551894,legacy67,minmax,0.5,0.5,0.0,1.0,1.0,0.0,0.5,0.5,0.0,3,2
17,0.04207988669606635,-1.375925438230254,legacy67,minmax,0.5,0.5,0.0,1.0,1.0,0.0,0.5,0.5,0.0,3,2
17,0.04809461967501572,-1.3179035052508339,legacy67,minmax,0.5,0.6428571428571428,0.1428571428571428,1.0,1.0,0.0,0.5,0.6428571428571429,0.1428571428571429,4,4
17,0.05337032762603955,-1.2727001311715975,legacy67,minmax,0.5476190476190477,0.6428571428571428,0.09523809523809512,1.0,1.0,0.0,0.5476190476190477,0.6428571428571429,0.09523809523809523,4,5
17,0.05415244119402536,-1.2663819605862647,legacy67,minmax,0.5714285714285714,0.5714285714285714,0.0,1.0,1.0,0.0,0.5714285714285714,0.5714285714285714,0.0,4,5
17,0.05488047000766042,-1.2605821778978918,legacy67,minmax,0.5714285714285714,0.5714285714285714,0.0,1.0,1.0,0.0,0.5714285714285714,0.5714285714285714,0.0,4,5
17,0.060803901902965994,-1.2160685503234192,legacy67,minmax,0.6190476190476191,0.5714285714285714,-0.04761904761904767,1.0,1.0,0.0,0.6190476190476191,0.5714285714285714,-0.04761904761904767,4,5
17,0.06235377135673155,-1.2051372738633104,legacy67,minmax,0.6190476190476191,0.5714285714285714,-0.04761904761904767,1.0,1.0,0.0,0.6190476190476191,0.5714285714285714,-0.04761904761904767,4,5
17,0.06290644294586147,-1.201304871366561,legacy67,minmax,0.6190476190476191,0.5714285714285714,-0.04761904761904767,1.0,1.0,0.0,0.6190476190476191,0.5714285714285714,-0.04761904761904767,4,5
17,0.07068974950624601,-1.1506435572868954,legacy67,minmax,0.6057142857142859,0.5714285714285714,-0.034285714285714475,0.9866666666666667,1.0,0.013333333333333308,0.6190476190476191,0.5714285714285714,-0.04761904761904767,5,7
17,0.10842262717330158,-0.9648800735999323,legacy67,minmax,0.6295238095238096,0.7380952380952381,0.10857142857142854,0.9866666666666667,1.0,0.013333333333333308,0.6428571428571429,0.7380952380952381,0.09523809523809523,8,8
17,0.12172958098369964,-0.9146038729044164,legacy67,minmax,0.6295238095238096,0.7380952380952381,0.10857142857142854,0.9866666666666667,1.0,0.013333333333333308,0.6428571428571429,0.7380952380952381,0.09523809523809523,9,8
17,0.1329652145729951,-0.876261961250477,legacy67,minmax,0.6295238095238096,0.7380952380952381,0.10857142857142854,0.9866666666666667,1.0,0.013333333333333308,0.6428571428571429,0.7380952380952381,0.09523809523809523,9,8
17,0.14618962793704957,-0.8350834392078323,legacy67,minmax,0.6295238095238096,0.7857142857142856,0.156190476190476,0.9866666666666667,1.0,0.013333333333333308,0.6428571428571429,0.7857142857142857,0.1428571428571428,10,8
17,0.14742753159914665,-0.8314214058591274,legacy67,minmax,0.6295238095238096,0.7857142857142856,0.156190476190476,0.9866666666666667,1.0,0.013333333333333308,0.6428571428571429,0.7857142857142857,0.1428571428571428,10,8
17,0.16480446427978968,-0.7830310281618491,legacy67,minmax,0.6295238095238096,0.7857142857142856,0.156190476190476,0.9866666666666667,1.0,0.013333333333333308,0.6428571428571429,0.7857142857142857,0.1428571428571428,10,8
17,0.16536937182824418,-0.7815449233065173,legacy67,minmax,0.6295238095238096,0.7857142857142856,0.156190476190476,0.9866666666666667,1.0,0.013333333333333308,0.6428571428571429,0.7857142857142857,0.1428571428571428,10,8
17,0.1753594952976441,-0.7560707131373512,legacy67,minmax,0.6295238095238096,0.7857142857142856,0.156190476190476,0.9866666666666667,1.0,0.013333333333333308,0.6428571428571429,0.7857142857142857,0.1428571428571428,10,8
17,0.17654048052495064,-0.7531556956423562,legacy67,minmax,0.6295238095238096,0.7857142857142856,0.156190476190476,0.9866666666666667,1.0,0.013333333333333308,0.6428571428571429,0.7857142857142857,0.1428571428571428,10,8
17,0.1998634077852887,-0.6992667118930118,legacy67,minmax,0.6295238095238096,0.8066666666666666,0.17714285714285705,0.9866666666666667,0.9733333333333334,-0.013333333333333308,0.6428571428571429,0.8333333333333334,0.19047619047619047,13,8
17,0.2001342062287997,-0.6986786769469426,legacy67,minmax,0.6295238095238096,0.8066666666666666,0.17714285714285705,0.9866666666666667,0.9733333333333334,-0.013333333333333308,0.6428571428571429,0.8333333333333334,0.19047619047619047,13,8
17,0.21066486017042194,-0.6764079005894033,legacy67,minmax,0.6295238095238096,0.8066666666666666,0.17714285714285705,0.9866666666666667,0.9733333333333334,-0.013333333333333308,0.6428571428571429,0.8333333333333334,0.19047619047619047,14,8
17,0.2673088310781669,-0.5729866932256429,legacy67,minmax,0.677142857142857,0.8171428571428572,0.14000000000000012,0.9866666666666667,0.96,-0.026666666666666727,0.6904761904761905,0.8571428571428571,0.16666666666666663,14,9
17,0.2715581955282939,-0.5661370858229096,legacy67,minmax,0.677142857142857,0.8171428571428572,0.14000000000000012,0.9866666666666667,0.96,-0.026666666666666727,0.6904761904761905,0.8571428571428571,0.16666666666666663,14,9
17,0.292043384718141,-0.5345526268252332,legacy67,minmax,0.677142857142857,0.8171428571428572,0.14000000000000012,0.9866666666666667,0.96,-0.026666666666666727,0.6904761904761905,0.8571428571428571,0.16666666666666663,14,9
17,0.314891164795686,-0.50183952461055,legacy67,minmax,0.677142857142857,0.8171428571428572,0.14000000000000012,0.9866666666666667,0.96,-0.026666666666666727,0.6904761904761905,0.8571428571428571,0.16666666666666663,16,9
17,0.35868164986275475,-0.44529084124207197,legacy67,minmax,0.6638095238095238,0.8171428571428572,0.15333333333333332,0.9733333333333334,0.96,-0.01333333333333342,0.6904761904761905,0.8571428571428571,0.16666666666666663,17,9
17,0.5130551760589832,-0.2898359265658015,legacy67,minmax,0.6876190476190476,0.8409523809523809,0.15333333333333332,0.9733333333333334,0.96,-0.01333333333333342,0.7142857142857143,0.8809523809523809,0.16666666666666663,20,9
17,0.5342937261279772,-0.27221992543153695,legacy67,minmax,0.6876190476190476,0.8409523809523809,0.15333333333333332,0.9733333333333334,0.96,-0.01333333333333342,0.7142857142857143,0.8809523809523809,0.16666666666666663,20,9
17,0.5762487216478598,-0.23939002504159476,legacy67,minmax,0.6876190476190476,0.8409523809523809,0.15333333333333332,0.9733333333333334,0.96,-0.01333333333333342,0.7142857142857143,0.8809523809523809,0.16666666666666663,20,9
17,0.6672367170464204,-0.17572006313185626,legacy67,minmax,0.6876190476190476,0.8409523809523809,0.15333333333333332,0.9733333333333334,0.96,-0.01333333333333342,0.7142857142857143,0.8809523809523809,0.16666666666666663,21,9
17,0.7742116473996242,-0.1111402993522028,legacy67,minmax,0.6876190476190476,0.8409523809523809,0.15333333333333332,0.9733333333333334,0.96,-0.01333333333333342,0.7142857142857143,0.8809523809523809,0.16666666666666663,22,9
17,0.9444574254983555,-0.02481761454243703,legacy67,minmax,0.6876190476190476,0.8647619047619046,0.17714285714285705,0.9733333333333334,0.96,-0.01333333333333342,0.7142857142857143,0.9047619047619048,0.19047619047619047,24,8
17,0.9565499215943818,-0.019292359554919238,legacy67,minmax,0.6876190476190476,0.8647619047619046,0.17714285714285705,0.9733333333333334,0.96,-0.01333333333333342,0.7142857142857143,0.9047619047619048,0.19047619047619047,24,8
17,1.1400863701127315,0.0569377536544464,legacy67,minmax,0.6876190476190476,0.8885714285714286,0.200952380952381,0.9733333333333334,0.96,-0.01333333333333342,0.7142857142857143,0.9285714285714286,0.2142857142857143,24,8
17,1.2030178871154662,0.08027208471124325,legacy67,minmax,0.7114285714285715,0.8885714285714286,0.17714285714285705,0.9733333333333334,0.96,-0.01333333333333342,0.7380952380952381,0.9285714285714286,0.19047619047619047,24,8
17,1.2329098365270508,0.0909313175279762,legacy67,minmax,0.7114285714285715,0.8885714285714286,0.17714285714285705,0.9733333333333334,0.96,-0.01333333333333342,0.7380952380952381,0.9285714285714286,0.19047619047619047,24,8
17,1.2561043700013554,0.09902572652895136,legacy67,minmax,0.7114285714285715,0.8885714285714286,0.17714285714285705,0.9733333333333334,0.96,-0.01333333333333342,0.7380952380952381,0.9285714285714286,0.19047619047619047,24,8
17,1.4817820606039076,0.17078433263299386,legacy67,minmax,0.7114285714285715,0.8885714285714286,0.17714285714285705,0.9733333333333334,0.96,-0.01333333333333342,0.7380952380952381,0.9285714285714286,0.19047619047619047,24,8
17,1.5375920235481748,0.1868411173731186,legacy67,minmax,0.7114285714285715,0.8885714285714286,0.17714285714285705,0.9733333333333334,0.96,-0.01333333333333342,0.7380952380952381,0.9285714285714286,0.19047619047619047,24,8
17,1.7583640270008503,0.24510879027798493,legacy67,minmax,0.7114285714285715,0.8885714285714286,0.17714285714285705,0.9733333333333334,0.96,-0.01333333333333342,0.7380952380952381,0.9285714285714286,0.19047619047619047,25,8
17,2.34238498471129,0.36965827544816987,legacy67,minmax,0.7114285714285715,0.8885714285714286,0.17714285714285705,0.9733333333333334,0.96,-0.01333333333333342,0.7380952380952381,0.9285714285714286,0.19047619047619047,26,8
17,2.4637685958997446,0.39159991524434057,legacy67,minmax,0.7114285714285715,0.8885714285714286,0.17714285714285705,0.9733333333333334,0.96,-0.01333333333333342,0.7380952380952381,0.9285714285714286,0.19047619047619047,26,8
17,2.4810409748678097,0.3946339367881464,legacy67,minmax,0.7114285714285715,0.8885714285714286,0.17714285714285705,0.9733333333333334,0.96,-0.01333333333333342,0.7380952380952381,0.9285714285714286,0.19047619047619047,27,8
17,2.5378155082656626,0.40446004697283516,legacy67,minmax,0.7114285714285715,0.8885714285714286,0.17714285714285705,0.9733333333333334,0.96,-0.01333333333333342,0.7380952380952381,0.9285714285714286,0.19047619047619047,28,8
17,2.692646910086177,0.43017940760575346,legacy67,minmax,0.7114285714285715,0.8885714285714286,0.17714285714285705,0.9733333333333334,0.96,-0.01333333333333342,0.7380952380952381,0.9285714285714286,0.19047619047619047,28,8
17,2.801635158716258,0.4474115788895179,legacy67,minmax,0.7114285714285715,0.8885714285714286,0.17714285714285705,0.9733333333333334,0.96,-0.01333333333333342,0.7380952380952381,0.9285714285714286,0.19047619047619047,29,8
17,3.113095956122122,0.4931925073102317,legacy67,minmax,0.7114285714285715,0.8885714285714286,0.17714285714285705,0.9733333333333334,0.96,-0.01333333333333342,0.7380952380952381,0.9285714285714286,0.19047619047619047,28,8
17,3.550012525851159,0.5502298854208525,legacy67,minmax,0.7352380952380952,0.8885714285714286,0.15333333333333332,0.9733333333333334,0.96,-0.01333333333333342,0.7619047619047619,0.9285714285714286,0.16666666666666674,31,8
17,4.467752817973904,0.6500891374159279,legacy67,minmax,0.7352380952380952,0.8885714285714286,0.15333333333333332,0.9733333333333334,0.96,-0.01333333333333342,0.7619047619047619,0.9285714285714286,0.16666666666666674,31,8
17,5.456725485601473,0.7369321060486276,legacy67,minmax,0.7352380952380952,0.8885714285714286,0.15333333333333332,0.9733333333333334,0.96,-0.01333333333333342,0.7619047619047619,0.9285714285714286,0.16666666666666674,31,8
17,6.72093005015611,0.8274293753904685,legacy67,minmax,0.7114285714285715,0.8885714285714286,0.17714285714285705,0.9733333333333334,0.96,-0.01333333333333342,0.7380952380952381,0.9285714285714286,0.19047619047619047,31,8
17,6.7965780907581514,0.832290311184182,legacy67,minmax,0.7114285714285715,0.8885714285714286,0.17714285714285705,0.9733333333333334,0.96,-0.01333333333333342,0.7380952380952381,0.9285714285714286,0.19047619047619047,31,8
17,7.128188058401357,0.85297914889198,legacy67,minmax,0.7114285714285715,0.8885714285714286,0.17714285714285705,0.9733333333333334,0.96,-0.01333333333333342,0.7380952380952381,0.9285714285714286,0.19047619047619047,32,8
17,8.241925264876443,0.9160286721639492,legacy67,minmax,0.7114285714285715,0.8885714285714286,0.17714285714285705,0.9733333333333334,0.96,-0.01333333333333342,0.7380952380952381,0.9285714285714286,0.19047619047619047,32,31
17,8.287522363768153,0.9184247133522563,legacy67,minmax,0.7114285714285715,0.8885714285714286,0.17714285714285705,0.9733333333333334,0.96,-0.01333333333333342,0.7380952380952381,0.9285714285714286,0.19047619047619047,32,31
17,8.471801418819974,0.9279757672456204,legacy67,minmax,0.7114285714285715,0.8885714285714286,0.17714285714285705,0.9733333333333334,0.96,-0.01333333333333342,0.7380952380952381,0.9285714285714286,0.19047619047619047,32,31
17,11.044350847124681,1.0431401944675898,legacy67,minmax,0.7114285714285715,0.8885714285714286,0.17714285714285705,0.9733333333333334,0.96,-0.01333333333333342,0.7380952380952381,0.9285714285714286,0.19047619047619047,32,31
17,12.130221181165155,1.083868719818244,legacy67,minmax,0.7114285714285715,0.8885714285714286,0.17714285714285705,0.9733333333333334,0.96,-0.01333333333333342,0.7380952380952381,0.9285714285714286,0.19047619047619047,32,31
17,12.164139351417056,1.085081386743783,legacy67,minmax,0.7114285714285715,0.8885714285714286,0.17714285714285705,0.9733333333333334,0.96,-0.01333333333333342,0.7380952380952381,0.9285714285714286,0.19047619047619047,32,31
17,12.273800987852958,1.0889790771866297,legacy67,minmax,0.7114285714285715,0.8885714285714286,0.17714285714285705,0.9733333333333334,0.96,-0.01333333333333342,0.7380952380952381,0.9285714285714286,0.19047619047619047,32,31
17,12.604664585649452,1.1005312934444582,legacy67,minmax,0.7114285714285715,0.8885714285714286,0.17714285714285705,0.9733333333333334,0.96,-0.01333333333333342,0.7380952380952381,0.9285714285714286,0.19047619047619047,32,31
17,13.826232179369853,1.1407038455720544,legacy67,minmax,0.7114285714285715,0.8885714285714286,0.17714285714285705,0.9733333333333334,0.96,-0.01333333333333342,0.7380952380952381,0.9285714285714286,0.19047619047619047,32,31
17,16.172900811143133,1.2087879230161587,legacy67,minmax,0.7114285714285715,0.8885714285714286,0.17714285714285705,0.9733333333333334,0.96,-0.01333333333333342,0.7380952380952381,0.9285714285714286,0.19047619047619047,32,31
17,17.123375973163967,1.2335893924658445,legacy67,minmax,0.7114285714285715,0.8885714285714286,0.17714285714285705,0.9733333333333334,0.96,-0.01333333333333342,0.7380952380952381,0.9285714285714286,0.19047619047619047,32,31
17,18.274508859816006,1.2618457138193366,legacy67,minmax,0.7114285714285715,0.8885714285714286,0.17714285714285705,0.9733333333333334,0.96,-0.01333333333333342,0.7380952380952381,0.9285714285714286,0.19047619047619047,32,31
17,20.65142557895924,1.3149500366077174,legacy67,minmax,0.7114285714285715,0.8885714285714286,0.17714285714285705,0.9733333333333334,0.96,-0.01333333333333342,0.7380952380952381,0.9285714285714286,0.19047619047619047,32,31
17,21.36832907235874,1.329770563201687,legacy67,minmax,0.7114285714285715,0.8885714285714286,0.17714285714285705,0.9733333333333334,0.96,-0.01333333333333342,0.7380952380952381,0.9285714285714286,0.19047619047619047,32,31
17,28.340904295147727,1.452413703502374,legacy67,minmax,0.7114285714285715,0.8885714285714286,0.17714285714285705,0.9733333333333334,0.96,-0.01333333333333342,0.7380952380952381,0.9285714285714286,0.19047619047619047,32,31
17,29.154431891537524,1.4647045830997407,legacy67,minmax,0.7114285714285715,0.8885714285714286,0.17714285714285705,0.9733333333333334,0.96,-0.01333333333333342,0.7380952380952381,0.9285714285714286,0.19047619047619047,32,31
17,35.387588647792384,1.5488509703053062,legacy67,minmax,0.7114285714285715,0.8885714285714286,0.17714285714285705,0.9733333333333334,0.96,-0.01333333333333342,0.7380952380952381,0.9285714285714286,0.19047619047619047,32,32
17,37.95853142670639,1.5793094017105953,legacy67,minmax,0.7114285714285715,0.8885714285714286,0.17714285714285705,0.9733333333333334,0.96,-0.01333333333333342,0.7380952380952381,0.9285714285714286,0.19047619047619047,32,32
17,43.37920697490936,1.6372816083151283,legacy67,minmax,0.7114285714285715,0.8885714285714286,0.17714285714285705,0.9733333333333334,0.96,-0.01333333333333342,0.7380952380952381,0.9285714285714286,0.19047619047619047,33,32
17,48.69640941520897,1.6874969400924673,legacy67,minmax,0.7114285714285715,0.8885714285714286,0.17714285714285705,0.9733333333333334,0.96,-0.01333333333333342,0.7380952380952381,0.9285714285714286,0.19047619047619047,33,32
17,57.279044707996185,1.7579957662567565,legacy67,minmax,0.7114285714285715,0.8885714285714286,0.17714285714285705,0.9733333333333334,0.96,-0.01333333333333342,0.7380952380952381,0.9285714285714286,0.19047619047619047,33,32
17,62.45139574743064,1.795542149013333,legacy67,minmax,0.7114285714285715,0.8885714285714286,0.17714285714285705,0.9733333333333334,0.96,-0.01333333333333342,0.7380952380952381,0.9285714285714286,0.19047619047619047,33,32
17,63.512210106406926,1.8028572256396647,legacy67,minmax,0.7114285714285715,0.8885714285714286,0.17714285714285705,0.9733333333333334,0.96,-0.01333333333333342,0.7380952380952381,0.9285714285714286,0.19047619047619047,33,32
17,72.86653737491037,1.8625281322982374,legacy67,minmax,0.7114285714285715,0.8885714285714286,0.17714285714285705,0.9733333333333334,0.96,-0.01333333333333342,0.7380952380952381,0.9285714285714286,0.19047619047619047,33,33
17,75.56810141274423,1.8783385110582342,legacy67,minmax,0.7114285714285715,0.8885714285714286,0.17714285714285705,0.9733333333333334,0.96,-0.01333333333333342,0.7380952380952381,0.9285714285714286,0.19047619047619047,33,33
17,75.79479953347995,1.8796394086479773,legacy67,minmax,0.7114285714285715,0.8885714285714286,0.17714285714285705,0.9733333333333334,0.96,-0.01333333333333342,0.7380952380952381,0.9285714285714286,0.19047619047619047,33,33
17,88.62326508576248,1.9475477464020692,legacy67,minmax,0.7114285714285715,0.8885714285714286,0.17714285714285705,0.9733333333333334,0.96,-0.01333333333333342,0.7380952380952381,0.9285714285714286,0.19047619047619047,33,33
18,0.010521761868451128,-1.9779115315055904,legacy67,minmax,0.0,0.0,0.0,1.0,1.0,0.0,0.0,0.0,0.0,0,0
18,0.012087541473056955,-1.9176620228167902,legacy67,minmax,0.0,0.0,0.0,1.0,1.0,0.0,0.0,0.0,0.0,0,0
18,0.01263794633808287,-1.8983234930236192,legacy67,minmax,0.0,0.0,0.0,1.0,1.0,0.0,0.0,0.0,0.0,0,0
18,0.013726318898045865,-1.8624459155391264,legacy67,minmax,0.0,0.0,0.0,1.0,1.0,0.0,0.0,0.0,0.0,0,0
18,0.0151673306880762,-1.8190908443578477,legacy67,minmax,0.0,0.0,0.0,1.0,1.0,0.0,0.0,0.0,0.0,0,0
18,0.015339162591163618,-1.814198349120009,legacy67,minmax,0.0,0.0,0.0,1.0,1.0,0.0,0.0,0.0,0.0,0,0
18,0.017073967431528118,-1.7676655513272022,legacy67,minmax,0.0,0.0,0.0,1.0,1.0,0.0,0.0,0.0,0.0,1,1
18,0.017956984225677628,-1.7457665988559055,legacy67,minmax,0.0,0.0,0.0,1.0,1.0,0.0,0.0,0.0,0.0,1,1
18,0.018205657658407252,-1.739793628058882,legacy67,minmax,0.0,0.0,0.0,1.0,1.0,0.0,0.0,0.0,0.0,1,1
18,0.019777828512462715,-1.7038213930636386,legacy67,minmax,0.0,0.0,0.0,1.0,1.0,0.0,0.0,0.0,0.0,2,1
18,0.01987021538542862,-1.7017974252809167,legacy67,minmax,0.0,0.0,0.0,1.0,1.0,0.0,0.0,0.0,0.0,2,1
18,0.022592797420156945,-1.646029991792322,legacy67,minmax,0.2142857142857142,0.4761904761904763,0.2619047619047621,1.0,1.0,0.0,0.21428571428571427,0.47619047619047616,0.26190476190476186,3,1
18,0.024586032763280048,-1.6093115439744645,legacy67,minmax,0.2142857142857142,0.4761904761904763,0.2619047619047621,1.0,1.0,0.0,0.21428571428571427,0.47619047619047616,0.26190476190476186,3,1
18,0.027012557725439066,-1.5684342920267822,legacy67,minmax,0.23809523809523814,0.4761904761904763,0.23809523809523814,1.0,1.0,0.0,0.23809523809523808,0.47619047619047616,0.23809523809523808,3,1
18,0.029072088906598435,-1.5365237618994811,legacy67,minmax,0.30952380952380953,0.4761904761904763,0.16666666666666674,1.0,1.0,0.0,0.30952380952380953,0.47619047619047616,0.16666666666666663,3,1
18,0.030086868214458433,-1.5216230162467932,legacy67,minmax,0.30952380952380953,0.4761904761904763,0.16666666666666674,1.0,1.0,0.0,0.30952380952380953,0.47619047619047616,0.16666666666666663,3,1
18,0.030771802712506853,-1.5118470606208847,legacy67,minmax,0.30952380952380953,0.4761904761904763,0.16666666666666674,1.0,1.0,0.0,0.30952380952380953,0.47619047619047616,0.16666666666666663,3,1
18,0.036138942712165265,-1.4420245573918327,legacy67,minmax,0.4285714285714286,0.4761904761904763,0.04761904761904767,1.0,1.0,0.0,0.42857142857142855,0.47619047619047616,0.047619047619047616,3,3
18,0.03661819220392428,-1.4363031001009494,legacy67,minmax,0.4285714285714286,0.4761904761904763,0.04761904761904767,1.0,1.0,0.0,0.42857142857142855,0.47619047619047616,0.047619047619047616,3,3
18,0.04207053950287936,-1.3760219186551894,legacy67,minmax,0.5238095238095237,0.4761904761904763,-0.04761904761904745,1.0,1.0,0.0,0.5238095238095238,0.47619047619047616,-0.04761904761904767,3,3
18,0.04207988669606635,-1.375925438230254,legacy67,minmax,0.5238095238095237,0.4761904761904763,-0.04761904761904745,1.0,1.0,0.0,0.5238095238095238,0.47619047619047616,-0.04761904761904767,3,3
18,0.04809461967501572,-1.3179035052508339,legacy67,minmax,0.5714285714285714,0.4761904761904763,-0.09523809523809512,1.0,1.0,0.0,0.5714285714285714,0.47619047619047616,-0.09523809523809523,5,3
18,0.05337032762603955,-1.2727001311715975,legacy67,minmax,0.5952380952380953,0.4761904761904763,-0.11904761904761907,1.0,1.0,0.0,0.5952380952380952,0.47619047619047616,-0.11904761904761907,6,3
18,0.05415244119402536,-1.2663819605862647,legacy67,minmax,0.5952380952380953,0.4761904761904763,-0.11904761904761907,1.0,1.0,0.0,0.5952380952380952,0.47619047619047616,-0.11904761904761907,6,3
18,0.05488047000766042,-1.2605821778978918,legacy67,minmax,0.5952380952380953,0.4761904761904763,-0.11904761904761907,1.0,1.0,0.0,0.5952380952380952,0.47619047619047616,-0.11904761904761907,6,3
18,0.060803901902965994,-1.2160685503234192,legacy67,minmax,0.5952380952380953,0.5238095238095237,-0.07142857142857162,1.0,1.0,0.0,0.5952380952380952,0.5238095238095238,-0.0714285714285714,6,3
18,0.06235377135673155,-1.2051372738633104,legacy67,minmax,0.5952380952380953,0.5238095238095237,-0.07142857142857162,1.0,1.0,0.0,0.5952380952380952,0.5238095238095238,-0.0714285714285714,6,3
18,0.06290644294586147,-1.201304871366561,legacy67,minmax,0.5952380952380953,0.5238095238095237,-0.07142857142857162,1.0,1.0,0.0,0.5952380952380952,0.5238095238095238,-0.0714285714285714,6,3
18,0.07068974950624601,-1.1506435572868954,legacy67,minmax,0.6190476190476191,0.5714285714285714,-0.04761904761904767,1.0,1.0,0.0,0.6190476190476191,0.5714285714285714,-0.04761904761904767,7,5
18,0.10842262717330158,-0.9648800735999323,legacy67,minmax,0.6057142857142859,0.6428571428571428,0.03714285714285692,0.9866666666666667,1.0,0.013333333333333308,0.6190476190476191,0.6428571428571429,0.023809523809523836,8,8
18,0.12172958098369964,-0.9146038729044164,legacy67,minmax,0.5819047619047619,0.6666666666666665,0.0847619047619046,0.9866666666666667,1.0,0.013333333333333308,0.5952380952380952,0.6666666666666666,0.0714285714285714,9,8
18,0.1329652145729951,-0.876261961250477,legacy67,minmax,0.5819047619047619,0.6904761904761905,0.10857142857142854,0.9866666666666667,1.0,0.013333333333333308,0.5952380952380952,0.6904761904761905,0.09523809523809523,9,9
18,0.14618962793704957,-0.8350834392078323,legacy67,minmax,0.6295238095238096,0.6904761904761905,0.06095238095238087,0.9866666666666667,1.0,0.013333333333333308,0.6428571428571429,0.6904761904761905,0.04761904761904756,9,9
18,0.14742753159914665,-0.8314214058591274,legacy67,minmax,0.6295238095238096,0.7142857142857144,0.08476190476190482,0.9866666666666667,1.0,0.013333333333333308,0.6428571428571429,0.7142857142857143,0.0714285714285714,9,9
18,0.16480446427978968,-0.7830310281618491,legacy67,minmax,0.6295238095238096,0.7380952380952381,0.10857142857142854,0.9866666666666667,1.0,0.013333333333333308,0.6428571428571429,0.7380952380952381,0.09523809523809523,10,9
18,0.16536937182824418,-0.7815449233065173,legacy67,minmax,0.6295238095238096,0.7380952380952381,0.10857142857142854,0.9866666666666667,1.0,0.013333333333333308,0.6428571428571429,0.7380952380952381,0.09523809523809523,10,9
18,0.1753594952976441,-0.7560707131373512,legacy67,minmax,0.6161904761904764,0.7380952380952381,0.12190476190476174,0.9733333333333334,1.0,0.026666666666666616,0.6428571428571429,0.7380952380952381,0.09523809523809523,11,9
18,0.17654048052495064,-0.7531556956423562,legacy67,minmax,0.6161904761904764,0.7380952380952381,0.12190476190476174,0.9733333333333334,1.0,0.026666666666666616,0.6428571428571429,0.7380952380952381,0.09523809523809523,11,9
18,0.1998634077852887,-0.6992667118930118,legacy67,minmax,0.6161904761904764,0.8095238095238095,0.19333333333333313,0.9733333333333334,1.0,0.026666666666666616,0.6428571428571429,0.8095238095238095,0.16666666666666663,11,9
18,0.2001342062287997,-0.6986786769469426,legacy67,minmax,0.6161904761904764,0.8095238095238095,0.19333333333333313,0.9733333333333334,1.0,0.026666666666666616,0.6428571428571429,0.8095238095238095,0.16666666666666663,11,9
18,0.21066486017042194,-0.6764079005894033,legacy67,minmax,0.6161904761904764,0.8095238095238095,0.19333333333333313,0.9733333333333334,1.0,0.026666666666666616,0.6428571428571429,0.8095238095238095,0.16666666666666663,11,9
18,0.2673088310781669,-0.5729866932256429,legacy67,minmax,0.6161904761904764,0.7961904761904761,0.17999999999999972,0.9733333333333334,0.9866666666666667,0.013333333333333308,0.6428571428571429,0.8095238095238095,0.16666666666666663,14,10
18,0.2715581955282939,-0.5661370858229096,legacy67,minmax,0.6161904761904764,0.7961904761904761,0.17999999999999972,0.9733333333333334,0.9866666666666667,0.013333333333333308,0.6428571428571429,0.8095238095238095,0.16666666666666663,14,10
18,0.292043384718141,-0.5345526268252332,legacy67,minmax,0.6400000000000001,0.7961904761904761,0.156190476190476,0.9733333333333334,0.9866666666666667,0.013333333333333308,0.6666666666666666,0.8095238095238095,0.1428571428571429,15,10
18,0.314891164795686,-0.50183952461055,legacy67,minmax,0.6504761904761904,0.7961904761904761,0.14571428571428569,0.96,0.9866666666666667,0.026666666666666727,0.6904761904761905,0.8095238095238095,0.11904761904761907,15,10
18,0.35868164986275475,-0.44529084124207197,legacy67,minmax,0.6742857142857144,0.7961904761904761,0.12190476190476174,0.96,0.9866666666666667,0.026666666666666727,0.7142857142857143,0.8095238095238095,0.09523809523809523,17,10
18,0.5130551760589832,-0.2898359265658015,legacy67,minmax,0.7114285714285715,0.7961904761904761,0.0847619047619046,0.9733333333333334,0.9866666666666667,0.013333333333333308,0.7380952380952381,0.8095238095238095,0.0714285714285714,21,10
18,0.5342937261279772,-0.27221992543153695,legacy67,minmax,0.6876190476190476,0.7961904761904761,0.10857142857142854,0.9733333333333334,0.9866666666666667,0.013333333333333308,0.7142857142857143,0.8095238095238095,0.09523809523809523,21,10
18,0.5762487216478598,-0.23939002504159476,legacy67,minmax,0.6876190476190476,0.7961904761904761,0.10857142857142854,0.9733333333333334,0.9866666666666667,0.013333333333333308,0.7142857142857143,0.8095238095238095,0.09523809523809523,21,10
18,0.6672367170464204,-0.17572006313185626,legacy67,minmax,0.700952380952381,0.7961904761904761,0.09523809523809512,0.9866666666666667,0.9866666666666667,0.0,0.7142857142857143,0.8095238095238095,0.09523809523809523,22,10
18,0.7742116473996242,-0.1111402993522028,legacy67,minmax,0.700952380952381,0.8914285714285715,0.19047619047619047,0.9866666666666667,0.9866666666666667,0.0,0.7142857142857143,0.9047619047619048,0.19047619047619047,25,10
18,0.9444574254983555,-0.02481761454243703,legacy67,minmax,0.700952380952381,0.8914285714285715,0.19047619047619047,0.9866666666666667,0.9866666666666667,0.0,0.7142857142857143,0.9047619047619048,0.19047619047619047,25,10
18,0.9565499215943818,-0.019292359554919238,legacy67,minmax,0.700952380952381,0.8914285714285715,0.19047619047619047,0.9866666666666667,0.9866666666666667,0.0,0.7142857142857143,0.9047619047619048,0.19047619047619047,25,10
18,1.1400863701127315,0.0569377536544464,legacy67,minmax,0.7247619047619049,0.8914285714285715,0.16666666666666652,0.9866666666666667,0.9866666666666667,0.0,0.7380952380952381,0.9047619047619048,0.16666666666666663,25,10
18,1.2030178871154662,0.08027208471124325,legacy67,minmax,0.7247619047619049,0.8914285714285715,0.16666666666666652,0.9866666666666667,0.9866666666666667,0.0,0.7380952380952381,0.9047619047619048,0.16666666666666663,25,10
18,1.2329098365270508,0.0909313175279762,legacy67,minmax,0.7247619047619049,0.8914285714285715,0.16666666666666652,0.9866666666666667,0.9866666666666667,0.0,0.7380952380952381,0.9047619047619048,0.16666666666666663,25,10
18,1.2561043700013554,0.09902572652895136,legacy67,minmax,0.7247619047619049,0.8914285714285715,0.16666666666666652,0.9866666666666667,0.9866666666666667,0.0,0.7380952380952381,0.9047619047619048,0.16666666666666663,25,10
18,1.4817820606039076,0.17078433263299386,legacy67,minmax,0.7485714285714287,0.8914285714285715,0.1428571428571428,0.9866666666666667,0.9866666666666667,0.0,0.7619047619047619,0.9047619047619048,0.1428571428571429,26,10
18,1.5375920235481748,0.1868411173731186,legacy67,minmax,0.7485714285714287,0.8914285714285715,0.1428571428571428,0.9866666666666667,0.9866666666666667,0.0,0.7619047619047619,0.9047619047619048,0.1428571428571429,26,10
18,1.7583640270008503,0.24510879027798493,legacy67,minmax,0.7247619047619049,0.8914285714285715,0.16666666666666652,0.9866666666666667,0.9866666666666667,0.0,0.7380952380952381,0.9047619047619048,0.16666666666666663,29,10
18,2.34238498471129,0.36965827544816987,legacy67,minmax,0.7114285714285715,0.8914285714285715,0.17999999999999994,0.9733333333333334,0.9866666666666667,0.013333333333333308,0.7380952380952381,0.9047619047619048,0.16666666666666663,29,10
18,2.4637685958997446,0.39159991524434057,legacy67,minmax,0.7114285714285715,0.8914285714285715,0.17999999999999994,0.9733333333333334,0.9866666666666667,0.013333333333333308,0.7380952380952381,0.9047619047619048,0.16666666666666663,29,10
18,2.4810409748678097,0.3946339367881464,legacy67,minmax,0.7114285714285715,0.8914285714285715,0.17999999999999994,0.9733333333333334,0.9866666666666667,0.013333333333333308,0.7380952380952381,0.9047619047619048,0.16666666666666663,29,10
18,2.5378155082656626,0.40446004697283516,legacy67,minmax,0.7114285714285715,0.8914285714285715,0.17999999999999994,0.9733333333333334,0.9866666666666667,0.013333333333333308,0.7380952380952381,0.9047619047619048,0.16666666666666663,29,10
18,2.692646910086177,0.43017940760575346,legacy67,minmax,0.7114285714285715,0.8914285714285715,0.17999999999999994,0.9733333333333334,0.9866666666666667,0.013333333333333308,0.7380952380952381,0.9047619047619048,0.16666666666666663,30,10
18,2.801635158716258,0.4474115788895179,legacy67,minmax,0.7114285714285715,0.8914285714285715,0.17999999999999994,0.9733333333333334,0.9866666666666667,0.013333333333333308,0.7380952380952381,0.9047619047619048,0.16666666666666663,30,10
18,3.113095956122122,0.4931925073102317,legacy67,minmax,0.6980952380952381,0.8914285714285715,0.19333333333333336,0.96,0.9866666666666667,0.026666666666666727,0.7380952380952381,0.9047619047619048,0.16666666666666663,30,10
18,3.550012525851159,0.5502298854208525,legacy67,minmax,0.6742857142857144,0.8914285714285715,0.21714285714285708,0.96,0.9866666666666667,0.026666666666666727,0.7142857142857143,0.9047619047619048,0.19047619047619047,30,10
18,4.467752817973904,0.6500891374159279,legacy67,minmax,0.6742857142857144,0.9152380952380952,0.2409523809523808,0.96,0.9866666666666667,0.026666666666666727,0.7142857142857143,0.9285714285714286,0.2142857142857143,30,10
18,5.456725485601473,0.7369321060486276,legacy67,minmax,0.6742857142857144,0.9152380952380952,0.2409523809523808,0.96,0.9866666666666667,0.026666666666666727,0.7142857142857143,0.9285714285714286,0.2142857142857143,30,10
18,6.72093005015611,0.8274293753904685,legacy67,minmax,0.6742857142857144,0.8914285714285715,0.21714285714285708,0.96,0.9866666666666667,0.026666666666666727,0.7142857142857143,0.9047619047619048,0.19047619047619047,31,10
18,6.7965780907581514,0.832290311184182,legacy67,minmax,0.6742857142857144,0.9152380952380952,0.2409523809523808,0.96,0.9866666666666667,0.026666666666666727,0.7142857142857143,0.9285714285714286,0.2142857142857143,31,10
18,7.128188058401357,0.85297914889198,legacy67,minmax,0.6742857142857144,0.9152380952380952,0.2409523809523808,0.96,0.9866666666666667,0.026666666666666727,0.7142857142857143,0.9285714285714286,0.2142857142857143,31,10
18,8.241925264876443,0.9160286721639492,legacy67,minmax,0.6742857142857144,0.8914285714285715,0.21714285714285708,0.96,0.9866666666666667,0.026666666666666727,0.7142857142857143,0.9047619047619048,0.19047619047619047,31,30
18,8.287522363768153,0.9184247133522563,legacy67,minmax,0.6742857142857144,0.8914285714285715,0.21714285714285708,0.96,0.9866666666666667,0.026666666666666727,0.7142857142857143,0.9047619047619048,0.19047619047619047,31,30
18,8.471801418819974,0.9279757672456204,legacy67,minmax,0.6742857142857144,0.8914285714285715,0.21714285714285708,0.96,0.9866666666666667,0.026666666666666727,0.7142857142857143,0.9047619047619048,0.19047619047619047,31,30
18,11.044350847124681,1.0431401944675898,legacy67,minmax,0.6742857142857144,0.8914285714285715,0.21714285714285708,0.96,0.9866666666666667,0.026666666666666727,0.7142857142857143,0.9047619047619048,0.19047619047619047,32,30
18,12.130221181165155,1.083868719818244,legacy67,minmax,0.6742857142857144,0.8914285714285715,0.21714285714285708,0.96,0.9866666666666667,0.026666666666666727,0.7142857142857143,0.9047619047619048,0.19047619047619047,32,30
18,12.164139351417056,1.085081386743783,legacy67,minmax,0.6742857142857144,0.8914285714285715,0.21714285714285708,0.96,0.9866666666666667,0.026666666666666727,0.7142857142857143,0.9047619047619048,0.19047619047619047,32,30
18,12.273800987852958,1.0889790771866297,legacy67,minmax,0.6742857142857144,0.8914285714285715,0.21714285714285708,0.96,0.9866666666666667,0.026666666666666727,0.7142857142857143,0.9047619047619048,0.19047619047619047,32,30
18,12.604664585649452,1.1005312934444582,legacy67,minmax,0.6742857142857144,0.8914285714285715,0.21714285714285708,0.96,0.9866666666666667,0.026666666666666727,0.7142857142857143,0.9047619047619048,0.19047619047619047,32,30
18,13.826232179369853,1.1407038455720544,legacy67,minmax,0.6742857142857144,0.8914285714285715,0.21714285714285708,0.96,0.9866666666666667,0.026666666666666727,0.7142857142857143,0.9047619047619048,0.19047619047619047,32,30
18,16.172900811143133,1.2087879230161587,legacy67,minmax,0.6742857142857144,0.9152380952380952,0.2409523809523808,0.96,0.9866666666666667,0.026666666666666727,0.7142857142857143,0.9285714285714286,0.2142857142857143,32,30
18,17.123375973163967,1.2335893924658445,legacy67,minmax,0.6742857142857144,0.9152380952380952,0.2409523809523808,0.96,0.9866666666666667,0.026666666666666727,0.7142857142857143,0.9285714285714286,0.2142857142857143,32,30
18,18.274508859816006,1.2618457138193366,legacy67,minmax,0.6742857142857144,0.9152380952380952,0.2409523809523808,0.96,0.9866666666666667,0.026666666666666727,0.7142857142857143,0.9285714285714286,0.2142857142857143,32,30
18,20.65142557895924,1.3149500366077174,legacy67,minmax,0.6742857142857144,0.9152380952380952,0.2409523809523808,0.96,0.9866666666666667,0.026666666666666727,0.7142857142857143,0.9285714285714286,0.2142857142857143,32,30
18,21.36832907235874,1.329770563201687,legacy67,minmax,0.6742857142857144,0.9152380952380952,0.2409523809523808,0.96,0.9866666666666667,0.026666666666666727,0.7142857142857143,0.9285714285714286,0.2142857142857143,32,30
18,28.340904295147727,1.452413703502374,legacy67,minmax,0.6742857142857144,0.9152380952380952,0.2409523809523808,0.96,0.9866666666666667,0.026666666666666727,0.7142857142857143,0.9285714285714286,0.2142857142857143,33,30
18,29.154431891537524,1.4647045830997407,legacy67,minmax,0.6742857142857144,0.9152380952380952,0.2409523809523808,0.96,0.9866666666666667,0.026666666666666727,0.7142857142857143,0.9285714285714286,0.2142857142857143,33,30
18,35.387588647792384,1.5488509703053062,legacy67,minmax,0.6742857142857144,0.9152380952380952,0.2409523809523808,0.96,0.9866666666666667,0.026666666666666727,0.7142857142857143,0.9285714285714286,0.2142857142857143,33,30
18,37.95853142670639,1.5793094017105953,legacy67,minmax,0.6742857142857144,0.9152380952380952,0.2409523809523808,0.96,0.9866666666666667,0.026666666666666727,0.7142857142857143,0.9285714285714286,0.2142857142857143,33,30
18,43.37920697490936,1.6372816083151283,legacy67,minmax,0.6742857142857144,0.9152380952380952,0.2409523809523808,0.96,0.9866666666666667,0.026666666666666727,0.7142857142857143,0.9285714285714286,0.2142857142857143,33,30
18,48.69640941520897,1.6874969400924673,legacy67,minmax,0.6742857142857144,0.9152380952380952,0.2409523809523808,0.96,0.9866666666666667,0.026666666666666727,0.7142857142857143,0.9285714285714286,0.2142857142857143,32,30
18,57.279044707996185,1.7579957662567565,legacy67,minmax,0.6742857142857144,0.9152380952380952,0.2409523809523808,0.96,0.9866666666666667,0.026666666666666727,0.7142857142857143,0.9285714285714286,0.2142857142857143,32,31
18,62.45139574743064,1.795542149013333,legacy67,minmax,0.6742857142857144,0.9152380952380952,0.2409523809523808,0.96,0.9866666666666667,0.026666666666666727,0.7142857142857143,0.9285714285714286,0.2142857142857143,32,31
18,63.512210106406926,1.8028572256396647,legacy67,minmax,0.6742857142857144,0.9152380952380952,0.2409523809523808,0.96,0.9866666666666667,0.026666666666666727,0.7142857142857143,0.9285714285714286,0.2142857142857143,32,31
18,72.86653737491037,1.8625281322982374,legacy67,minmax,0.6742857142857144,0.9152380952380952,0.2409523809523808,0.96,0.9866666666666667,0.026666666666666727,0.7142857142857143,0.9285714285714286,0.2142857142857143,33,31
18,75.56810141274423,1.8783385110582342,legacy67,minmax,0.6876190476190476,0.9152380952380952,0.2276190476190476,0.9733333333333334,0.9866666666666667,0.013333333333333308,0.7142857142857143,0.9285714285714286,0.2142857142857143,33,31
18,75.79479953347995,1.8796394086479773,legacy67,minmax,0.6876190476190476,0.9152380952380952,0.2276190476190476,0.9733333333333334,0.9866666666666667,0.013333333333333308,0.7142857142857143,0.9285714285714286,0.2142857142857143,33,31
18,88.62326508576248,1.9475477464020692,legacy67,minmax,0.6876190476190476,0.9152380952380952,0.2276190476190476,0.9733333333333334,0.9866666666666667,0.013333333333333308,0.7142857142857143,0.9285714285714286,0.2142857142857143,33,33
19,0.010521761868451128,-1.9779115315055904,legacy67,minmax,0.0,0.0,0.0,1.0,1.0,0.0,0.0,0.0,0.0,0,0
19,0.012087541473056955,-1.9176620228167902,legacy67,minmax,0.0,0.0,0.0,1.0,1.0,0.0,0.0,0.0,0.0,0,0
19,0.01263794633808287,-1.8983234930236192,legacy67,minmax,0.0,0.0,0.0,1.0,1.0,0.0,0.0,0.0,0.0,0,0
19,0.013726318898045865,-1.8624459155391264,legacy67,minmax,0.0,0.0,0.0,1.0,1.0,0.0,0.0,0.0,0.0,0,0
19,0.0151673306880762,-1.8190908443578477,legacy67,minmax,0.0,0.0,0.0,1.0,1.0,0.0,0.0,0.0,0.0,0,0
19,0.015339162591163618,-1.814198349120009,legacy67,minmax,0.0,0.0,0.0,1.0,1.0,0.0,0.0,0.0,0.0,0,0
19,0.017073967431528118,-1.7676655513272022,legacy67,minmax,0.0,0.0,0.0,1.0,1.0,0.0,0.0,0.0,0.0,1,0
19,0.017956984225677628,-1.7457665988559055,legacy67,minmax,0.0,0.0,0.0,1.0,1.0,0.0,0.0,0.0,0.0,1,2
19,0.018205657658407252,-1.739793628058882,legacy67,minmax,0.0,0.0,0.0,1.0,1.0,0.0,0.0,0.0,0.0,1,2
19,0.019777828512462715,-1.7038213930636386,legacy67,minmax,0.0,0.0,0.0,1.0,1.0,0.0,0.0,0.0,0.0,2,2
19,0.01987021538542862,-1.7017974252809167,legacy67,minmax,0.0,0.0,0.0,1.0,1.0,0.0,0.0,0.0,0.0,2,2
19,0.022592797420156945,-1.646029991792322,legacy67,minmax,0.0714285714285714,0.26190476190476186,0.19047619047619047,1.0,1.0,0.0,0.07142857142857142,0.2619047619047619,0.1904761904761905,3,2
19,0.024586032763280048,-1.6093115439744645,legacy67,minmax,0.19047619047619047,0.26190476190476186,0.0714285714285714,1.0,1.0,0.0,0.19047619047619047,0.2619047619047619,0.07142857142857145,3,2
19,0.027012557725439066,-1.5684342920267822,legacy67,minmax,0.23809523809523814,0.26190476190476186,0.023809523809523725,1.0,1.0,0.0,0.23809523809523808,0.2619047619047619,0.023809523809523836,3,2
19,0.029072088906598435,-1.5365237618994811,legacy67,minmax,0.23809523809523814,0.26190476190476186,0.023809523809523725,1.0,1.0,0.0,0.23809523809523808,0.2619047619047619,0.023809523809523836,4,2
19,0.030086868214458433,-1.5216230162467932,legacy67,minmax,0.23809523809523814,0.26190476190476186,0.023809523809523725,1.0,1.0,0.0,0.23809523809523808,0.2619047619047619,0.023809523809523836,4,2
19,0.030771802712506853,-1.5118470606208847,legacy67,minmax,0.26190476190476186,0.26190476190476186,0.0,1.0,1.0,0.0,0.2619047619047619,0.2619047619047619,0.0,4,2
19,0.036138942712165265,-1.4420245573918327,legacy67,minmax,0.40476190476190466,0.6666666666666665,0.26190476190476186,1.0,1.0,0.0,0.40476190476190477,0.6666666666666666,0.26190476190476186,4,2
19,0.03661819220392428,-1.4363031001009494,legacy67,minmax,0.40476190476190466,0.6666666666666665,0.26190476190476186,1.0,1.0,0.0,0.40476190476190477,0.6666666666666666,0.26190476190476186,4,2
19,0.04207053950287936,-1.3760219186551894,legacy67,minmax,0.5238095238095237,0.6666666666666665,0.1428571428571428,1.0,1.0,0.0,0.5238095238095238,0.6666666666666666,0.1428571428571428,4,2
19,0.04207988669606635,-1.375925438230254,legacy67,minmax,0.5238095238095237,0.6666666666666665,0.1428571428571428,1.0,1.0,0.0,0.5238095238095238,0.6666666666666666,0.1428571428571428,4,2
19,0.04809461967501572,-1.3179035052508339,legacy67,minmax,0.5476190476190477,0.6666666666666665,0.11904761904761885,1.0,1.0,0.0,0.5476190476190477,0.6666666666666666,0.11904761904761896,4,2
19,0.05337032762603955,-1.2727001311715975,legacy67,minmax,0.5476190476190477,0.6666666666666665,0.11904761904761885,1.0,1.0,0.0,0.5476190476190477,0.6666666666666666,0.11904761904761896,6,2
19,0.05415244119402536,-1.2663819605862647,legacy67,minmax,0.5714285714285714,0.6666666666666665,0.09523809523809512,1.0,1.0,0.0,0.5714285714285714,0.6666666666666666,0.09523809523809523,6,3
19,0.05488047000766042,-1.2605821778978918,legacy67,minmax,0.5714285714285714,0.6666666666666665,0.09523809523809512,1.0,1.0,0.0,0.5714285714285714,0.6666666666666666,0.09523809523809523,7,3
19,0.060803901902965994,-1.2160685503234192,legacy67,minmax,0.6190476190476191,0.6666666666666665,0.04761904761904745,1.0,1.0,0.0,0.6190476190476191,0.6666666666666666,0.04761904761904756,7,4
19,0.06235377135673155,-1.2051372738633104,legacy67,minmax,0.6190476190476191,0.6666666666666665,0.04761904761904745,1.0,1.0,0.0,0.6190476190476191,0.6666666666666666,0.04761904761904756,7,4
19,0.06290644294586147,-1.201304871366561,legacy67,minmax,0.6190476190476191,0.6666666666666665,0.04761904761904745,1.0,1.0,0.0,0.6190476190476191,0.6666666666666666,0.04761904761904756,7,4
19,0.07068974950624601,-1.1506435572868954,legacy67,minmax,0.6428571428571428,0.6666666666666665,0.023809523809523725,1.0,1.0,0.0,0.6428571428571429,0.6666666666666666,0.023809523809523725,7,7
19,0.10842262717330158,-0.9648800735999323,legacy67,minmax,0.6666666666666665,0.7485714285714287,0.08190476190476215,1.0,0.9866666666666667,-0.013333333333333308,0.6666666666666666,0.7619047619047619,0.09523809523809523,10,8
19,0.12172958098369964,-0.9146038729044164,legacy67,minmax,0.6904761904761905,0.7485714285714287,0.0580952380952382,1.0,0.9866666666666667,-0.013333333333333308,0.6904761904761905,0.7619047619047619,0.0714285714285714,11,9
19,0.1329652145729951,-0.876261961250477,legacy67,minmax,0.7142857142857144,0.7485714285714287,0.03428571428571425,1.0,0.9866666666666667,-0.013333333333333308,0.7142857142857143,0.7619047619047619,0.04761904761904756,11,8
19,0.14618962793704957,-0.8350834392078323,legacy67,minmax,0.6904761904761905,0.7961904761904761,0.10571428571428565,1.0,0.9866666666666667,-0.013333333333333308,0.6904761904761905,0.8095238095238095,0.11904761904761907,13,8
19,0.14742753159914665,-0.8314214058591274,legacy67,minmax,0.6904761904761905,0.7961904761904761,0.10571428571428565,1.0,0.9866666666666667,-0.013333333333333308,0.6904761904761905,0.8095238095238095,0.11904761904761907,13,8
19,0.16480446427978968,-0.7830310281618491,legacy67,minmax,0.6904761904761905,0.8200000000000001,0.1295238095238096,1.0,0.9866666666666667,-0.013333333333333308,0.6904761904761905,0.8333333333333334,0.1428571428571429,17,8
19,0.16536937182824418,-0.7815449233065173,legacy67,minmax,0.6904761904761905,0.8200000000000001,0.1295238095238096,1.0,0.9866666666666667,-0.013333333333333308,0.6904761904761905,0.8333333333333334,0.1428571428571429,17,8
19,0.1753594952976441,-0.7560707131373512,legacy67,minmax,0.6904761904761905,0.8200000000000001,0.1295238095238096,1.0,0.9866666666666667,-0.013333333333333308,0.6904761904761905,0.8333333333333334,0.1428571428571429,17,8
19,0.17654048052495064,-0.7531556956423562,legacy67,minmax,0.7142857142857144,0.8200000000000001,0.10571428571428565,1.0,0.9866666666666667,-0.013333333333333308,0.7142857142857143,0.8333333333333334,0.11904761904761907,17,8
19,0.1998634077852887,-0.6992667118930118,legacy67,minmax,0.7380952380952381,0.8200000000000001,0.08190476190476192,1.0,0.9866666666666667,-0.013333333333333308,0.7380952380952381,0.8333333333333334,0.09523809523809523,18,8
19,0.2001342062287997,-0.6986786769469426,legacy67,minmax,0.7380952380952381,0.8438095238095238,0.10571428571428565,1.0,0.9866666666666667,-0.013333333333333308,0.7380952380952381,0.8571428571428571,0.11904761904761896,18,8
19,0.21066486017042194,-0.6764079005894033,legacy67,minmax,0.7380952380952381,0.8438095238095238,0.10571428571428565,1.0,0.9866666666666667,-0.013333333333333308,0.7380952380952381,0.8571428571428571,0.11904761904761896,18,8
19,0.2673088310781669,-0.5729866932256429,legacy67,minmax,0.7247619047619049,0.8438095238095238,0.11904761904761885,0.9866666666666667,0.9866666666666667,0.0,0.7380952380952381,0.8571428571428571,0.11904761904761896,20,8
19,0.2715581955282939,-0.5661370858229096,legacy67,minmax,0.7247619047619049,0.8438095238095238,0.11904761904761885,0.9866666666666667,0.9866666666666667,0.0,0.7380952380952381,0.8571428571428571,0.11904761904761896,20,8
19,0.292043384718141,-0.5345526268252332,legacy67,minmax,0.7247619047619049,0.8438095238095238,0.11904761904761885,0.9866666666666667,0.9866666666666667,0.0,0.7380952380952381,0.8571428571428571,0.11904761904761896,20,8
19,0.314891164795686,-0.50183952461055,legacy67,minmax,0.7247619047619049,0.8438095238095238,0.11904761904761885,0.9866666666666667,0.9866666666666667,0.0,0.7380952380952381,0.8571428571428571,0.11904761904761896,20,8
19,0.35868164986275475,-0.44529084124207197,legacy67,minmax,0.7247619047619049,0.8914285714285715,0.16666666666666652,0.9866666666666667,0.9866666666666667,0.0,0.7380952380952381,0.9047619047619048,0.16666666666666663,20,8
19,0.5130551760589832,-0.2898359265658015,legacy67,minmax,0.700952380952381,0.8752380952380951,0.17428571428571416,0.9866666666666667,0.9466666666666667,-0.040000000000000036,0.7142857142857143,0.9285714285714286,0.2142857142857143,23,8
19,0.5342937261279772,-0.27221992543153695,legacy67,minmax,0.700952380952381,0.8752380952380951,0.17428571428571416,0.9866666666666667,0.9466666666666667,-0.040000000000000036,0.7142857142857143,0.9285714285714286,0.2142857142857143,23,8
19,0.5762487216478598,-0.23939002504159476,legacy67,minmax,0.700952380952381,0.8752380952380951,0.17428571428571416,0.9866666666666667,0.9466666666666667,-0.040000000000000036,0.7142857142857143,0.9285714285714286,0.2142857142857143,23,8
19,0.6672367170464204,-0.17572006313185626,legacy67,minmax,0.700952380952381,0.8752380952380951,0.17428571428571416,0.9866666666666667,0.9466666666666667,-0.040000000000000036,0.7142857142857143,0.9285714285714286,0.2142857142857143,25,8
19,0.7742116473996242,-0.1111402993522028,legacy67,minmax,0.700952380952381,0.8752380952380951,0.17428571428571416,0.9866666666666667,0.9466666666666667,-0.040000000000000036,0.7142857142857143,0.9285714285714286,0.2142857142857143,26,8
19,0.9444574254983555,-0.02481761454243703,legacy67,minmax,0.7142857142857144,0.8752380952380951,0.16095238095238074,1.0,0.9466666666666667,-0.053333333333333344,0.7142857142857143,0.9285714285714286,0.2142857142857143,26,8
19,0.9565499215943818,-0.019292359554919238,legacy67,minmax,0.7142857142857144,0.8752380952380951,0.16095238095238074,1.0,0.9466666666666667,-0.053333333333333344,0.7142857142857143,0.9285714285714286,0.2142857142857143,26,8
19,1.1400863701127315,0.0569377536544464,legacy67,minmax,0.7380952380952381,0.8752380952380951,0.137142857142857,1.0,0.9466666666666667,-0.053333333333333344,0.7380952380952381,0.9285714285714286,0.19047619047619047,26,8
19,1.2030178871154662,0.08027208471124325,legacy67,minmax,0.7380952380952381,0.8752380952380951,0.137142857142857,1.0,0.9466666666666667,-0.053333333333333344,0.7380952380952381,0.9285714285714286,0.19047619047619047,26,8
19,1.2329098365270508,0.0909313175279762,legacy67,minmax,0.7380952380952381,0.8752380952380951,0.137142857142857,1.0,0.9466666666666667,-0.053333333333333344,0.7380952380952381,0.9285714285714286,0.19047619047619047,26,8
19,1.2561043700013554,0.09902572652895136,legacy67,minmax,0.7380952380952381,0.8752380952380951,0.137142857142857,1.0,0.9466666666666667,-0.053333333333333344,0.7380952380952381,0.9285714285714286,0.19047619047619047,26,8
19,1.4817820606039076,0.17078433263299386,legacy67,minmax,0.7380952380952381,0.8752380952380951,0.137142857142857,1.0,0.9466666666666667,-0.053333333333333344,0.7380952380952381,0.9285714285714286,0.19047619047619047,27,8
19,1.5375920235481748,0.1868411173731186,legacy67,minmax,0.7380952380952381,0.8752380952380951,0.137142857142857,1.0,0.9466666666666667,-0.053333333333333344,0.7380952380952381,0.9285714285714286,0.19047619047619047,27,8
19,1.7583640270008503,0.24510879027798493,legacy67,minmax,0.7247619047619049,0.8752380952380951,0.1504761904761902,0.9866666666666667,0.9466666666666667,-0.040000000000000036,0.7380952380952381,0.9285714285714286,0.19047619047619047,28,8
19,2.34238498471129,0.36965827544816987,legacy67,minmax,0.7114285714285715,0.8752380952380951,0.16380952380952363,0.9733333333333334,0.9466666666666667,-0.026666666666666727,0.7380952380952381,0.9285714285714286,0.19047619047619047,29,8
19,2.4637685958997446,0.39159991524434057,legacy67,minmax,0.7114285714285715,0.8752380952380951,0.16380952380952363,0.9733333333333334,0.9466666666666667,-0.026666666666666727,0.7380952380952381,0.9285714285714286,0.19047619047619047,29,8
19,2.4810409748678097,0.3946339367881464,legacy67,minmax,0.7114285714285715,0.8752380952380951,0.16380952380952363,0.9733333333333334,0.9466666666666667,-0.026666666666666727,0.7380952380952381,0.9285714285714286,0.19047619047619047,29,8
19,2.5378155082656626,0.40446004697283516,legacy67,minmax,0.7114285714285715,0.8752380952380951,0.16380952380952363,0.9733333333333334,0.9466666666666667,-0.026666666666666727,0.7380952380952381,0.9285714285714286,0.19047619047619047,29,8
19,2.692646910086177,0.43017940760575346,legacy67,minmax,0.7114285714285715,0.8752380952380951,0.16380952380952363,0.9733333333333334,0.9466666666666667,-0.026666666666666727,0.7380952380952381,0.9285714285714286,0.19047619047619047,30,8
19,2.801635158716258,0.4474115788895179,legacy67,minmax,0.7247619047619049,0.8752380952380951,0.1504761904761902,0.9866666666666667,0.9466666666666667,-0.040000000000000036,0.7380952380952381,0.9285714285714286,0.19047619047619047,30,8
19,3.113095956122122,0.4931925073102317,legacy67,minmax,0.7485714285714287,0.8752380952380951,0.12666666666666648,0.9866666666666667,0.9466666666666667,-0.040000000000000036,0.7619047619047619,0.9285714285714286,0.16666666666666674,31,8
19,3.550012525851159,0.5502298854208525,legacy67,minmax,0.7247619047619049,0.8752380952380951,0.1504761904761902,0.9866666666666667,0.9466666666666667,-0.040000000000000036,0.7380952380952381,0.9285714285714286,0.19047619047619047,31,8
19,4.467752817973904,0.6500891374159279,legacy67,minmax,0.7485714285714287,0.8752380952380951,0.12666666666666648,0.9866666666666667,0.9466666666666667,-0.040000000000000036,0.7619047619047619,0.9285714285714286,0.16666666666666674,32,8
19,5.456725485601473,0.7369321060486276,legacy67,minmax,0.7352380952380952,0.8752380952380951,0.1399999999999999,0.9733333333333334,0.9466666666666667,-0.026666666666666727,0.7619047619047619,0.9285714285714286,0.16666666666666674,32,8
19,6.72093005015611,0.8274293753904685,legacy67,minmax,0.7352380952380952,0.8752380952380951,0.1399999999999999,0.9733333333333334,0.9466666666666667,-0.026666666666666727,0.7619047619047619,0.9285714285714286,0.16666666666666674,32,8
19,6.7965780907581514,0.832290311184182,legacy67,minmax,0.7352380952380952,0.8752380952380951,0.1399999999999999,0.9733333333333334,0.9466666666666667,-0.026666666666666727,0.7619047619047619,0.9285714285714286,0.16666666666666674,32,8
19,7.128188058401357,0.85297914889198,legacy67,minmax,0.7352380952380952,0.8752380952380951,0.1399999999999999,0.9733333333333334,0.9466666666666667,-0.026666666666666727,0.7619047619047619,0.9285714285714286,0.16666666666666674,32,8
19,8.241925264876443,0.9160286721639492,legacy67,minmax,0.7219047619047618,0.8752380952380951,0.15333333333333332,0.96,0.9466666666666667,-0.013333333333333308,0.7619047619047619,0.9285714285714286,0.16666666666666674,31,29
19,8.287522363768153,0.9184247133522563,legacy67,minmax,0.7219047619047618,0.8752380952380951,0.15333333333333332,0.96,0.9466666666666667,-0.013333333333333308,0.7619047619047619,0.9285714285714286,0.16666666666666674,31,29
19,8.471801418819974,0.9279757672456204,legacy67,minmax,0.7457142857142856,0.8752380952380951,0.1295238095238096,0.96,0.9466666666666667,-0.013333333333333308,0.7857142857142857,0.9285714285714286,0.1428571428571429,31,30
19,11.044350847124681,1.0431401944675898,legacy67,minmax,0.7457142857142856,0.8752380952380951,0.1295238095238096,0.96,0.9466666666666667,-0.013333333333333308,0.7857142857142857,0.9285714285714286,0.1428571428571429,31,30
19,12.130221181165155,1.083868719818244,legacy67,minmax,0.7457142857142856,0.8752380952380951,0.1295238095238096,0.96,0.9466666666666667,-0.013333333333333308,0.7857142857142857,0.9285714285714286,0.1428571428571429,32,30
19,12.164139351417056,1.085081386743783,legacy67,minmax,0.7457142857142856,0.8752380952380951,0.1295238095238096,0.96,0.9466666666666667,-0.013333333333333308,0.7857142857142857,0.9285714285714286,0.1428571428571429,32,30
19,12.273800987852958,1.0889790771866297,legacy67,minmax,0.7457142857142856,0.8752380952380951,0.1295238095238096,0.96,0.9466666666666667,-0.013333333333333308,0.7857142857142857,0.9285714285714286,0.1428571428571429,32,30
19,12.604664585649452,1.1005312934444582,legacy67,minmax,0.7457142857142856,0.8752380952380951,0.1295238095238096,0.96,0.9466666666666667,-0.013333333333333308,0.7857142857142857,0.9285714285714286,0.1428571428571429,32,30
19,13.826232179369853,1.1407038455720544,legacy67,minmax,0.7457142857142856,0.8752380952380951,0.1295238095238096,0.96,0.9466666666666667,-0.013333333333333308,0.7857142857142857,0.9285714285714286,0.1428571428571429,32,30
19,16.172900811143133,1.2087879230161587,legacy67,minmax,0.7457142857142856,0.8752380952380951,0.1295238095238096,0.96,0.9466666666666667,-0.013333333333333308,0.7857142857142857,0.9285714285714286,0.1428571428571429,32,30
19,17.123375973163967,1.2335893924658445,legacy67,minmax,0.7457142857142856,0.8752380952380951,0.1295238095238096,0.96,0.9466666666666667,-0.013333333333333308,0.7857142857142857,0.9285714285714286,0.1428571428571429,32,30
19,18.274508859816006,1.2618457138193366,legacy67,minmax,0.7457142857142856,0.8752380952380951,0.1295238095238096,0.96,0.9466666666666667,-0.013333333333333308,0.7857142857142857,0.9285714285714286,0.1428571428571429,31,30
19,20.65142557895924,1.3149500366077174,legacy67,minmax,0.7323809523809524,0.8752380952380951,0.1428571428571428,0.9466666666666667,0.9466666666666667,0.0,0.7857142857142857,0.9285714285714286,0.1428571428571429,32,30
19,21.36832907235874,1.329770563201687,legacy67,minmax,0.7323809523809524,0.8752380952380951,0.1428571428571428,0.9466666666666667,0.9466666666666667,0.0,0.7857142857142857,0.9285714285714286,0.1428571428571429,32,30
19,28.340904295147727,1.452413703502374,legacy67,minmax,0.7323809523809524,0.8752380952380951,0.1428571428571428,0.9466666666666667,0.9466666666666667,0.0,0.7857142857142857,0.9285714285714286,0.1428571428571429,33,30
19,29.154431891537524,1.4647045830997407,legacy67,minmax,0.7323809523809524,0.8752380952380951,0.1428571428571428,0.9466666666666667,0.9466666666666667,0.0,0.7857142857142857,0.9285714285714286,0.1428571428571429,33,30
19,35.387588647792384,1.5488509703053062,legacy67,minmax,0.7323809523809524,0.8752380952380951,0.1428571428571428,0.9466666666666667,0.9466666666666667,0.0,0.7857142857142857,0.9285714285714286,0.1428571428571429,33,30
19,37.95853142670639,1.5793094017105953,legacy67,minmax,0.7323809523809524,0.8752380952380951,0.1428571428571428,0.9466666666666667,0.9466666666666667,0.0,0.7857142857142857,0.9285714285714286,0.1428571428571429,33,30
19,43.37920697490936,1.6372816083151283,legacy67,minmax,0.7323809523809524,0.8752380952380951,0.1428571428571428,0.9466666666666667,0.9466666666666667,0.0,0.7857142857142857,0.9285714285714286,0.1428571428571429,33,30
19,48.69640941520897,1.6874969400924673,legacy67,minmax,0.7323809523809524,0.8752380952380951,0.1428571428571428,0.9466666666666667,0.9466666666666667,0.0,0.7857142857142857,0.9285714285714286,0.1428571428571429,33,30
19,57.279044707996185,1.7579957662567565,legacy67,minmax,0.7323809523809524,0.8752380952380951,0.1428571428571428,0.9466666666666667,0.9466666666666667,0.0,0.7857142857142857,0.9285714285714286,0.1428571428571429,33,31
19,62.45139574743064,1.795542149013333,legacy67,minmax,0.7323809523809524,0.8752380952380951,0.1428571428571428,0.9466666666666667,0.9466666666666667,0.0,0.7857142857142857,0.9285714285714286,0.1428571428571429,33,31
19,63.512210106406926,1.8028572256396647,legacy67,minmax,0.7323809523809524,0.8752380952380951,0.1428571428571428,0.9466666666666667,0.9466666666666667,0.0,0.7857142857142857,0.9285714285714286,0.1428571428571429,33,31
19,72.86653737491037,1.8625281322982374,legacy67,minmax,0.7323809523809524,0.8752380952380951,0.1428571428571428,0.9466666666666667,0.9466666666666667,0.0,0.7857142857142857,0.9285714285714286,0.1428571428571429,33,31
19,75.56810141274423,1.8783385110582342,legacy67,minmax,0.7323809523809524,0.8752380952380951,0.1428571428571428,0.9466666666666667,0.9466666666666667,0.0,0.7857142857142857,0.9285714285714286,0.1428571428571429,33,31
19,75.79479953347995,1.8796394086479773,legacy67,minmax,0.7323809523809524,0.8752380952380951,0.1428571428571428,0.9466666666666667,0.9466666666666667,0.0,0.7857142857142857,0.9285714285714286,0.1428571428571429,33,31
19,88.62326508576248,1.9475477464020692,legacy67,minmax,0.7323809523809524,0.8752380952380951,0.1428571428571428,0.9466666666666667,0.9466666666666667,0.0,0.7857142857142857,0.9285714285714286,0.1428571428571429,33,31
20,0.010521761868451128,-1.9779115315055904,legacy67,minmax,0.0,0.0,0.0,1.0,1.0,0.0,0.0,0.0,0.0,0,0
20,0.012087541473056955,-1.9176620228167902,legacy67,minmax,0.0,0.0,0.0,1.0,1.0,0.0,0.0,0.0,0.0,0,0
20,0.01263794633808287,-1.8983234930236192,legacy67,minmax,0.0,0.0,0.0,1.0,1.0,0.0,0.0,0.0,0.0,0,0
20,0.013726318898045865,-1.8624459155391264,legacy67,minmax,0.0,0.0,0.0,1.0,1.0,0.0,0.0,0.0,0.0,0,0
20,0.0151673306880762,-1.8190908443578477,legacy67,minmax,0.0,0.0,0.0,1.0,1.0,0.0,0.0,0.0,0.0,0,0
20,0.015339162591163618,-1.814198349120009,legacy67,minmax,0.0,0.0,0.0,1.0,1.0,0.0,0.0,0.0,0.0,0,0
20,0.017073967431528118,-1.7676655513272022,legacy67,minmax,0.0,0.0,0.0,1.0,1.0,0.0,0.0,0.0,0.0,1,0
20,0.017956984225677628,-1.7457665988559055,legacy67,minmax,0.0,0.0,0.0,1.0,1.0,0.0,0.0,0.0,0.0,2,1
20,0.018205657658407252,-1.739793628058882,legacy67,minmax,0.0,0.0,0.0,1.0,1.0,0.0,0.0,0.0,0.0,2,1
20,0.019777828512462715,-1.7038213930636386,legacy67,minmax,0.023809523809523725,0.0,-0.023809523809523725,1.0,1.0,0.0,0.023809523809523808,0.0,-0.023809523809523808,3,1
20,0.01987021538542862,-1.7017974252809167,legacy67,minmax,0.023809523809523725,0.0,-0.023809523809523725,1.0,1.0,0.0,0.023809523809523808,0.0,-0.023809523809523808,3,2
20,0.022592797420156945,-1.646029991792322,legacy67,minmax,0.19047619047619047,0.33333333333333326,0.1428571428571428,1.0,1.0,0.0,0.19047619047619047,0.3333333333333333,0.14285714285714285,4,2
20,0.024586032763280048,-1.6093115439744645,legacy67,minmax,0.19047619047619047,0.33333333333333326,0.1428571428571428,1.0,1.0,0.0,0.19047619047619047,0.3333333333333333,0.14285714285714285,4,2
20,0.027012557725439066,-1.5684342920267822,legacy67,minmax,0.26190476190476186,0.33333333333333326,0.0714285714285714,1.0,1.0,0.0,0.2619047619047619,0.3333333333333333,0.0714285714285714,4,3
20,0.029072088906598435,-1.5365237618994811,legacy67,minmax,0.2857142857142856,0.33333333333333326,0.04761904761904767,1.0,1.0,0.0,0.2857142857142857,0.3333333333333333,0.047619047619047616,4,3
20,0.030086868214458433,-1.5216230162467932,legacy67,minmax,0.30952380952380953,0.5952380952380953,0.2857142857142858,1.0,1.0,0.0,0.30952380952380953,0.5952380952380952,0.2857142857142857,4,3
20,0.030771802712506853,-1.5118470606208847,legacy67,minmax,0.40476190476190466,0.5952380952380953,0.1904761904761907,1.0,1.0,0.0,0.40476190476190477,0.5952380952380952,0.19047619047619047,4,3
20,0.036138942712165265,-1.4420245573918327,legacy67,minmax,0.45238095238095233,0.5952380952380953,0.14285714285714302,1.0,1.0,0.0,0.4523809523809524,0.5952380952380952,0.14285714285714285,4,3
20,0.03661819220392428,-1.4363031001009494,legacy67,minmax,0.45238095238095233,0.5952380952380953,0.14285714285714302,1.0,1.0,0.0,0.4523809523809524,0.5952380952380952,0.14285714285714285,4,3
20,0.04207053950287936,-1.3760219186551894,legacy67,minmax,0.45238095238095233,0.5952380952380953,0.14285714285714302,1.0,1.0,0.0,0.4523809523809524,0.5952380952380952,0.14285714285714285,4,3
20,0.04207988669606635,-1.375925438230254,legacy67,minmax,0.45238095238095233,0.5952380952380953,0.14285714285714302,1.0,1.0,0.0,0.4523809523809524,0.5952380952380952,0.14285714285714285,4,3
20,0.04809461967501572,-1.3179035052508339,legacy67,minmax,0.45238095238095233,0.5952380952380953,0.14285714285714302,1.0,1.0,0.0,0.4523809523809524,0.5952380952380952,0.14285714285714285,4,3
20,0.05337032762603955,-1.2727001311715975,legacy67,minmax,0.45238095238095233,0.78,0.3276190476190477,1.0,0.9466666666666667,-0.053333333333333344,0.4523809523809524,0.8333333333333334,0.380952380952381,5,3
20,0.05415244119402536,-1.2663819605862647,legacy67,minmax,0.45238095238095233,0.78,0.3276190476190477,1.0,0.9466666666666667,-0.053333333333333344,0.4523809523809524,0.8333333333333334,0.380952380952381,5,3
20,0.05488047000766042,-1.2605821778978918,legacy67,minmax,0.45238095238095233,0.78,0.3276190476190477,1.0,0.9466666666666667,-0.053333333333333344,0.4523809523809524,0.8333333333333334,0.380952380952381,5,3
20,0.060803901902965994,-1.2160685503234192,legacy67,minmax,0.5,0.78,0.28,1.0,0.9466666666666667,-0.053333333333333344,0.5,0.8333333333333334,0.33333333333333337,5,3
20,0.06235377135673155,-1.2051372738633104,legacy67,minmax,0.5,0.8276190476190477,0.3276190476190477,1.0,0.9466666666666667,-0.053333333333333344,0.5,0.8809523809523809,0.38095238095238093,5,3
20,0.06290644294586147,-1.201304871366561,legacy67,minmax,0.5,0.8276190476190477,0.3276190476190477,1.0,0.9466666666666667,-0.053333333333333344,0.5,0.8809523809523809,0.38095238095238093,5,3
20,0.07068974950624601,-1.1506435572868954,legacy67,minmax,0.5,0.8276190476190477,0.3276190476190477,1.0,0.9466666666666667,-0.053333333333333344,0.5,0.8809523809523809,0.38095238095238093,6,3
20,0.10842262717330158,-0.9648800735999323,legacy67,minmax,0.6190476190476191,0.8276190476190477,0.20857142857142863,1.0,0.9466666666666667,-0.053333333333333344,0.6190476190476191,0.8809523809523809,0.26190476190476186,9,6
20,0.12172958098369964,-0.9146038729044164,legacy67,minmax,0.6428571428571428,0.8276190476190477,0.1847619047619049,1.0,0.9466666666666667,-0.053333333333333344,0.6428571428571429,0.8809523809523809,0.23809523809523803,9,6
20,0.1329652145729951,-0.876261961250477,legacy67,minmax,0.6428571428571428,0.8276190476190477,0.1847619047619049,1.0,0.9466666666666667,-0.053333333333333344,0.6428571428571429,0.8809523809523809,0.23809523809523803,9,7
20,0.14618962793704957,-0.8350834392078323,legacy67,minmax,0.6904761904761905,0.8276190476190477,0.13714285714285723,1.0,0.9466666666666667,-0.053333333333333344,0.6904761904761905,0.8809523809523809,0.19047619047619047,11,7
20,0.14742753159914665,-0.8314214058591274,legacy67,minmax,0.6904761904761905,0.8276190476190477,0.13714285714285723,1.0,0.9466666666666667,-0.053333333333333344,0.6904761904761905,0.8809523809523809,0.19047619047619047,11,7
20,0.16480446427978968,-0.7830310281618491,legacy67,minmax,0.6904761904761905,0.8276190476190477,0.13714285714285723,1.0,0.9466666666666667,-0.053333333333333344,0.6904761904761905,0.8809523809523809,0.19047619047619047,13,7
20,0.16536937182824418,-0.7815449233065173,legacy67,minmax,0.6904761904761905,0.8276190476190477,0.13714285714285723,1.0,0.9466666666666667,-0.053333333333333344,0.6904761904761905,0.8809523809523809,0.19047619047619047,13,7
20,0.1753594952976441,-0.7560707131373512,legacy67,minmax,0.6904761904761905,0.8276190476190477,0.13714285714285723,1.0,0.9466666666666667,-0.053333333333333344,0.6904761904761905,0.8809523809523809,0.19047619047619047,13,7
20,0.17654048052495064,-0.7531556956423562,legacy67,minmax,0.6904761904761905,0.8276190476190477,0.13714285714285723,1.0,0.9466666666666667,-0.053333333333333344,0.6904761904761905,0.8809523809523809,0.19047619047619047,13,7
20,0.1998634077852887,-0.6992667118930118,legacy67,minmax,0.6904761904761905,0.8276190476190477,0.13714285714285723,1.0,0.9466666666666667,-0.053333333333333344,0.6904761904761905,0.8809523809523809,0.19047619047619047,15,7
20,0.2001342062287997,-0.6986786769469426,legacy67,minmax,0.6904761904761905,0.8276190476190477,0.13714285714285723,1.0,0.9466666666666667,-0.053333333333333344,0.6904761904761905,0.8809523809523809,0.19047619047619047,15,7
20,0.21066486017042194,-0.6764079005894033,legacy67,minmax,0.6904761904761905,0.8276190476190477,0.13714285714285723,1.0,0.9466666666666667,-0.053333333333333344,0.6904761904761905,0.8809523809523809,0.19047619047619047,14,7
20,0.2673088310781669,-0.5729866932256429,legacy67,minmax,0.7142857142857144,0.8276190476190477,0.11333333333333329,1.0,0.9466666666666667,-0.053333333333333344,0.7142857142857143,0.8809523809523809,0.16666666666666663,15,7
20,0.2715581955282939,-0.5661370858229096,legacy67,minmax,0.7142857142857144,0.8276190476190477,0.11333333333333329,1.0,0.9466666666666667,-0.053333333333333344,0.7142857142857143,0.8809523809523809,0.16666666666666663,15,7
20,0.292043384718141,-0.5345526268252332,legacy67,minmax,0.7142857142857144,0.8276190476190477,0.11333333333333329,1.0,0.9466666666666667,-0.053333333333333344,0.7142857142857143,0.8809523809523809,0.16666666666666663,16,7
20,0.314891164795686,-0.50183952461055,legacy67,minmax,0.7142857142857144,0.8276190476190477,0.11333333333333329,1.0,0.9466666666666667,-0.053333333333333344,0.7142857142857143,0.8809523809523809,0.16666666666666663,16,7
20,0.35868164986275475,-0.44529084124207197,legacy67,minmax,0.6904761904761905,0.8276190476190477,0.13714285714285723,1.0,0.9466666666666667,-0.053333333333333344,0.6904761904761905,0.8809523809523809,0.19047619047619047,18,7
20,0.5130551760589832,-0.2898359265658015,legacy67,minmax,0.6295238095238096,0.8142857142857143,0.18476190476190468,0.9866666666666667,0.9333333333333333,-0.053333333333333344,0.6428571428571429,0.8809523809523809,0.23809523809523803,18,10
20,0.5342937261279772,-0.27221992543153695,legacy67,minmax,0.6295238095238096,0.8142857142857143,0.18476190476190468,0.9866666666666667,0.9333333333333333,-0.053333333333333344,0.6428571428571429,0.8809523809523809,0.23809523809523803,18,10
20,0.5762487216478598,-0.23939002504159476,legacy67,minmax,0.6295238095238096,0.8142857142857143,0.18476190476190468,0.9866666666666667,0.9333333333333333,-0.053333333333333344,0.6428571428571429,0.8809523809523809,0.23809523809523803,19,10
20,0.6672367170464204,-0.17572006313185626,legacy67,minmax,0.6295238095238096,0.8142857142857143,0.18476190476190468,0.9866666666666667,0.9333333333333333,-0.053333333333333344,0.6428571428571429,0.8809523809523809,0.23809523809523803,20,10
20,0.7742116473996242,-0.1111402993522028,legacy67,minmax,0.6295238095238096,0.7876190476190477,0.15809523809523807,0.9866666666666667,0.9066666666666666,-0.08000000000000007,0.6428571428571429,0.8809523809523809,0.23809523809523803,22,10
20,0.9444574254983555,-0.02481761454243703,legacy67,minmax,0.6057142857142859,0.7876190476190477,0.1819047619047618,0.9866666666666667,0.9066666666666666,-0.08000000000000007,0.6190476190476191,0.8809523809523809,0.26190476190476186,22,10
20,0.9565499215943818,-0.019292359554919238,legacy67,minmax,0.5819047619047619,0.7876190476190477,0.20571428571428574,0.9866666666666667,0.9066666666666666,-0.08000000000000007,0.5952380952380952,0.8809523809523809,0.2857142857142857,22,10
20,1.1400863701127315,0.0569377536544464,legacy67,minmax,0.5819047619047619,0.8114285714285714,0.22952380952380946,0.9866666666666667,0.9066666666666666,-0.08000000000000007,0.5952380952380952,0.9047619047619048,0.30952380952380953,24,9
20,1.2030178871154662,0.08027208471124325,legacy67,minmax,0.5819047619047619,0.8114285714285714,0.22952380952380946,0.9866666666666667,0.9066666666666666,-0.08000000000000007,0.5952380952380952,0.9047619047619048,0.30952380952380953,25,9
20,1.2329098365270508,0.0909313175279762,legacy67,minmax,0.5819047619047619,0.8114285714285714,0.22952380952380946,0.9866666666666667,0.9066666666666666,-0.08000000000000007,0.5952380952380952,0.9047619047619048,0.30952380952380953,25,9
20,1.2561043700013554,0.09902572652895136,legacy67,minmax,0.5819047619047619,0.8114285714285714,0.22952380952380946,0.9866666666666667,0.9066666666666666,-0.08000000000000007,0.5952380952380952,0.9047619047619048,0.30952380952380953,25,9
20,1.4817820606039076,0.17078433263299386,legacy67,minmax,0.5819047619047619,0.8114285714285714,0.22952380952380946,0.9866666666666667,0.9066666666666666,-0.08000000000000007,0.5952380952380952,0.9047619047619048,0.30952380952380953,26,9
20,1.5375920235481748,0.1868411173731186,legacy67,minmax,0.5819047619047619,0.8114285714285714,0.22952380952380946,0.9866666666666667,0.9066666666666666,-0.08000000000000007,0.5952380952380952,0.9047619047619048,0.30952380952380953,26,9
20,1.7583640270008503,0.24510879027798493,legacy67,minmax,0.5819047619047619,0.8114285714285714,0.22952380952380946,0.9866666666666667,0.9066666666666666,-0.08000000000000007,0.5952380952380952,0.9047619047619048,0.30952380952380953,28,9
20,2.34238498471129,0.36965827544816987,legacy67,minmax,0.5819047619047619,0.8114285714285714,0.22952380952380946,0.9866666666666667,0.9066666666666666,-0.08000000000000007,0.5952380952380952,0.9047619047619048,0.30952380952380953,27,9
20,2.4637685958997446,0.39159991524434057,legacy67,minmax,0.558095238095238,0.8114285714285714,0.2533333333333334,0.9866666666666667,0.9066666666666666,-0.08000000000000007,0.5714285714285714,0.9047619047619048,0.33333333333333337,27,9
20,2.4810409748678097,0.3946339367881464,legacy67,minmax,0.558095238095238,0.8114285714285714,0.2533333333333334,0.9866666666666667,0.9066666666666666,-0.08000000000000007,0.5714285714285714,0.9047619047619048,0.33333333333333337,27,9
20,2.5378155082656626,0.40446004697283516,legacy67,minmax,0.558095238095238,0.8114285714285714,0.2533333333333334,0.9866666666666667,0.9066666666666666,-0.08000000000000007,0.5714285714285714,0.9047619047619048,0.33333333333333337,27,9
20,2.692646910086177,0.43017940760575346,legacy67,minmax,0.558095238095238,0.8114285714285714,0.2533333333333334,0.9866666666666667,0.9066666666666666,-0.08000000000000007,0.5714285714285714,0.9047619047619048,0.33333333333333337,27,9
20,2.801635158716258,0.4474115788895179,legacy67,minmax,0.558095238095238,0.8114285714285714,0.2533333333333334,0.9866666666666667,0.9066666666666666,-0.08000000000000007,0.5714285714285714,0.9047619047619048,0.33333333333333337,27,9
20,3.113095956122122,0.4931925073102317,legacy67,minmax,0.558095238095238,0.8114285714285714,0.2533333333333334,0.9866666666666667,0.9066666666666666,-0.08000000000000007,0.5714285714285714,0.9047619047619048,0.33333333333333337,28,9
20,3.550012525851159,0.5502298854208525,legacy67,minmax,0.558095238095238,0.8114285714285714,0.2533333333333334,0.9866666666666667,0.9066666666666666,-0.08000000000000007,0.5714285714285714,0.9047619047619048,0.33333333333333337,27,9
20,4.467752817973904,0.6500891374159279,legacy67,minmax,0.5342857142857143,0.8114285714285714,0.27714285714285714,0.9866666666666667,0.9066666666666666,-0.08000000000000007,0.5476190476190477,0.9047619047619048,0.3571428571428571,29,9
20,5.456725485601473,0.7369321060486276,legacy67,minmax,0.5819047619047619,0.8114285714285714,0.22952380952380946,0.9866666666666667,0.9066666666666666,-0.08000000000000007,0.5952380952380952,0.9047619047619048,0.30952380952380953,30,9
20,6.72093005015611,0.8274293753904685,legacy67,minmax,0.6057142857142859,0.8114285714285714,0.20571428571428552,0.9866666666666667,0.9066666666666666,-0.08000000000000007,0.6190476190476191,0.9047619047619048,0.2857142857142857,30,9
20,6.7965780907581514,0.832290311184182,legacy67,minmax,0.6057142857142859,0.8114285714285714,0.20571428571428552,0.9866666666666667,0.9066666666666666,-0.08000000000000007,0.6190476190476191,0.9047619047619048,0.2857142857142857,30,9
20,7.128188058401357,0.85297914889198,legacy67,minmax,0.6057142857142859,0.8114285714285714,0.20571428571428552,0.9866666666666667,0.9066666666666666,-0.08000000000000007,0.6190476190476191,0.9047619047619048,0.2857142857142857,29,9
20,8.241925264876443,0.9160286721639492,legacy67,minmax,0.5923809523809525,0.8114285714285714,0.21904761904761894,0.9733333333333334,0.9066666666666666,-0.06666666666666676,0.6190476190476191,0.9047619047619048,0.2857142857142857,31,9
20,8.287522363768153,0.9184247133522563,legacy67,minmax,0.5923809523809525,0.8114285714285714,0.21904761904761894,0.9733333333333334,0.9066666666666666,-0.06666666666666676,0.6190476190476191,0.9047619047619048,0.2857142857142857,31,9
20,8.471801418819974,0.9279757672456204,legacy67,minmax,0.5923809523809525,0.8114285714285714,0.21904761904761894,0.9733333333333334,0.9066666666666666,-0.06666666666666676,0.6190476190476191,0.9047619047619048,0.2857142857142857,31,9
20,11.044350847124681,1.0431401944675898,legacy67,minmax,0.6161904761904764,0.7714285714285714,0.15523809523809495,0.9733333333333334,0.8666666666666667,-0.10666666666666669,0.6428571428571429,0.9047619047619048,0.26190476190476186,32,26
20,12.130221181165155,1.083868719818244,legacy67,minmax,0.6161904761904764,0.7714285714285714,0.15523809523809495,0.9733333333333334,0.8666666666666667,-0.10666666666666669,0.6428571428571429,0.9047619047619048,0.26190476190476186,32,26
20,12.164139351417056,1.085081386743783,legacy67,minmax,0.6161904761904764,0.7714285714285714,0.15523809523809495,0.9733333333333334,0.8666666666666667,-0.10666666666666669,0.6428571428571429,0.9047619047619048,0.26190476190476186,32,26
20,12.273800987852958,1.0889790771866297,legacy67,minmax,0.6161904761904764,0.7714285714285714,0.15523809523809495,0.9733333333333334,0.8666666666666667,-0.10666666666666669,0.6428571428571429,0.9047619047619048,0.26190476190476186,32,26
20,12.604664585649452,1.1005312934444582,legacy67,minmax,0.6161904761904764,0.7714285714285714,0.15523809523809495,0.9733333333333334,0.8666666666666667,-0.10666666666666669,0.6428571428571429,0.9047619047619048,0.26190476190476186,32,26
20,13.826232179369853,1.1407038455720544,legacy67,minmax,0.6161904761904764,0.7714285714285714,0.15523809523809495,0.9733333333333334,0.8666666666666667,-0.10666666666666669,0.6428571428571429,0.9047619047619048,0.26190476190476186,32,27
20,16.172900811143133,1.2087879230161587,legacy67,minmax,0.6400000000000001,0.7714285714285714,0.13142857142857123,0.9733333333333334,0.8666666666666667,-0.10666666666666669,0.6666666666666666,0.9047619047619048,0.23809523809523814,32,27
20,17.123375973163967,1.2335893924658445,legacy67,minmax,0.6400000000000001,0.7714285714285714,0.13142857142857123,0.9733333333333334,0.8666666666666667,-0.10666666666666669,0.6666666666666666,0.9047619047619048,0.23809523809523814,31,27
20,18.274508859816006,1.2618457138193366,legacy67,minmax,0.6400000000000001,0.7714285714285714,0.13142857142857123,0.9733333333333334,0.8666666666666667,-0.10666666666666669,0.6666666666666666,0.9047619047619048,0.23809523809523814,31,27
20,20.65142557895924,1.3149500366077174,legacy67,minmax,0.6266666666666665,0.7714285714285714,0.14476190476190487,0.96,0.8666666666666667,-0.09333333333333327,0.6666666666666666,0.9047619047619048,0.23809523809523814,31,27
20,21.36832907235874,1.329770563201687,legacy67,minmax,0.6266666666666665,0.7714285714285714,0.14476190476190487,0.96,0.8666666666666667,-0.09333333333333327,0.6666666666666666,0.9047619047619048,0.23809523809523814,31,28
20,28.340904295147727,1.452413703502374,legacy67,minmax,0.6266666666666665,0.7714285714285714,0.14476190476190487,0.96,0.8666666666666667,-0.09333333333333327,0.6666666666666666,0.9047619047619048,0.23809523809523814,32,28
20,29.154431891537524,1.4647045830997407,legacy67,minmax,0.6266666666666665,0.7714285714285714,0.14476190476190487,0.96,0.8666666666666667,-0.09333333333333327,0.6666666666666666,0.9047619047619048,0.23809523809523814,32,28
20,35.387588647792384,1.5488509703053062,legacy67,minmax,0.6266666666666665,0.7714285714285714,0.14476190476190487,0.96,0.8666666666666667,-0.09333333333333327,0.6666666666666666,0.9047619047619048,0.23809523809523814,32,28
20,37.95853142670639,1.5793094017105953,legacy67,minmax,0.6266666666666665,0.7714285714285714,0.14476190476190487,0.96,0.8666666666666667,-0.09333333333333327,0.6666666666666666,0.9047619047619048,0.23809523809523814,32,29
20,43.37920697490936,1.6372816083151283,legacy67,minmax,0.6266666666666665,0.7714285714285714,0.14476190476190487,0.96,0.8666666666666667,-0.09333333333333327,0.6666666666666666,0.9047619047619048,0.23809523809523814,32,29
20,48.69640941520897,1.6874969400924673,legacy67,minmax,0.6266666666666665,0.7714285714285714,0.14476190476190487,0.96,0.8666666666666667,-0.09333333333333327,0.6666666666666666,0.9047619047619048,0.23809523809523814,32,30
20,57.279044707996185,1.7579957662567565,legacy67,minmax,0.6266666666666665,0.7714285714285714,0.14476190476190487,0.96,0.8666666666666667,-0.09333333333333327,0.6666666666666666,0.9047619047619048,0.23809523809523814,32,30
20,62.45139574743064,1.795542149013333,legacy67,minmax,0.6266666666666665,0.7714285714285714,0.14476190476190487,0.96,0.8666666666666667,-0.09333333333333327,0.6666666666666666,0.9047619047619048,0.23809523809523814,32,31
20,63.512210106406926,1.8028572256396647,legacy67,minmax,0.6266666666666665,0.7714285714285714,0.14476190476190487,0.96,0.8666666666666667,-0.09333333333333327,0.6666666666666666,0.9047619047619048,0.23809523809523814,32,31
20,72.86653737491037,1.8625281322982374,legacy67,minmax,0.6266666666666665,0.7714285714285714,0.14476190476190487,0.96,0.8666666666666667,-0.09333333333333327,0.6666666666666666,0.9047619047619048,0.23809523809523814,32,31
20,75.56810141274423,1.8783385110582342,legacy67,minmax,0.6266666666666665,0.7714285714285714,0.14476190476190487,0.96,0.8666666666666667,-0.09333333333333327,0.6666666666666666,0.9047619047619048,0.23809523809523814,32,31
20,75.79479953347995,1.8796394086479773,legacy67,minmax,0.6266666666666665,0.7714285714285714,0.14476190476190487,0.96,0.8666666666666667,-0.09333333333333327,0.6666666666666666,0.9047619047619048,0.23809523809523814,32,31
20,88.62326508576248,1.9475477464020692,legacy67,minmax,0.6266666666666665,0.7714285714285714,0.14476190476190487,0.96,0.8666666666666667,-0.09333333333333327,0.6666666666666666,0.9047619047619048,0.23809523809523814,32,31
21,0.010521761868451128,-1.9779115315055904,legacy67,minmax,0.0,0.0,0.0,1.0,1.0,0.0,0.0,0.0,0.0,0,0
21,0.012087541473056955,-1.9176620228167902,legacy67,minmax,0.0,0.0,0.0,1.0,1.0,0.0,0.0,0.0,0.0,0,0
21,0.01263794633808287,-1.8983234930236192,legacy67,minmax,0.0,0.0,0.0,1.0,1.0,0.0,0.0,0.0,0.0,0,0
21,0.013726318898045865,-1.8624459155391264,legacy67,minmax,0.0,0.0,0.0,1.0,1.0,0.0,0.0,0.0,0.0,0,0
21,0.0151673306880762,-1.8190908443578477,legacy67,minmax,0.0,0.0,0.0,1.0,1.0,0.0,0.0,0.0,0.0,0,0
21,0.015339162591163618,-1.814198349120009,legacy67,minmax,0.0,0.0,0.0,1.0,1.0,0.0,0.0,0.0,0.0,0,0
21,0.017073967431528118,-1.7676655513272022,legacy67,minmax,0.0,0.0,0.0,1.0,1.0,0.0,0.0,0.0,0.0,1,1
21,0.017956984225677628,-1.7457665988559055,legacy67,minmax,0.0,0.0,0.0,1.0,1.0,0.0,0.0,0.0,0.0,2,1
21,0.018205657658407252,-1.739793628058882,legacy67,minmax,0.0,0.0,0.0,1.0,1.0,0.0,0.0,0.0,0.0,2,1
21,0.019777828512462715,-1.7038213930636386,legacy67,minmax,0.04761904761904767,0.0,-0.04761904761904767,1.0,1.0,0.0,0.047619047619047616,0.0,-0.047619047619047616,2,1
21,0.01987021538542862,-1.7017974252809167,legacy67,minmax,0.04761904761904767,0.0,-0.04761904761904767,1.0,1.0,0.0,0.047619047619047616,0.0,-0.047619047619047616,2,1
21,0.022592797420156945,-1.646029991792322,legacy67,minmax,0.16666666666666674,0.4285714285714286,0.26190476190476186,1.0,1.0,0.0,0.16666666666666666,0.42857142857142855,0.26190476190476186,2,1
21,0.024586032763280048,-1.6093115439744645,legacy67,minmax,0.23809523809523814,0.4285714285714286,0.19047619047619047,1.0,1.0,0.0,0.23809523809523808,0.42857142857142855,0.19047619047619047,3,1
21,0.027012557725439066,-1.5684342920267822,legacy67,minmax,0.40476190476190466,0.4285714285714286,0.023809523809523947,1.0,1.0,0.0,0.40476190476190477,0.42857142857142855,0.02380952380952378,3,1
21,0.029072088906598435,-1.5365237618994811,legacy67,minmax,0.40476190476190466,0.4285714285714286,0.023809523809523947,1.0,1.0,0.0,0.40476190476190477,0.42857142857142855,0.02380952380952378,3,2
21,0.030086868214458433,-1.5216230162467932,legacy67,minmax,0.4285714285714286,0.4285714285714286,0.0,1.0,1.0,0.0,0.42857142857142855,0.42857142857142855,0.0,3,2
21,0.030771802712506853,-1.5118470606208847,legacy67,minmax,0.4285714285714286,0.4285714285714286,0.0,1.0,1.0,0.0,0.42857142857142855,0.42857142857142855,0.0,3,2
21,0.036138942712165265,-1.4420245573918327,legacy67,minmax,0.4152380952380952,0.4285714285714286,0.01333333333333342,0.9866666666666667,1.0,0.013333333333333308,0.42857142857142855,0.42857142857142855,0.0,4,2
21,0.03661819220392428,-1.4363031001009494,legacy67,minmax,0.4152380952380952,0.4285714285714286,0.01333333333333342,0.9866666666666667,1.0,0.013333333333333308,0.42857142857142855,0.42857142857142855,0.0,4,2
21,0.04207053950287936,-1.3760219186551894,legacy67,minmax,0.44952380952380944,0.4285714285714286,-0.020952380952380834,0.9733333333333334,1.0,0.026666666666666616,0.47619047619047616,0.42857142857142855,-0.047619047619047616,5,2
21,0.04207988669606635,-1.375925438230254,legacy67,minmax,0.44952380952380944,0.4285714285714286,-0.020952380952380834,0.9733333333333334,1.0,0.026666666666666616,0.47619047619047616,0.42857142857142855,-0.047619047619047616,5,2
21,0.04809461967501572,-1.3179035052508339,legacy67,minmax,0.49714285714285733,0.4285714285714286,-0.06857142857142873,0.9733333333333334,1.0,0.026666666666666616,0.5238095238095238,0.42857142857142855,-0.09523809523809529,5,2
21,0.05337032762603955,-1.2727001311715975,legacy67,minmax,0.49714285714285733,0.4285714285714286,-0.06857142857142873,0.9733333333333334,1.0,0.026666666666666616,0.5238095238095238,0.42857142857142855,-0.09523809523809529,5,3
21,0.05415244119402536,-1.2663819605862647,legacy67,minmax,0.49714285714285733,0.4761904761904763,-0.020952380952381056,0.9733333333333334,1.0,0.026666666666666616,0.5238095238095238,0.47619047619047616,-0.04761904761904767,5,3
21,0.05488047000766042,-1.2605821778978918,legacy67,minmax,0.49714285714285733,0.4761904761904763,-0.020952380952381056,0.9733333333333334,1.0,0.026666666666666616,0.5238095238095238,0.47619047619047616,-0.04761904761904767,5,3
21,0.060803901902965994,-1.2160685503234192,legacy67,minmax,0.49714285714285733,0.4761904761904763,-0.020952380952381056,0.9733333333333334,1.0,0.026666666666666616,0.5238095238095238,0.47619047619047616,-0.04761904761904767,5,4
21,0.06235377135673155,-1.2051372738633104,legacy67,minmax,0.49714285714285733,0.4761904761904763,-0.020952380952381056,0.9733333333333334,1.0,0.026666666666666616,0.5238095238095238,0.47619047619047616,-0.04761904761904767,5,4
21,0.06290644294586147,-1.201304871366561,legacy67,minmax,0.49714285714285733,0.5476190476190477,0.05047619047619034,0.9733333333333334,1.0,0.026666666666666616,0.5238095238095238,0.5476190476190477,0.023809523809523836,5,4
21,0.07068974950624601,-1.1506435572868954,legacy67,minmax,0.49714285714285733,0.5476190476190477,0.05047619047619034,0.9733333333333334,1.0,0.026666666666666616,0.5238095238095238,0.5476190476190477,0.023809523809523836,5,4
21,0.10842262717330158,-0.9648800735999323,legacy67,minmax,0.6266666666666665,0.6190476190476191,-0.007619047619047414,0.96,1.0,0.040000000000000036,0.6666666666666666,0.6190476190476191,-0.04761904761904756,8,7
21,0.12172958098369964,-0.9146038729044164,legacy67,minmax,0.6266666666666665,0.7142857142857144,0.08761904761904793,0.96,1.0,0.040000000000000036,0.6666666666666666,0.7142857142857143,0.04761904761904767,9,7
21,0.1329652145729951,-0.876261961250477,legacy67,minmax,0.6504761904761904,0.700952380952381,0.05047619047619056,0.96,0.9866666666666667,0.026666666666666727,0.6904761904761905,0.7142857142857143,0.023809523809523836,9,7
21,0.14618962793704957,-0.8350834392078323,legacy67,minmax,0.6742857142857144,0.700952380952381,0.026666666666666616,0.96,0.9866666666666667,0.026666666666666727,0.7142857142857143,0.7142857142857143,0.0,11,8
21,0.14742753159914665,-0.8314214058591274,legacy67,minmax,0.6742857142857144,0.700952380952381,0.026666666666666616,0.96,0.9866666666666667,0.026666666666666727,0.7142857142857143,0.7142857142857143,0.0,11,8
21,0.16480446427978968,-0.7830310281618491,legacy67,minmax,0.6742857142857144,0.7485714285714287,0.07428571428571429,0.96,0.9866666666666667,0.026666666666666727,0.7142857142857143,0.7619047619047619,0.04761904761904756,12,8
21,0.16536937182824418,-0.7815449233065173,legacy67,minmax,0.6742857142857144,0.7485714285714287,0.07428571428571429,0.96,0.9866666666666667,0.026666666666666727,0.7142857142857143,0.7619047619047619,0.04761904761904756,12,8
21,0.1753594952976441,-0.7560707131373512,legacy67,minmax,0.6504761904761904,0.7485714285714287,0.09809523809523824,0.96,0.9866666666666667,0.026666666666666727,0.6904761904761905,0.7619047619047619,0.0714285714285714,12,8
21,0.17654048052495064,-0.7531556956423562,legacy67,minmax,0.6504761904761904,0.7485714285714287,0.09809523809523824,0.96,0.9866666666666667,0.026666666666666727,0.6904761904761905,0.7619047619047619,0.0714285714285714,12,8
21,0.1998634077852887,-0.6992667118930118,legacy67,minmax,0.6980952380952381,0.7723809523809524,0.07428571428571429,0.96,0.9866666666666667,0.026666666666666727,0.7380952380952381,0.7857142857142857,0.04761904761904756,15,8
21,0.2001342062287997,-0.6986786769469426,legacy67,minmax,0.6980952380952381,0.7723809523809524,0.07428571428571429,0.96,0.9866666666666667,0.026666666666666727,0.7380952380952381,0.7857142857142857,0.04761904761904756,15,8
21,0.21066486017042194,-0.6764079005894033,legacy67,minmax,0.7219047619047618,0.7723809523809524,0.05047619047619056,0.96,0.9866666666666667,0.026666666666666727,0.7619047619047619,0.7857142857142857,0.023809523809523836,16,8
21,0.2673088310781669,-0.5729866932256429,legacy67,minmax,0.7933333333333334,0.7723809523809524,-0.020952380952381056,0.96,0.9866666666666667,0.026666666666666727,0.8333333333333334,0.7857142857142857,-0.04761904761904767,18,8
21,0.2715581955282939,-0.5661370858229096,legacy67,minmax,0.7933333333333334,0.7723809523809524,-0.020952380952381056,0.96,0.9866666666666667,0.026666666666666727,0.8333333333333334,0.7857142857142857,-0.04761904761904767,18,8
21,0.292043384718141,-0.5345526268252332,legacy67,minmax,0.7933333333333334,0.7723809523809524,-0.020952380952381056,0.96,0.9866666666666667,0.026666666666666727,0.8333333333333334,0.7857142857142857,-0.04761904761904767,18,8
21,0.314891164795686,-0.50183952461055,legacy67,minmax,0.7933333333333334,0.7723809523809524,-0.020952380952381056,0.96,0.9866666666666667,0.026666666666666727,0.8333333333333334,0.7857142857142857,-0.04761904761904767,19,8
21,0.35868164986275475,-0.44529084124207197,legacy67,minmax,0.7933333333333334,0.7723809523809524,-0.020952380952381056,0.96,0.9866666666666667,0.026666666666666727,0.8333333333333334,0.7857142857142857,-0.04761904761904767,19,8
21,0.5130551760589832,-0.2898359265658015,legacy67,minmax,0.7561904761904761,0.7590476190476192,0.0028571428571431134,0.9466666666666667,0.9733333333333334,0.026666666666666727,0.8095238095238095,0.7857142857142857,-0.023809523809523836,20,8
21,0.5342937261279772,-0.27221992543153695,legacy67,minmax,0.7561904761904761,0.7590476190476192,0.0028571428571431134,0.9466666666666667,0.9733333333333334,0.026666666666666727,0.8095238095238095,0.7857142857142857,-0.023809523809523836,21,8
21,0.5762487216478598,-0.23939002504159476,legacy67,minmax,0.7666666666666666,0.7590476190476192,-0.007619047619047414,0.9333333333333333,0.9733333333333334,0.040000000000000036,0.8333333333333334,0.7857142857142857,-0.04761904761904767,21,8
21,0.6672367170464204,-0.17572006313185626,legacy67,minmax,0.7904761904761903,0.7828571428571429,-0.007619047619047414,0.9333333333333333,0.9733333333333334,0.040000000000000036,0.8571428571428571,0.8095238095238095,-0.04761904761904756,21,8
21,0.7742116473996242,-0.1111402993522028,legacy67,minmax,0.7904761904761903,0.8304761904761904,0.040000000000000036,0.9333333333333333,0.9733333333333334,0.040000000000000036,0.8571428571428571,0.8571428571428571,0.0,23,8
21,0.9444574254983555,-0.02481761454243703,legacy67,minmax,0.7904761904761903,0.8304761904761904,0.040000000000000036,0.9333333333333333,0.9733333333333334,0.040000000000000036,0.8571428571428571,0.8571428571428571,0.0,25,8
21,0.9565499215943818,-0.019292359554919238,legacy67,minmax,0.7904761904761903,0.8304761904761904,0.040000000000000036,0.9333333333333333,0.9733333333333334,0.040000000000000036,0.8571428571428571,0.8571428571428571,0.0,25,8
21,1.1400863701127315,0.0569377536544464,legacy67,minmax,0.7904761904761903,0.8304761904761904,0.040000000000000036,0.9333333333333333,0.9733333333333334,0.040000000000000036,0.8571428571428571,0.8571428571428571,0.0,24,8
21,1.2030178871154662,0.08027208471124325,legacy67,minmax,0.7904761904761903,0.8304761904761904,0.040000000000000036,0.9333333333333333,0.9733333333333334,0.040000000000000036,0.8571428571428571,0.8571428571428571,0.0,24,8
21,1.2329098365270508,0.0909313175279762,legacy67,minmax,0.7904761904761903,0.8304761904761904,0.040000000000000036,0.9333333333333333,0.9733333333333334,0.040000000000000036,0.8571428571428571,0.8571428571428571,0.0,24,8
21,1.2561043700013554,0.09902572652895136,legacy67,minmax,0.7904761904761903,0.8304761904761904,0.040000000000000036,0.9333333333333333,0.9733333333333334,0.040000000000000036,0.8571428571428571,0.8571428571428571,0.0,25,8
21,1.4817820606039076,0.17078433263299386,legacy67,minmax,0.7904761904761903,0.8304761904761904,0.040000000000000036,0.9333333333333333,0.9733333333333334,0.040000000000000036,0.8571428571428571,0.8571428571428571,0.0,26,8
21,1.5375920235481748,0.1868411173731186,legacy67,minmax,0.8142857142857143,0.8304761904761904,0.01619047619047609,0.9333333333333333,0.9733333333333334,0.040000000000000036,0.8809523809523809,0.8571428571428571,-0.023809523809523836,26,8
21,1.7583640270008503,0.24510879027798493,legacy67,minmax,0.8276190476190477,0.8304761904761904,0.0028571428571426694,0.9466666666666667,0.9733333333333334,0.026666666666666727,0.8809523809523809,0.8571428571428571,-0.023809523809523836,27,8
21,2.34238498471129,0.36965827544816987,legacy67,minmax,0.8276190476190477,0.8304761904761904,0.0028571428571426694,0.9466666666666667,0.9733333333333334,0.026666666666666727,0.8809523809523809,0.8571428571428571,-0.023809523809523836,27,8
21,2.4637685958997446,0.39159991524434057,legacy67,minmax,0.8276190476190477,0.8304761904761904,0.0028571428571426694,0.9466666666666667,0.9733333333333334,0.026666666666666727,0.8809523809523809,0.8571428571428571,-0.023809523809523836,27,8
21,2.4810409748678097,0.3946339367881464,legacy67,minmax,0.8276190476190477,0.8304761904761904,0.0028571428571426694,0.9466666666666667,0.9733333333333334,0.026666666666666727,0.8809523809523809,0.8571428571428571,-0.023809523809523836,27,8
21,2.5378155082656626,0.40446004697283516,legacy67,minmax,0.8038095238095238,0.8304761904761904,0.026666666666666616,0.9466666666666667,0.9733333333333334,0.026666666666666727,0.8571428571428571,0.8571428571428571,0.0,27,8
21,2.692646910086177,0.43017940760575346,legacy67,minmax,0.8038095238095238,0.8304761904761904,0.026666666666666616,0.9466666666666667,0.9733333333333334,0.026666666666666727,0.8571428571428571,0.8571428571428571,0.0,27,8
21,2.801635158716258,0.4474115788895179,legacy67,minmax,0.8038095238095238,0.8304761904761904,0.026666666666666616,0.9466666666666667,0.9733333333333334,0.026666666666666727,0.8571428571428571,0.8571428571428571,0.0,29,8
21,3.113095956122122,0.4931925073102317,legacy67,minmax,0.8038095238095238,0.8304761904761904,0.026666666666666616,0.9466666666666667,0.9733333333333334,0.026666666666666727,0.8571428571428571,0.8571428571428571,0.0,29,8
21,3.550012525851159,0.5502298854208525,legacy67,minmax,0.78,0.8304761904761904,0.05047619047619034,0.9466666666666667,0.9733333333333334,0.026666666666666727,0.8333333333333334,0.8571428571428571,0.023809523809523725,29,8
21,4.467752817973904,0.6500891374159279,legacy67,minmax,0.7428571428571429,0.8304761904761904,0.08761904761904749,0.9333333333333333,0.9733333333333334,0.040000000000000036,0.8095238095238095,0.8571428571428571,0.04761904761904756,29,8
21,5.456725485601473,0.7369321060486276,legacy67,minmax,0.7428571428571429,0.8304761904761904,0.08761904761904749,0.9333333333333333,0.9733333333333334,0.040000000000000036,0.8095238095238095,0.8571428571428571,0.04761904761904756,30,8
21,6.72093005015611,0.8274293753904685,legacy67,minmax,0.7295238095238097,0.8304761904761904,0.10095238095238068,0.92,0.9733333333333334,0.053333333333333344,0.8095238095238095,0.8571428571428571,0.04761904761904756,31,8
21,6.7965780907581514,0.832290311184182,legacy67,minmax,0.7295238095238097,0.8304761904761904,0.10095238095238068,0.92,0.9733333333333334,0.053333333333333344,0.8095238095238095,0.8571428571428571,0.04761904761904756,31,8
21,7.128188058401357,0.85297914889198,legacy67,minmax,0.7295238095238097,0.8304761904761904,0.10095238095238068,0.92,0.9733333333333334,0.053333333333333344,0.8095238095238095,0.8571428571428571,0.04761904761904756,31,30
21,8.241925264876443,0.9160286721639492,legacy67,minmax,0.74,0.8304761904761904,0.09047619047619038,0.9066666666666666,0.9733333333333334,0.06666666666666676,0.8333333333333334,0.8571428571428571,0.023809523809523725,32,30
21,8.287522363768153,0.9184247133522563,legacy67,minmax,0.74,0.8304761904761904,0.09047619047619038,0.9066666666666666,0.9733333333333334,0.06666666666666676,0.8333333333333334,0.8571428571428571,0.023809523809523725,32,30
21,8.471801418819974,0.9279757672456204,legacy67,minmax,0.74,0.8304761904761904,0.09047619047619038,0.9066666666666666,0.9733333333333334,0.06666666666666676,0.8333333333333334,0.8571428571428571,0.023809523809523725,32,30
21,11.044350847124681,1.0431401944675898,legacy67,minmax,0.74,0.8304761904761904,0.09047619047619038,0.9066666666666666,0.9733333333333334,0.06666666666666676,0.8333333333333334,0.8571428571428571,0.023809523809523725,32,30
21,12.130221181165155,1.083868719818244,legacy67,minmax,0.74,0.8304761904761904,0.09047619047619038,0.9066666666666666,0.9733333333333334,0.06666666666666676,0.8333333333333334,0.8571428571428571,0.023809523809523725,32,30
21,12.164139351417056,1.085081386743783,legacy67,minmax,0.74,0.8304761904761904,0.09047619047619038,0.9066666666666666,0.9733333333333334,0.06666666666666676,0.8333333333333334,0.8571428571428571,0.023809523809523725,32,30
21,12.273800987852958,1.0889790771866297,legacy67,minmax,0.74,0.8304761904761904,0.09047619047619038,0.9066666666666666,0.9733333333333334,0.06666666666666676,0.8333333333333334,0.8571428571428571,0.023809523809523725,32,30
21,12.604664585649452,1.1005312934444582,legacy67,minmax,0.74,0.8304761904761904,0.09047619047619038,0.9066666666666666,0.9733333333333334,0.06666666666666676,0.8333333333333334,0.8571428571428571,0.023809523809523725,32,30
21,13.826232179369853,1.1407038455720544,legacy67,minmax,0.74,0.8304761904761904,0.09047619047619038,0.9066666666666666,0.9733333333333334,0.06666666666666676,0.8333333333333334,0.8571428571428571,0.023809523809523725,32,30
21,16.172900811143133,1.2087879230161587,legacy67,minmax,0.74,0.8304761904761904,0.09047619047619038,0.9066666666666666,0.9733333333333334,0.06666666666666676,0.8333333333333334,0.8571428571428571,0.023809523809523725,32,30
21,17.123375973163967,1.2335893924658445,legacy67,minmax,0.74,0.8304761904761904,0.09047619047619038,0.9066666666666666,0.9733333333333334,0.06666666666666676,0.8333333333333334,0.8571428571428571,0.023809523809523725,32,30
21,18.274508859816006,1.2618457138193366,legacy67,minmax,0.74,0.8304761904761904,0.09047619047619038,0.9066666666666666,0.9733333333333334,0.06666666666666676,0.8333333333333334,0.8571428571428571,0.023809523809523725,33,30
21,20.65142557895924,1.3149500366077174,legacy67,minmax,0.74,0.8304761904761904,0.09047619047619038,0.9066666666666666,0.9733333333333334,0.06666666666666676,0.8333333333333334,0.8571428571428571,0.023809523809523725,33,30
21,21.36832907235874,1.329770563201687,legacy67,minmax,0.74,0.8304761904761904,0.09047619047619038,0.9066666666666666,0.9733333333333334,0.06666666666666676,0.8333333333333334,0.8571428571428571,0.023809523809523725,33,30
21,28.340904295147727,1.452413703502374,legacy67,minmax,0.74,0.8304761904761904,0.09047619047619038,0.9066666666666666,0.9733333333333334,0.06666666666666676,0.8333333333333334,0.8571428571428571,0.023809523809523725,33,30
21,29.154431891537524,1.4647045830997407,legacy67,minmax,0.74,0.8304761904761904,0.09047619047619038,0.9066666666666666,0.9733333333333334,0.06666666666666676,0.8333333333333334,0.8571428571428571,0.023809523809523725,33,30
21,35.387588647792384,1.5488509703053062,legacy67,minmax,0.74,0.8304761904761904,0.09047619047619038,0.9066666666666666,0.9733333333333334,0.06666666666666676,0.8333333333333334,0.8571428571428571,0.023809523809523725,33,30
21,37.95853142670639,1.5793094017105953,legacy67,minmax,0.74,0.8304761904761904,0.09047619047619038,0.9066666666666666,0.9733333333333334,0.06666666666666676,0.8333333333333334,0.8571428571428571,0.023809523809523725,33,30
21,43.37920697490936,1.6372816083151283,legacy67,minmax,0.74,0.8304761904761904,0.09047619047619038,0.9066666666666666,0.9733333333333334,0.06666666666666676,0.8333333333333334,0.8571428571428571,0.023809523809523725,33,30
21,48.69640941520897,1.6874969400924673,legacy67,minmax,0.74,0.8304761904761904,0.09047619047619038,0.9066666666666666,0.9733333333333334,0.06666666666666676,0.8333333333333334,0.8571428571428571,0.023809523809523725,33,30
21,57.279044707996185,1.7579957662567565,legacy67,minmax,0.74,0.8304761904761904,0.09047619047619038,0.9066666666666666,0.9733333333333334,0.06666666666666676,0.8333333333333334,0.8571428571428571,0.023809523809523725,33,31
21,62.45139574743064,1.795542149013333,legacy67,minmax,0.74,0.8304761904761904,0.09047619047619038,0.9066666666666666,0.9733333333333334,0.06666666666666676,0.8333333333333334,0.8571428571428571,0.023809523809523725,33,31
21,63.512210106406926,1.8028572256396647,legacy67,minmax,0.74,0.8304761904761904,0.09047619047619038,0.9066666666666666,0.9733333333333334,0.06666666666666676,0.8333333333333334,0.8571428571428571,0.023809523809523725,33,31
21,72.86653737491037,1.8625281322982374,legacy67,minmax,0.74,0.8304761904761904,0.09047619047619038,0.9066666666666666,0.9733333333333334,0.06666666666666676,0.8333333333333334,0.8571428571428571,0.023809523809523725,33,31
21,75.56810141274423,1.8783385110582342,legacy67,minmax,0.74,0.8304761904761904,0.09047619047619038,0.9066666666666666,0.9733333333333334,0.06666666666666676,0.8333333333333334,0.8571428571428571,0.023809523809523725,33,31
21,75.79479953347995,1.8796394086479773,legacy67,minmax,0.74,0.8304761904761904,0.09047619047619038,0.9066666666666666,0.9733333333333334,0.06666666666666676,0.8333333333333334,0.8571428571428571,0.023809523809523725,33,31
21,88.62326508576248,1.9475477464020692,legacy67,minmax,0.74,0.8304761904761904,0.09047619047619038,0.9066666666666666,0.9733333333333334,0.06666666666666676,0.8333333333333334,0.8571428571428571,0.023809523809523725,33,31
22,0.010521761868451128,-1.9779115315055904,legacy67,minmax,0.0,0.0,0.0,1.0,1.0,0.0,0.0,0.0,0.0,0,0
22,0.012087541473056955,-1.9176620228167902,legacy67,minmax,0.0,0.0,0.0,1.0,1.0,0.0,0.0,0.0,0.0,0,0
22,0.01263794633808287,-1.8983234930236192,legacy67,minmax,0.0,0.0,0.0,1.0,1.0,0.0,0.0,0.0,0.0,0,0
22,0.013726318898045865,-1.8624459155391264,legacy67,minmax,0.0,0.0,0.0,1.0,1.0,0.0,0.0,0.0,0.0,0,0
22,0.0151673306880762,-1.8190908443578477,legacy67,minmax,0.0,0.0,0.0,1.0,1.0,0.0,0.0,0.0,0.0,0,0
22,0.015339162591163618,-1.814198349120009,legacy67,minmax,0.0,0.0,0.0,1.0,1.0,0.0,0.0,0.0,0.0,0,0
22,0.017073967431528118,-1.7676655513272022,legacy67,minmax,0.0,0.0,0.0,1.0,1.0,0.0,0.0,0.0,0.0,1,0
22,0.017956984225677628,-1.7457665988559055,legacy67,minmax,0.0,0.0,0.0,1.0,1.0,0.0,0.0,0.0,0.0,2,1
22,0.018205657658407252,-1.739793628058882,legacy67,minmax,0.0,0.0,0.0,1.0,1.0,0.0,0.0,0.0,0.0,3,1
22,0.019777828512462715,-1.7038213930636386,legacy67,minmax,0.0714285714285714,0.0,-0.0714285714285714,1.0,1.0,0.0,0.07142857142857142,0.0,-0.07142857142857142,3,2
22,0.01987021538542862,-1.7017974252809167,legacy67,minmax,0.0714285714285714,0.0,-0.0714285714285714,1.0,1.0,0.0,0.07142857142857142,0.0,-0.07142857142857142,3,2
22,0.022592797420156945,-1.646029991792322,legacy67,minmax,0.09523809523809534,0.26190476190476186,0.16666666666666652,1.0,1.0,0.0,0.09523809523809523,0.2619047619047619,0.16666666666666669,3,2
22,0.024586032763280048,-1.6093115439744645,legacy67,minmax,0.3571428571428572,0.26190476190476186,-0.09523809523809534,1.0,1.0,0.0,0.35714285714285715,0.2619047619047619,-0.09523809523809523,4,2
22,0.027012557725439066,-1.5684342920267822,legacy67,minmax,0.4761904761904763,0.26190476190476186,-0.2142857142857144,1.0,1.0,0.0,0.47619047619047616,0.2619047619047619,-0.21428571428571425,4,2
22,0.029072088906598435,-1.5365237618994811,legacy67,minmax,0.4761904761904763,0.5238095238095237,0.04761904761904745,1.0,1.0,0.0,0.47619047619047616,0.5238095238095238,0.04761904761904767,4,2
22,0.030086868214458433,-1.5216230162467932,legacy67,minmax,0.4761904761904763,0.5238095238095237,0.04761904761904745,1.0,1.0,0.0,0.47619047619047616,0.5238095238095238,0.04761904761904767,4,2
22,0.030771802712506853,-1.5118470606208847,legacy67,minmax,0.4761904761904763,0.5238095238095237,0.04761904761904745,1.0,1.0,0.0,0.47619047619047616,0.5238095238095238,0.04761904761904767,4,2
22,0.036138942712165265,-1.4420245573918327,legacy67,minmax,0.5,0.5238095238095237,0.023809523809523725,1.0,1.0,0.0,0.5,0.5238095238095238,0.023809523809523836,4,2
22,0.03661819220392428,-1.4363031001009494,legacy67,minmax,0.5,0.5238095238095237,0.023809523809523725,1.0,1.0,0.0,0.5,0.5238095238095238,0.023809523809523836,4,2
22,0.04207053950287936,-1.3760219186551894,legacy67,minmax,0.5104761904761905,0.6666666666666665,0.156190476190476,0.9866666666666667,1.0,0.013333333333333308,0.5238095238095238,0.6666666666666666,0.1428571428571428,4,2
22,0.04207988669606635,-1.375925438230254,legacy67,minmax,0.5104761904761905,0.6666666666666665,0.156190476190476,0.9866666666666667,1.0,0.013333333333333308,0.5238095238095238,0.6666666666666666,0.1428571428571428,4,2
22,0.04809461967501572,-1.3179035052508339,legacy67,minmax,0.558095238095238,0.6666666666666665,0.10857142857142854,0.9866666666666667,1.0,0.013333333333333308,0.5714285714285714,0.6666666666666666,0.09523809523809523,5,2
22,0.05337032762603955,-1.2727001311715975,legacy67,minmax,0.6057142857142859,0.6666666666666665,0.06095238095238065,0.9866666666666667,1.0,0.013333333333333308,0.6190476190476191,0.6666666666666666,0.04761904761904756,5,3
22,0.05415244119402536,-1.2663819605862647,legacy67,minmax,0.6057142857142859,0.6666666666666665,0.06095238095238065,0.9866666666666667,1.0,0.013333333333333308,0.6190476190476191,0.6666666666666666,0.04761904761904756,5,3
22,0.05488047000766042,-1.2605821778978918,legacy67,minmax,0.6057142857142859,0.6666666666666665,0.06095238095238065,0.9866666666666667,1.0,0.013333333333333308,0.6190476190476191,0.6666666666666666,0.04761904761904756,5,3
22,0.060803901902965994,-1.2160685503234192,legacy67,minmax,0.677142857142857,0.6666666666666665,-0.010476190476190528,0.9866666666666667,1.0,0.013333333333333308,0.6904761904761905,0.6666666666666666,-0.023809523809523836,6,3
22,0.06235377135673155,-1.2051372738633104,legacy67,minmax,0.677142857142857,0.6666666666666665,-0.010476190476190528,0.9866666666666667,1.0,0.013333333333333308,0.6904761904761905,0.6666666666666666,-0.023809523809523836,7,4
22,0.06290644294586147,-1.201304871366561,legacy67,minmax,0.700952380952381,0.6666666666666665,-0.034285714285714475,0.9866666666666667,1.0,0.013333333333333308,0.7142857142857143,0.6666666666666666,-0.04761904761904767,7,5
22,0.07068974950624601,-1.1506435572868954,legacy67,minmax,0.700952380952381,0.6666666666666665,-0.034285714285714475,0.9866666666666667,1.0,0.013333333333333308,0.7142857142857143,0.6666666666666666,-0.04761904761904767,7,6
22,0.10842262717330158,-0.9648800735999323,legacy67,minmax,0.7247619047619049,0.7380952380952381,0.013333333333333197,0.9866666666666667,1.0,0.013333333333333308,0.7380952380952381,0.7380952380952381,0.0,9,8
22,0.12172958098369964,-0.9146038729044164,legacy67,minmax,0.7114285714285715,0.7380952380952381,0.026666666666666616,0.9733333333333334,1.0,0.026666666666666616,0.7380952380952381,0.7380952380952381,0.0,9,9
22,0.1329652145729951,-0.876261961250477,legacy67,minmax,0.7114285714285715,0.7380952380952381,0.026666666666666616,0.9733333333333334,1.0,0.026666666666666616,0.7380952380952381,0.7380952380952381,0.0,9,9
22,0.14618962793704957,-0.8350834392078323,legacy67,minmax,0.7114285714285715,0.7619047619047619,0.05047619047619034,0.9733333333333334,1.0,0.026666666666666616,0.7380952380952381,0.7619047619047619,0.023809523809523725,9,9
22,0.14742753159914665,-0.8314214058591274,legacy67,minmax,0.7114285714285715,0.7619047619047619,0.05047619047619034,0.9733333333333334,1.0,0.026666666666666616,0.7380952380952381,0.7619047619047619,0.023809523809523725,9,9
22,0.16480446427978968,-0.7830310281618491,legacy67,minmax,0.6980952380952381,0.7619047619047619,0.06380952380952376,0.96,1.0,0.040000000000000036,0.7380952380952381,0.7619047619047619,0.023809523809523725,9,10
22,0.16536937182824418,-0.7815449233065173,legacy67,minmax,0.6980952380952381,0.7619047619047619,0.06380952380952376,0.96,1.0,0.040000000000000036,0.7380952380952381,0.7619047619047619,0.023809523809523725,9,10
22,0.1753594952976441,-0.7560707131373512,legacy67,minmax,0.6980952380952381,0.7619047619047619,0.06380952380952376,0.96,1.0,0.040000000000000036,0.7380952380952381,0.7619047619047619,0.023809523809523725,9,10
22,0.17654048052495064,-0.7531556956423562,legacy67,minmax,0.6980952380952381,0.7619047619047619,0.06380952380952376,0.96,1.0,0.040000000000000036,0.7380952380952381,0.7619047619047619,0.023809523809523725,9,10
22,0.1998634077852887,-0.6992667118930118,legacy67,minmax,0.6847619047619049,0.7619047619047619,0.07714285714285696,0.9466666666666667,1.0,0.053333333333333344,0.7380952380952381,0.7619047619047619,0.023809523809523725,13,10
22,0.2001342062287997,-0.6986786769469426,legacy67,minmax,0.6980952380952381,0.7619047619047619,0.06380952380952376,0.96,1.0,0.040000000000000036,0.7380952380952381,0.7619047619047619,0.023809523809523725,13,10
22,0.21066486017042194,-0.6764079005894033,legacy67,minmax,0.6847619047619049,0.7619047619047619,0.07714285714285696,0.9466666666666667,1.0,0.053333333333333344,0.7380952380952381,0.7619047619047619,0.023809523809523725,13,10
22,0.2673088310781669,-0.5729866932256429,legacy67,minmax,0.6714285714285715,0.7619047619047619,0.09047619047619038,0.9333333333333333,1.0,0.06666666666666665,0.7380952380952381,0.7619047619047619,0.023809523809523725,13,10
22,0.2715581955282939,-0.5661370858229096,legacy67,minmax,0.6714285714285715,0.7619047619047619,0.09047619047619038,0.9333333333333333,1.0,0.06666666666666665,0.7380952380952381,0.7619047619047619,0.023809523809523725,13,10
22,0.292043384718141,-0.5345526268252332,legacy67,minmax,0.6476190476190475,0.7857142857142856,0.13809523809523805,0.9333333333333333,1.0,0.06666666666666665,0.7142857142857143,0.7857142857142857,0.0714285714285714,15,10
22,0.314891164795686,-0.50183952461055,legacy67,minmax,0.6476190476190475,0.7857142857142856,0.13809523809523805,0.9333333333333333,1.0,0.06666666666666665,0.7142857142857143,0.7857142857142857,0.0714285714285714,15,10
22,0.35868164986275475,-0.44529084124207197,legacy67,minmax,0.6238095238095238,0.7857142857142856,0.16190476190476177,0.9333333333333333,1.0,0.06666666666666665,0.6904761904761905,0.7857142857142857,0.09523809523809523,17,10
22,0.5130551760589832,-0.2898359265658015,legacy67,minmax,0.637142857142857,0.8095238095238095,0.17238095238095252,0.9466666666666667,1.0,0.053333333333333344,0.6904761904761905,0.8095238095238095,0.11904761904761907,19,10
22,0.5342937261279772,-0.27221992543153695,legacy67,minmax,0.637142857142857,0.8095238095238095,0.17238095238095252,0.9466666666666667,1.0,0.053333333333333344,0.6904761904761905,0.8095238095238095,0.11904761904761907,19,10
22,0.5762487216478598,-0.23939002504159476,legacy67,minmax,0.637142857142857,0.8095238095238095,0.17238095238095252,0.9466666666666667,1.0,0.053333333333333344,0.6904761904761905,0.8095238095238095,0.11904761904761907,19,10
22,0.6672367170464204,-0.17572006313185626,legacy67,minmax,0.637142857142857,0.8571428571428572,0.2200000000000002,0.9466666666666667,1.0,0.053333333333333344,0.6904761904761905,0.8571428571428571,0.16666666666666663,19,10
22,0.7742116473996242,-0.1111402993522028,legacy67,minmax,0.637142857142857,0.8809523809523809,0.24380952380952392,0.9466666666666667,1.0,0.053333333333333344,0.6904761904761905,0.8809523809523809,0.19047619047619047,20,10
22,0.9444574254983555,-0.02481761454243703,legacy67,minmax,0.637142857142857,0.8809523809523809,0.24380952380952392,0.9466666666666667,1.0,0.053333333333333344,0.6904761904761905,0.8809523809523809,0.19047619047619047,20,10
22,0.9565499215943818,-0.019292359554919238,legacy67,minmax,0.637142857142857,0.8809523809523809,0.24380952380952392,0.9466666666666667,1.0,0.053333333333333344,0.6904761904761905,0.8809523809523809,0.19047619047619047,20,10
22,1.1400863701127315,0.0569377536544464,legacy67,minmax,0.6266666666666665,0.8809523809523809,0.25428571428571445,0.96,1.0,0.040000000000000036,0.6666666666666666,0.8809523809523809,0.2142857142857143,21,10
22,1.2030178871154662,0.08027208471124325,legacy67,minmax,0.6266666666666665,0.8809523809523809,0.25428571428571445,0.96,1.0,0.040000000000000036,0.6666666666666666,0.8809523809523809,0.2142857142857143,21,10
22,1.2329098365270508,0.0909313175279762,legacy67,minmax,0.6266666666666665,0.8809523809523809,0.25428571428571445,0.96,1.0,0.040000000000000036,0.6666666666666666,0.8809523809523809,0.2142857142857143,21,10
22,1.2561043700013554,0.09902572652895136,legacy67,minmax,0.6266666666666665,0.8809523809523809,0.25428571428571445,0.96,1.0,0.040000000000000036,0.6666666666666666,0.8809523809523809,0.2142857142857143,21,10
22,1.4817820606039076,0.17078433263299386,legacy67,minmax,0.6504761904761904,0.8809523809523809,0.2304761904761905,0.96,1.0,0.040000000000000036,0.6904761904761905,0.8809523809523809,0.19047619047619047,24,10
22,1.5375920235481748,0.1868411173731186,legacy67,minmax,0.6504761904761904,0.8809523809523809,0.2304761904761905,0.96,1.0,0.040000000000000036,0.6904761904761905,0.8809523809523809,0.19047619047619047,24,10
22,1.7583640270008503,0.24510879027798493,legacy67,minmax,0.6742857142857144,0.8809523809523809,0.20666666666666655,0.96,1.0,0.040000000000000036,0.7142857142857143,0.8809523809523809,0.16666666666666663,24,9
22,2.34238498471129,0.36965827544816987,legacy67,minmax,0.6504761904761904,0.8809523809523809,0.2304761904761905,0.96,1.0,0.040000000000000036,0.6904761904761905,0.8809523809523809,0.19047619047619047,27,9
22,2.4637685958997446,0.39159991524434057,legacy67,minmax,0.6504761904761904,0.8809523809523809,0.2304761904761905,0.96,1.0,0.040000000000000036,0.6904761904761905,0.8809523809523809,0.19047619047619047,27,9
22,2.4810409748678097,0.3946339367881464,legacy67,minmax,0.6504761904761904,0.8809523809523809,0.2304761904761905,0.96,1.0,0.040000000000000036,0.6904761904761905,0.8809523809523809,0.19047619047619047,27,9
22,2.5378155082656626,0.40446004697283516,legacy67,minmax,0.6504761904761904,0.8809523809523809,0.2304761904761905,0.96,1.0,0.040000000000000036,0.6904761904761905,0.8809523809523809,0.19047619047619047,27,9
22,2.692646910086177,0.43017940760575346,legacy67,minmax,0.6742857142857144,0.8809523809523809,0.20666666666666655,0.96,1.0,0.040000000000000036,0.7142857142857143,0.8809523809523809,0.16666666666666663,28,9
22,2.801635158716258,0.4474115788895179,legacy67,minmax,0.6876190476190476,0.8809523809523809,0.19333333333333336,0.9733333333333334,1.0,0.026666666666666616,0.7142857142857143,0.8809523809523809,0.16666666666666663,28,9
22,3.113095956122122,0.4931925073102317,legacy67,minmax,0.6876190476190476,0.8809523809523809,0.19333333333333336,0.9733333333333334,1.0,0.026666666666666616,0.7142857142857143,0.8809523809523809,0.16666666666666663,28,9
22,3.550012525851159,0.5502298854208525,legacy67,minmax,0.6876190476190476,0.8809523809523809,0.19333333333333336,0.9733333333333334,1.0,0.026666666666666616,0.7142857142857143,0.8809523809523809,0.16666666666666663,29,9
22,4.467752817973904,0.6500891374159279,legacy67,minmax,0.6876190476190476,0.8809523809523809,0.19333333333333336,0.9733333333333334,1.0,0.026666666666666616,0.7142857142857143,0.8809523809523809,0.16666666666666663,31,9
22,5.456725485601473,0.7369321060486276,legacy67,minmax,0.6876190476190476,0.8809523809523809,0.19333333333333336,0.9733333333333334,1.0,0.026666666666666616,0.7142857142857143,0.8809523809523809,0.16666666666666663,31,9
22,6.72093005015611,0.8274293753904685,legacy67,minmax,0.6876190476190476,0.8809523809523809,0.19333333333333336,0.9733333333333334,1.0,0.026666666666666616,0.7142857142857143,0.8809523809523809,0.16666666666666663,32,9
22,6.7965780907581514,0.832290311184182,legacy67,minmax,0.6876190476190476,0.8809523809523809,0.19333333333333336,0.9733333333333334,1.0,0.026666666666666616,0.7142857142857143,0.8809523809523809,0.16666666666666663,32,9
22,7.128188058401357,0.85297914889198,legacy67,minmax,0.6638095238095238,0.8809523809523809,0.21714285714285708,0.9733333333333334,1.0,0.026666666666666616,0.6904761904761905,0.8809523809523809,0.19047619047619047,33,9
22,8.241925264876443,0.9160286721639492,legacy67,minmax,0.6876190476190476,0.8809523809523809,0.19333333333333336,0.9733333333333334,1.0,0.026666666666666616,0.7142857142857143,0.8809523809523809,0.16666666666666663,32,31
22,8.287522363768153,0.9184247133522563,legacy67,minmax,0.6876190476190476,0.8809523809523809,0.19333333333333336,0.9733333333333334,1.0,0.026666666666666616,0.7142857142857143,0.8809523809523809,0.16666666666666663,32,31
22,8.471801418819974,0.9279757672456204,legacy67,minmax,0.6876190476190476,0.8809523809523809,0.19333333333333336,0.9733333333333334,1.0,0.026666666666666616,0.7142857142857143,0.8809523809523809,0.16666666666666663,32,31
22,11.044350847124681,1.0431401944675898,legacy67,minmax,0.6638095238095238,0.8809523809523809,0.21714285714285708,0.9733333333333334,1.0,0.026666666666666616,0.6904761904761905,0.8809523809523809,0.19047619047619047,33,31
22,12.130221181165155,1.083868719818244,legacy67,minmax,0.6638095238095238,0.8809523809523809,0.21714285714285708,0.9733333333333334,1.0,0.026666666666666616,0.6904761904761905,0.8809523809523809,0.19047619047619047,33,32
22,12.164139351417056,1.085081386743783,legacy67,minmax,0.6638095238095238,0.8809523809523809,0.21714285714285708,0.9733333333333334,1.0,0.026666666666666616,0.6904761904761905,0.8809523809523809,0.19047619047619047,33,32
22,12.273800987852958,1.0889790771866297,legacy67,minmax,0.6638095238095238,0.8809523809523809,0.21714285714285708,0.9733333333333334,1.0,0.026666666666666616,0.6904761904761905,0.8809523809523809,0.19047619047619047,33,32
22,12.604664585649452,1.1005312934444582,legacy67,minmax,0.6638095238095238,0.8809523809523809,0.21714285714285708,0.9733333333333334,1.0,0.026666666666666616,0.6904761904761905,0.8809523809523809,0.19047619047619047,33,32
22,13.826232179369853,1.1407038455720544,legacy67,minmax,0.6638095238095238,0.8809523809523809,0.21714285714285708,0.9733333333333334,1.0,0.026666666666666616,0.6904761904761905,0.8809523809523809,0.19047619047619047,33,32
22,16.172900811143133,1.2087879230161587,legacy67,minmax,0.6638095238095238,0.8809523809523809,0.21714285714285708,0.9733333333333334,1.0,0.026666666666666616,0.6904761904761905,0.8809523809523809,0.19047619047619047,33,32
22,17.123375973163967,1.2335893924658445,legacy67,minmax,0.6638095238095238,0.8809523809523809,0.21714285714285708,0.9733333333333334,1.0,0.026666666666666616,0.6904761904761905,0.8809523809523809,0.19047619047619047,33,32
22,18.274508859816006,1.2618457138193366,legacy67,minmax,0.6638095238095238,0.8809523809523809,0.21714285714285708,0.9733333333333334,1.0,0.026666666666666616,0.6904761904761905,0.8809523809523809,0.19047619047619047,32,32
22,20.65142557895924,1.3149500366077174,legacy67,minmax,0.6638095238095238,0.8809523809523809,0.21714285714285708,0.9733333333333334,1.0,0.026666666666666616,0.6904761904761905,0.8809523809523809,0.19047619047619047,32,32
22,21.36832907235874,1.329770563201687,legacy67,minmax,0.6638095238095238,0.8809523809523809,0.21714285714285708,0.9733333333333334,1.0,0.026666666666666616,0.6904761904761905,0.8809523809523809,0.19047619047619047,32,32
22,28.340904295147727,1.452413703502374,legacy67,minmax,0.6504761904761904,0.9047619047619047,0.2542857142857142,0.96,1.0,0.040000000000000036,0.6904761904761905,0.9047619047619048,0.2142857142857143,32,32
22,29.154431891537524,1.4647045830997407,legacy67,minmax,0.6504761904761904,0.9047619047619047,0.2542857142857142,0.96,1.0,0.040000000000000036,0.6904761904761905,0.9047619047619048,0.2142857142857143,32,32
22,35.387588647792384,1.5488509703053062,legacy67,minmax,0.6504761904761904,0.9047619047619047,0.2542857142857142,0.96,1.0,0.040000000000000036,0.6904761904761905,0.9047619047619048,0.2142857142857143,33,32
22,37.95853142670639,1.5793094017105953,legacy67,minmax,0.6504761904761904,0.9047619047619047,0.2542857142857142,0.96,1.0,0.040000000000000036,0.6904761904761905,0.9047619047619048,0.2142857142857143,33,32
22,43.37920697490936,1.6372816083151283,legacy67,minmax,0.6504761904761904,0.9047619047619047,0.2542857142857142,0.96,1.0,0.040000000000000036,0.6904761904761905,0.9047619047619048,0.2142857142857143,33,32
22,48.69640941520897,1.6874969400924673,legacy67,minmax,0.6504761904761904,0.9047619047619047,0.2542857142857142,0.96,1.0,0.040000000000000036,0.6904761904761905,0.9047619047619048,0.2142857142857143,33,32
22,57.279044707996185,1.7579957662567565,legacy67,minmax,0.6504761904761904,0.9047619047619047,0.2542857142857142,0.96,1.0,0.040000000000000036,0.6904761904761905,0.9047619047619048,0.2142857142857143,33,32
22,62.45139574743064,1.795542149013333,legacy67,minmax,0.6504761904761904,0.9047619047619047,0.2542857142857142,0.96,1.0,0.040000000000000036,0.6904761904761905,0.9047619047619048,0.2142857142857143,33,32
22,63.512210106406926,1.8028572256396647,legacy67,minmax,0.6504761904761904,0.9047619047619047,0.2542857142857142,0.96,1.0,0.040000000000000036,0.6904761904761905,0.9047619047619048,0.2142857142857143,33,32
22,72.86653737491037,1.8625281322982374,legacy67,minmax,0.6504761904761904,0.9047619047619047,0.2542857142857142,0.96,1.0,0.040000000000000036,0.6904761904761905,0.9047619047619048,0.2142857142857143,33,32
22,75.56810141274423,1.8783385110582342,legacy67,minmax,0.6504761904761904,0.9047619047619047,0.2542857142857142,0.96,1.0,0.040000000000000036,0.6904761904761905,0.9047619047619048,0.2142857142857143,33,32
22,75.79479953347995,1.8796394086479773,legacy67,minmax,0.6504761904761904,0.9047619047619047,0.2542857142857142,0.96,1.0,0.040000000000000036,0.6904761904761905,0.9047619047619048,0.2142857142857143,33,32
22,88.62326508576248,1.9475477464020692,legacy67,minmax,0.6504761904761904,0.9047619047619047,0.2542857142857142,0.96,1.0,0.040000000000000036,0.6904761904761905,0.9047619047619048,0.2142857142857143,33,32
23,0.010521761868451128,-1.9779115315055904,legacy67,minmax,0.0,0.0,0.0,1.0,1.0,0.0,0.0,0.0,0.0,0,0
23,0.012087541473056955,-1.9176620228167902,legacy67,minmax,0.0,0.0,0.0,1.0,1.0,0.0,0.0,0.0,0.0,0,0
23,0.01263794633808287,-1.8983234930236192,legacy67,minmax,0.0,0.0,0.0,1.0,1.0,0.0,0.0,0.0,0.0,0,0
23,0.013726318898045865,-1.8624459155391264,legacy67,minmax,0.0,0.0,0.0,1.0,1.0,0.0,0.0,0.0,0.0,0,0
23,0.0151673306880762,-1.8190908443578477,legacy67,minmax,0.0,0.0,0.0,1.0,1.0,0.0,0.0,0.0,0.0,0,0
23,0.015339162591163618,-1.814198349120009,legacy67,minmax,0.0,0.0,0.0,1.0,1.0,0.0,0.0,0.0,0.0,0,0
23,0.017073967431528118,-1.7676655513272022,legacy67,minmax,0.0,0.0,0.0,1.0,1.0,0.0,0.0,0.0,0.0,0,0
23,0.017956984225677628,-1.7457665988559055,legacy67,minmax,0.0,0.0,0.0,1.0,1.0,0.0,0.0,0.0,0.0,1,1
23,0.018205657658407252,-1.739793628058882,legacy67,minmax,0.0,0.0,0.0,1.0,1.0,0.0,0.0,0.0,0.0,1,1
23,0.019777828512462715,-1.7038213930636386,legacy67,minmax,0.0,0.0,0.0,1.0,1.0,0.0,0.0,0.0,0.0,3,1
23,0.01987021538542862,-1.7017974252809167,legacy67,minmax,0.0,0.0,0.0,1.0,1.0,0.0,0.0,0.0,0.0,3,1
23,0.022592797420156945,-1.646029991792322,legacy67,minmax,0.09523809523809534,0.5238095238095237,0.4285714285714284,1.0,1.0,0.0,0.09523809523809523,0.5238095238095238,0.4285714285714286,4,1
23,0.024586032763280048,-1.6093115439744645,legacy67,minmax,0.19047619047619047,0.5238095238095237,0.33333333333333326,1.0,1.0,0.0,0.19047619047619047,0.5238095238095238,0.33333333333333337,4,1
23,0.027012557725439066,-1.5684342920267822,legacy67,minmax,0.2857142857142856,0.5238095238095237,0.23809523809523814,1.0,1.0,0.0,0.2857142857142857,0.5238095238095238,0.23809523809523814,4,2
23,0.029072088906598435,-1.5365237618994811,legacy67,minmax,0.33333333333333326,0.5238095238095237,0.19047619047619047,1.0,1.0,0.0,0.3333333333333333,0.5238095238095238,0.19047619047619052,4,2
23,0.030086868214458433,-1.5216230162467932,legacy67,minmax,0.3571428571428572,0.5238095238095237,0.16666666666666652,1.0,1.0,0.0,0.35714285714285715,0.5238095238095238,0.16666666666666669,4,2
23,0.030771802712506853,-1.5118470606208847,legacy67,minmax,0.3571428571428572,0.5238095238095237,0.16666666666666652,1.0,1.0,0.0,0.35714285714285715,0.5238095238095238,0.16666666666666669,4,2
23,0.036138942712165265,-1.4420245573918327,legacy67,minmax,0.45238095238095233,0.5238095238095237,0.0714285714285714,1.0,1.0,0.0,0.4523809523809524,0.5238095238095238,0.07142857142857145,4,2
23,0.03661819220392428,-1.4363031001009494,legacy67,minmax,0.45238095238095233,0.5238095238095237,0.0714285714285714,1.0,1.0,0.0,0.4523809523809524,0.5238095238095238,0.07142857142857145,4,2
23,0.04207053950287936,-1.3760219186551894,legacy67,minmax,0.5238095238095237,0.5238095238095237,0.0,1.0,1.0,0.0,0.5238095238095238,0.5238095238095238,0.0,5,3
23,0.04207988669606635,-1.375925438230254,legacy67,minmax,0.5238095238095237,0.5238095238095237,0.0,1.0,1.0,0.0,0.5238095238095238,0.5238095238095238,0.0,5,3
23,0.04809461967501572,-1.3179035052508339,legacy67,minmax,0.5238095238095237,0.5952380952380953,0.07142857142857162,1.0,1.0,0.0,0.5238095238095238,0.5952380952380952,0.0714285714285714,5,3
23,0.05337032762603955,-1.2727001311715975,legacy67,minmax,0.5476190476190477,0.5952380952380953,0.04761904761904767,1.0,1.0,0.0,0.5476190476190477,0.5952380952380952,0.04761904761904756,5,4
23,0.05415244119402536,-1.2663819605862647,legacy67,minmax,0.5476190476190477,0.5952380952380953,0.04761904761904767,1.0,1.0,0.0,0.5476190476190477,0.5952380952380952,0.04761904761904756,5,4
23,0.05488047000766042,-1.2605821778978918,legacy67,minmax,0.5476190476190477,0.5952380952380953,0.04761904761904767,1.0,1.0,0.0,0.5476190476190477,0.5952380952380952,0.04761904761904756,5,4
23,0.060803901902965994,-1.2160685503234192,legacy67,minmax,0.5714285714285714,0.5952380952380953,0.023809523809523947,1.0,1.0,0.0,0.5714285714285714,0.5952380952380952,0.023809523809523836,5,5
23,0.06235377135673155,-1.2051372738633104,legacy67,minmax,0.5714285714285714,0.6190476190476191,0.04761904761904767,1.0,1.0,0.0,0.5714285714285714,0.6190476190476191,0.04761904761904767,5,5
23,0.06290644294586147,-1.201304871366561,legacy67,minmax,0.5714285714285714,0.6190476190476191,0.04761904761904767,1.0,1.0,0.0,0.5714285714285714,0.6190476190476191,0.04761904761904767,5,5
23,0.07068974950624601,-1.1506435572868954,legacy67,minmax,0.5714285714285714,0.6428571428571428,0.0714285714285714,1.0,1.0,0.0,0.5714285714285714,0.6428571428571429,0.07142857142857151,5,5
23,0.10842262717330158,-0.9648800735999323,legacy67,minmax,0.5952380952380953,0.6904761904761905,0.09523809523809512,1.0,1.0,0.0,0.5952380952380952,0.6904761904761905,0.09523809523809523,8,7
23,0.12172958098369964,-0.9146038729044164,legacy67,minmax,0.5952380952380953,0.7857142857142856,0.19047619047619024,1.0,1.0,0.0,0.5952380952380952,0.7857142857142857,0.19047619047619047,8,7
23,0.1329652145729951,-0.876261961250477,legacy67,minmax,0.5952380952380953,0.8095238095238095,0.2142857142857142,1.0,1.0,0.0,0.5952380952380952,0.8095238095238095,0.2142857142857143,8,7
23,0.14618962793704957,-0.8350834392078323,legacy67,minmax,0.5952380952380953,0.8095238095238095,0.2142857142857142,1.0,1.0,0.0,0.5952380952380952,0.8095238095238095,0.2142857142857143,9,7
23,0.14742753159914665,-0.8314214058591274,legacy67,minmax,0.5952380952380953,0.8095238095238095,0.2142857142857142,1.0,1.0,0.0,0.5952380952380952,0.8095238095238095,0.2142857142857143,9,7
23,0.16480446427978968,-0.7830310281618491,legacy67,minmax,0.5952380952380953,0.8095238095238095,0.2142857142857142,1.0,1.0,0.0,0.5952380952380952,0.8095238095238095,0.2142857142857143,9,7
23,0.16536937182824418,-0.7815449233065173,legacy67,minmax,0.5952380952380953,0.8095238095238095,0.2142857142857142,1.0,1.0,0.0,0.5952380952380952,0.8095238095238095,0.2142857142857143,9,7
23,0.1753594952976441,-0.7560707131373512,legacy67,minmax,0.6190476190476191,0.8095238095238095,0.19047619047619047,1.0,1.0,0.0,0.6190476190476191,0.8095238095238095,0.19047619047619047,10,7
23,0.17654048052495064,-0.7531556956423562,legacy67,minmax,0.6190476190476191,0.8095238095238095,0.19047619047619047,1.0,1.0,0.0,0.6190476190476191,0.8095238095238095,0.19047619047619047,10,7
23,0.1998634077852887,-0.6992667118930118,legacy67,minmax,0.6666666666666665,0.8095238095238095,0.14285714285714302,1.0,1.0,0.0,0.6666666666666666,0.8095238095238095,0.1428571428571429,13,8
23,0.2001342062287997,-0.6986786769469426,legacy67,minmax,0.6666666666666665,0.8095238095238095,0.14285714285714302,1.0,1.0,0.0,0.6666666666666666,0.8095238095238095,0.1428571428571429,13,8
23,0.21066486017042194,-0.6764079005894033,legacy67,minmax,0.6428571428571428,0.8333333333333335,0.1904761904761907,1.0,1.0,0.0,0.6428571428571429,0.8333333333333334,0.19047619047619047,13,8
23,0.2673088310781669,-0.5729866932256429,legacy67,minmax,0.6904761904761905,0.8571428571428572,0.16666666666666674,1.0,1.0,0.0,0.6904761904761905,0.8571428571428571,0.16666666666666663,14,8
23,0.2715581955282939,-0.5661370858229096,legacy67,minmax,0.6904761904761905,0.8571428571428572,0.16666666666666674,1.0,1.0,0.0,0.6904761904761905,0.8571428571428571,0.16666666666666663,14,8
23,0.292043384718141,-0.5345526268252332,legacy67,minmax,0.677142857142857,0.8571428571428572,0.18000000000000016,0.9866666666666667,1.0,0.013333333333333308,0.6904761904761905,0.8571428571428571,0.16666666666666663,14,8
23,0.314891164795686,-0.50183952461055,legacy67,minmax,0.677142857142857,0.8571428571428572,0.18000000000000016,0.9866666666666667,1.0,0.013333333333333308,0.6904761904761905,0.8571428571428571,0.16666666666666663,15,8
23,0.35868164986275475,-0.44529084124207197,legacy67,minmax,0.6638095238095238,0.8571428571428572,0.19333333333333336,0.9733333333333334,1.0,0.026666666666666616,0.6904761904761905,0.8571428571428571,0.16666666666666663,17,8
23,0.5130551760589832,-0.2898359265658015,legacy67,minmax,0.6638095238095238,0.8809523809523809,0.21714285714285708,0.9733333333333334,1.0,0.026666666666666616,0.6904761904761905,0.8809523809523809,0.19047619047619047,21,7
23,0.5342937261279772,-0.27221992543153695,legacy67,minmax,0.6876190476190476,0.8809523809523809,0.19333333333333336,0.9733333333333334,1.0,0.026666666666666616,0.7142857142857143,0.8809523809523809,0.16666666666666663,21,7
23,0.5762487216478598,-0.23939002504159476,legacy67,minmax,0.6876190476190476,0.8809523809523809,0.19333333333333336,0.9733333333333334,1.0,0.026666666666666616,0.7142857142857143,0.8809523809523809,0.16666666666666663,22,7
23,0.6672367170464204,-0.17572006313185626,legacy67,minmax,0.6876190476190476,0.8809523809523809,0.19333333333333336,0.9733333333333334,1.0,0.026666666666666616,0.7142857142857143,0.8809523809523809,0.16666666666666663,22,7
23,0.7742116473996242,-0.1111402993522028,legacy67,minmax,0.6876190476190476,0.8809523809523809,0.19333333333333336,0.9733333333333334,1.0,0.026666666666666616,0.7142857142857143,0.8809523809523809,0.16666666666666663,22,7
23,0.9444574254983555,-0.02481761454243703,legacy67,minmax,0.677142857142857,0.8809523809523809,0.20380952380952388,0.9866666666666667,1.0,0.013333333333333308,0.6904761904761905,0.8809523809523809,0.19047619047619047,24,7
23,0.9565499215943818,-0.019292359554919238,legacy67,minmax,0.677142857142857,0.8809523809523809,0.20380952380952388,0.9866666666666667,1.0,0.013333333333333308,0.6904761904761905,0.8809523809523809,0.19047619047619047,24,7
23,1.1400863701127315,0.0569377536544464,legacy67,minmax,0.700952380952381,0.8809523809523809,0.17999999999999994,0.9866666666666667,1.0,0.013333333333333308,0.7142857142857143,0.8809523809523809,0.16666666666666663,26,7
23,1.2030178871154662,0.08027208471124325,legacy67,minmax,0.700952380952381,0.8809523809523809,0.17999999999999994,0.9866666666666667,1.0,0.013333333333333308,0.7142857142857143,0.8809523809523809,0.16666666666666663,27,7
23,1.2329098365270508,0.0909313175279762,legacy67,minmax,0.700952380952381,0.8809523809523809,0.17999999999999994,0.9866666666666667,1.0,0.013333333333333308,0.7142857142857143,0.8809523809523809,0.16666666666666663,27,7
23,1.2561043700013554,0.09902572652895136,legacy67,minmax,0.700952380952381,0.8809523809523809,0.17999999999999994,0.9866666666666667,1.0,0.013333333333333308,0.7142857142857143,0.8809523809523809,0.16666666666666663,28,7
23,1.4817820606039076,0.17078433263299386,legacy67,minmax,0.700952380952381,0.8809523809523809,0.17999999999999994,0.9866666666666667,1.0,0.013333333333333308,0.7142857142857143,0.8809523809523809,0.16666666666666663,30,7
23,1.5375920235481748,0.1868411173731186,legacy67,minmax,0.700952380952381,0.8809523809523809,0.17999999999999994,0.9866666666666667,1.0,0.013333333333333308,0.7142857142857143,0.8809523809523809,0.16666666666666663,30,7
23,1.7583640270008503,0.24510879027798493,legacy67,minmax,0.6876190476190476,0.8809523809523809,0.19333333333333336,0.9733333333333334,1.0,0.026666666666666616,0.7142857142857143,0.8809523809523809,0.16666666666666663,31,7
23,2.34238498471129,0.36965827544816987,legacy67,minmax,0.6504761904761904,0.8809523809523809,0.2304761904761905,0.96,1.0,0.040000000000000036,0.6904761904761905,0.8809523809523809,0.19047619047619047,31,7
23,2.4637685958997446,0.39159991524434057,legacy67,minmax,0.6504761904761904,0.8809523809523809,0.2304761904761905,0.96,1.0,0.040000000000000036,0.6904761904761905,0.8809523809523809,0.19047619047619047,31,7
23,2.4810409748678097,0.3946339367881464,legacy67,minmax,0.6742857142857144,0.8809523809523809,0.20666666666666655,0.96,1.0,0.040000000000000036,0.7142857142857143,0.8809523809523809,0.16666666666666663,31,7
23,2.5378155082656626,0.40446004697283516,legacy67,minmax,0.6742857142857144,0.8809523809523809,0.20666666666666655,0.96,1.0,0.040000000000000036,0.7142857142857143,0.8809523809523809,0.16666666666666663,31,7
23,2.692646910086177,0.43017940760575346,legacy67,minmax,0.6504761904761904,0.8809523809523809,0.2304761904761905,0.96,1.0,0.040000000000000036,0.6904761904761905,0.8809523809523809,0.19047619047619047,31,7
23,2.801635158716258,0.4474115788895179,legacy67,minmax,0.6504761904761904,0.8809523809523809,0.2304761904761905,0.96,1.0,0.040000000000000036,0.6904761904761905,0.8809523809523809,0.19047619047619047,31,7
23,3.113095956122122,0.4931925073102317,legacy67,minmax,0.6504761904761904,0.8809523809523809,0.2304761904761905,0.96,1.0,0.040000000000000036,0.6904761904761905,0.8809523809523809,0.19047619047619047,31,7
23,3.550012525851159,0.5502298854208525,legacy67,minmax,0.6504761904761904,0.8809523809523809,0.2304761904761905,0.96,1.0,0.040000000000000036,0.6904761904761905,0.8809523809523809,0.19047619047619047,32,7
23,4.467752817973904,0.6500891374159279,legacy67,minmax,0.6504761904761904,0.8809523809523809,0.2304761904761905,0.96,1.0,0.040000000000000036,0.6904761904761905,0.8809523809523809,0.19047619047619047,32,8
23,5.456725485601473,0.7369321060486276,legacy67,minmax,0.637142857142857,0.8809523809523809,0.24380952380952392,0.9466666666666667,1.0,0.053333333333333344,0.6904761904761905,0.8809523809523809,0.19047619047619047,33,8
23,6.72093005015611,0.8274293753904685,legacy67,minmax,0.637142857142857,0.8809523809523809,0.24380952380952392,0.9466666666666667,1.0,0.053333333333333344,0.6904761904761905,0.8809523809523809,0.19047619047619047,33,8
23,6.7965780907581514,0.832290311184182,legacy67,minmax,0.637142857142857,0.8809523809523809,0.24380952380952392,0.9466666666666667,1.0,0.053333333333333344,0.6904761904761905,0.8809523809523809,0.19047619047619047,33,8
23,7.128188058401357,0.85297914889198,legacy67,minmax,0.637142857142857,0.8809523809523809,0.24380952380952392,0.9466666666666667,1.0,0.053333333333333344,0.6904761904761905,0.8809523809523809,0.19047619047619047,33,8
23,8.241925264876443,0.9160286721639492,legacy67,minmax,0.637142857142857,0.8809523809523809,0.24380952380952392,0.9466666666666667,1.0,0.053333333333333344,0.6904761904761905,0.8809523809523809,0.19047619047619047,33,8
23,8.287522363768153,0.9184247133522563,legacy67,minmax,0.637142857142857,0.8809523809523809,0.24380952380952392,0.9466666666666667,1.0,0.053333333333333344,0.6904761904761905,0.8809523809523809,0.19047619047619047,33,8
23,8.471801418819974,0.9279757672456204,legacy67,minmax,0.637142857142857,0.8809523809523809,0.24380952380952392,0.9466666666666667,1.0,0.053333333333333344,0.6904761904761905,0.8809523809523809,0.19047619047619047,33,26
23,11.044350847124681,1.0431401944675898,legacy67,minmax,0.637142857142857,0.8809523809523809,0.24380952380952392,0.9466666666666667,1.0,0.053333333333333344,0.6904761904761905,0.8809523809523809,0.19047619047619047,33,27
23,12.130221181165155,1.083868719818244,legacy67,minmax,0.637142857142857,0.8809523809523809,0.24380952380952392,0.9466666666666667,1.0,0.053333333333333344,0.6904761904761905,0.8809523809523809,0.19047619047619047,33,27
23,12.164139351417056,1.085081386743783,legacy67,minmax,0.637142857142857,0.8809523809523809,0.24380952380952392,0.9466666666666667,1.0,0.053333333333333344,0.6904761904761905,0.8809523809523809,0.19047619047619047,33,27
23,12.273800987852958,1.0889790771866297,legacy67,minmax,0.637142857142857,0.8809523809523809,0.24380952380952392,0.9466666666666667,1.0,0.053333333333333344,0.6904761904761905,0.8809523809523809,0.19047619047619047,33,27
23,12.604664585649452,1.1005312934444582,legacy67,minmax,0.637142857142857,0.8676190476190477,0.23047619047619072,0.9466666666666667,0.9866666666666667,0.040000000000000036,0.6904761904761905,0.8809523809523809,0.19047619047619047,33,27
23,13.826232179369853,1.1407038455720544,legacy67,minmax,0.637142857142857,0.8676190476190477,0.23047619047619072,0.9466666666666667,0.9866666666666667,0.040000000000000036,0.6904761904761905,0.8809523809523809,0.19047619047619047,32,27
23,16.172900811143133,1.2087879230161587,legacy67,minmax,0.637142857142857,0.8676190476190477,0.23047619047619072,0.9466666666666667,0.9866666666666667,0.040000000000000036,0.6904761904761905,0.8809523809523809,0.19047619047619047,32,27
23,17.123375973163967,1.2335893924658445,legacy67,minmax,0.637142857142857,0.8676190476190477,0.23047619047619072,0.9466666666666667,0.9866666666666667,0.040000000000000036,0.6904761904761905,0.8809523809523809,0.19047619047619047,32,27
23,18.274508859816006,1.2618457138193366,legacy67,minmax,0.637142857142857,0.8780952380952383,0.24095238095238125,0.9466666666666667,0.9733333333333334,0.026666666666666727,0.6904761904761905,0.9047619047619048,0.2142857142857143,32,27
23,20.65142557895924,1.3149500366077174,legacy67,minmax,0.637142857142857,0.8780952380952383,0.24095238095238125,0.9466666666666667,0.9733333333333334,0.026666666666666727,0.6904761904761905,0.9047619047619048,0.2142857142857143,32,27
23,21.36832907235874,1.329770563201687,legacy67,minmax,0.637142857142857,0.8780952380952383,0.24095238095238125,0.9466666666666667,0.9733333333333334,0.026666666666666727,0.6904761904761905,0.9047619047619048,0.2142857142857143,32,27
23,28.340904295147727,1.452413703502374,legacy67,minmax,0.637142857142857,0.8780952380952383,0.24095238095238125,0.9466666666666667,0.9733333333333334,0.026666666666666727,0.6904761904761905,0.9047619047619048,0.2142857142857143,32,27
23,29.154431891537524,1.4647045830997407,legacy67,minmax,0.637142857142857,0.8780952380952383,0.24095238095238125,0.9466666666666667,0.9733333333333334,0.026666666666666727,0.6904761904761905,0.9047619047619048,0.2142857142857143,32,27
23,35.387588647792384,1.5488509703053062,legacy67,minmax,0.637142857142857,0.8780952380952383,0.24095238095238125,0.9466666666666667,0.9733333333333334,0.026666666666666727,0.6904761904761905,0.9047619047619048,0.2142857142857143,33,28
23,37.95853142670639,1.5793094017105953,legacy67,minmax,0.637142857142857,0.8780952380952383,0.24095238095238125,0.9466666666666667,0.9733333333333334,0.026666666666666727,0.6904761904761905,0.9047619047619048,0.2142857142857143,33,28
23,43.37920697490936,1.6372816083151283,legacy67,minmax,0.660952380952381,0.8780952380952383,0.2171428571428573,0.9466666666666667,0.9733333333333334,0.026666666666666727,0.7142857142857143,0.9047619047619048,0.19047619047619047,33,28
23,48.69640941520897,1.6874969400924673,legacy67,minmax,0.660952380952381,0.8780952380952383,0.2171428571428573,0.9466666666666667,0.9733333333333334,0.026666666666666727,0.7142857142857143,0.9047619047619048,0.19047619047619047,33,28
23,57.279044707996185,1.7579957662567565,legacy67,minmax,0.637142857142857,0.8780952380952383,0.24095238095238125,0.9466666666666667,0.9733333333333334,0.026666666666666727,0.6904761904761905,0.9047619047619048,0.2142857142857143,33,29
23,62.45139574743064,1.795542149013333,legacy67,minmax,0.637142857142857,0.8780952380952383,0.24095238095238125,0.9466666666666667,0.9733333333333334,0.026666666666666727,0.6904761904761905,0.9047619047619048,0.2142857142857143,33,29
23,63.512210106406926,1.8028572256396647,legacy67,minmax,0.637142857142857,0.8780952380952383,0.24095238095238125,0.9466666666666667,0.9733333333333334,0.026666666666666727,0.6904761904761905,0.9047619047619048,0.2142857142857143,33,29
23,72.86653737491037,1.8625281322982374,legacy67,minmax,0.637142857142857,0.8780952380952383,0.24095238095238125,0.9466666666666667,0.9733333333333334,0.026666666666666727,0.6904761904761905,0.9047619047619048,0.2142857142857143,33,30
23,75.56810141274423,1.8783385110582342,legacy67,minmax,0.637142857142857,0.8780952380952383,0.24095238095238125,0.9466666666666667,0.9733333333333334,0.026666666666666727,0.6904761904761905,0.9047619047619048,0.2142857142857143,33,30
23,75.79479953347995,1.8796394086479773,legacy67,minmax,0.637142857142857,0.8780952380952383,0.24095238095238125,0.9466666666666667,0.9733333333333334,0.026666666666666727,0.6904761904761905,0.9047619047619048,0.2142857142857143,33,30
23,88.62326508576248,1.9475477464020692,legacy67,minmax,0.637142857142857,0.8780952380952383,0.24095238095238125,0.9466666666666667,0.9733333333333334,0.026666666666666727,0.6904761904761905,0.9047619047619048,0.2142857142857143,33,32
24,0.010521761868451128,-1.9779115315055904,legacy67,minmax,0.0,0.0,0.0,1.0,1.0,0.0,0.0,0.0,0.0,0,0
24,0.012087541473056955,-1.9176620228167902,legacy67,minmax,0.0,0.0,0.0,1.0,1.0,0.0,0.0,0.0,0.0,0,0
24,0.01263794633808287,-1.8983234930236192,legacy67,minmax,0.0,0.0,0.0,1.0,1.0,0.0,0.0,0.0,0.0,0,0
24,0.013726318898045865,-1.8624459155391264,legacy67,minmax,0.0,0.0,0.0,1.0,1.0,0.0,0.0,0.0,0.0,0,0
24,0.0151673306880762,-1.8190908443578477,legacy67,minmax,0.0,0.0,0.0,1.0,1.0,0.0,0.0,0.0,0.0,0,0
24,0.015339162591163618,-1.814198349120009,legacy67,minmax,0.0,0.0,0.0,1.0,1.0,0.0,0.0,0.0,0.0,0,0
24,0.017073967431528118,-1.7676655513272022,legacy67,minmax,0.0,0.0,0.0,1.0,1.0,0.0,0.0,0.0,0.0,0,0
24,0.017956984225677628,-1.7457665988559055,legacy67,minmax,0.0,0.0,0.0,1.0,1.0,0.0,0.0,0.0,0.0,1,0
24,0.018205657658407252,-1.739793628058882,legacy67,minmax,0.0,0.0,0.0,1.0,1.0,0.0,0.0,0.0,0.0,1,0
24,0.019777828512462715,-1.7038213930636386,legacy67,minmax,0.0,0.0,0.0,1.0,1.0,0.0,0.0,0.0,0.0,2,1
24,0.01987021538542862,-1.7017974252809167,legacy67,minmax,0.0,0.0,0.0,1.0,1.0,0.0,0.0,0.0,0.0,2,1
24,0.022592797420156945,-1.646029991792322,legacy67,minmax,0.11904761904761907,0.0,-0.11904761904761907,1.0,1.0,0.0,0.11904761904761904,0.0,-0.11904761904761904,3,1
24,0.024586032763280048,-1.6093115439744645,legacy67,minmax,0.30952380952380953,0.5952380952380953,0.2857142857142858,1.0,1.0,0.0,0.30952380952380953,0.5952380952380952,0.2857142857142857,3,1
24,0.027012557725439066,-1.5684342920267822,legacy67,minmax,0.33333333333333326,0.5952380952380953,0.2619047619047621,1.0,1.0,0.0,0.3333333333333333,0.5952380952380952,0.2619047619047619,3,2
24,0.029072088906598435,-1.5365237618994811,legacy67,minmax,0.40476190476190466,0.5952380952380953,0.1904761904761907,1.0,1.0,0.0,0.40476190476190477,0.5952380952380952,0.19047619047619047,3,2
24,0.030086868214458433,-1.5216230162467932,legacy67,minmax,0.4285714285714286,0.5952380952380953,0.16666666666666674,1.0,1.0,0.0,0.42857142857142855,0.5952380952380952,0.16666666666666669,3,2
24,0.030771802712506853,-1.5118470606208847,legacy67,minmax,0.4285714285714286,0.5952380952380953,0.16666666666666674,1.0,1.0,0.0,0.42857142857142855,0.5952380952380952,0.16666666666666669,3,2
24,0.036138942712165265,-1.4420245573918327,legacy67,minmax,0.5952380952380953,0.5952380952380953,0.0,1.0,1.0,0.0,0.5952380952380952,0.5952380952380952,0.0,3,2
24,0.03661819220392428,-1.4363031001009494,legacy67,minmax,0.5952380952380953,0.5952380952380953,0.0,1.0,1.0,0.0,0.5952380952380952,0.5952380952380952,0.0,3,2
24,0.04207053950287936,-1.3760219186551894,legacy67,minmax,0.7142857142857144,0.5952380952380953,-0.11904761904761907,1.0,1.0,0.0,0.7142857142857143,0.5952380952380952,-0.11904761904761907,5,2
24,0.04207988669606635,-1.375925438230254,legacy67,minmax,0.7142857142857144,0.5952380952380953,-0.11904761904761907,1.0,1.0,0.0,0.7142857142857143,0.5952380952380952,-0.11904761904761907,5,2
24,0.04809461967501572,-1.3179035052508339,legacy67,minmax,0.7380952380952381,0.6666666666666665,-0.07142857142857162,1.0,1.0,0.0,0.7380952380952381,0.6666666666666666,-0.07142857142857151,5,3
24,0.05337032762603955,-1.2727001311715975,legacy67,minmax,0.7380952380952381,0.6666666666666665,-0.07142857142857162,1.0,1.0,0.0,0.7380952380952381,0.6666666666666666,-0.07142857142857151,5,3
24,0.05415244119402536,-1.2663819605862647,legacy67,minmax,0.7380952380952381,0.6666666666666665,-0.07142857142857162,1.0,1.0,0.0,0.7380952380952381,0.6666666666666666,-0.07142857142857151,5,3
24,0.05488047000766042,-1.2605821778978918,legacy67,minmax,0.7380952380952381,0.6666666666666665,-0.07142857142857162,1.0,1.0,0.0,0.7380952380952381,0.6666666666666666,-0.07142857142857151,5,3
24,0.060803901902965994,-1.2160685503234192,legacy67,minmax,0.7142857142857144,0.6904761904761905,-0.023809523809523947,1.0,1.0,0.0,0.7142857142857143,0.6904761904761905,-0.023809523809523836,5,5
24,0.06235377135673155,-1.2051372738633104,legacy67,minmax,0.7142857142857144,0.6904761904761905,-0.023809523809523947,1.0,1.0,0.0,0.7142857142857143,0.6904761904761905,-0.023809523809523836,5,5
24,0.06290644294586147,-1.201304871366561,legacy67,minmax,0.7142857142857144,0.6904761904761905,-0.023809523809523947,1.0,1.0,0.0,0.7142857142857143,0.6904761904761905,-0.023809523809523836,5,5
24,0.07068974950624601,-1.1506435572868954,legacy67,minmax,0.7380952380952381,0.7857142857142856,0.04761904761904745,1.0,1.0,0.0,0.7380952380952381,0.7857142857142857,0.04761904761904756,5,6
24,0.10842262717330158,-0.9648800735999323,legacy67,minmax,0.7723809523809524,0.8438095238095238,0.0714285714285714,0.9866666666666667,0.9866666666666667,0.0,0.7857142857142857,0.8571428571428571,0.0714285714285714,7,9
24,0.12172958098369964,-0.9146038729044164,legacy67,minmax,0.7723809523809524,0.8438095238095238,0.0714285714285714,0.9866666666666667,0.9866666666666667,0.0,0.7857142857142857,0.8571428571428571,0.0714285714285714,7,9
24,0.1329652145729951,-0.876261961250477,legacy67,minmax,0.7723809523809524,0.8438095238095238,0.0714285714285714,0.9866666666666667,0.9866666666666667,0.0,0.7857142857142857,0.8571428571428571,0.0714285714285714,8,9
24,0.14618962793704957,-0.8350834392078323,legacy67,minmax,0.7828571428571429,0.8914285714285715,0.10857142857142854,0.9733333333333334,0.9866666666666667,0.013333333333333308,0.8095238095238095,0.9047619047619048,0.09523809523809523,10,9
24,0.14742753159914665,-0.8314214058591274,legacy67,minmax,0.7828571428571429,0.8914285714285715,0.10857142857142854,0.9733333333333334,0.9866666666666667,0.013333333333333308,0.8095238095238095,0.9047619047619048,0.09523809523809523,10,9
24,0.16480446427978968,-0.7830310281618491,legacy67,minmax,0.7961904761904761,0.8914285714285715,0.09523809523809534,0.9866666666666667,0.9866666666666667,0.0,0.8095238095238095,0.9047619047619048,0.09523809523809523,12,9
24,0.16536937182824418,-0.7815449233065173,legacy67,minmax,0.7961904761904761,0.8914285714285715,0.09523809523809534,0.9866666666666667,0.9866666666666667,0.0,0.8095238095238095,0.9047619047619048,0.09523809523809523,12,9
24,0.1753594952976441,-0.7560707131373512,legacy67,minmax,0.7961904761904761,0.8914285714285715,0.09523809523809534,0.9866666666666667,0.9866666666666667,0.0,0.8095238095238095,0.9047619047619048,0.09523809523809523,13,9
24,0.17654048052495064,-0.7531556956423562,legacy67,minmax,0.7961904761904761,0.8914285714285715,0.09523809523809534,0.9866666666666667,0.9866666666666667,0.0,0.8095238095238095,0.9047619047619048,0.09523809523809523,13,9
24,0.1998634077852887,-0.6992667118930118,legacy67,minmax,0.7961904761904761,0.8914285714285715,0.09523809523809534,0.9866666666666667,0.9866666666666667,0.0,0.8095238095238095,0.9047619047619048,0.09523809523809523,13,10
24,0.2001342062287997,-0.6986786769469426,legacy67,minmax,0.7961904761904761,0.8914285714285715,0.09523809523809534,0.9866666666666667,0.9866666666666667,0.0,0.8095238095238095,0.9047619047619048,0.09523809523809523,13,10
24,0.21066486017042194,-0.6764079005894033,legacy67,minmax,0.7961904761904761,0.8914285714285715,0.09523809523809534,0.9866666666666667,0.9866666666666667,0.0,0.8095238095238095,0.9047619047619048,0.09523809523809523,13,10
24,0.2673088310781669,-0.5729866932256429,legacy67,minmax,0.8438095238095238,0.8914285714285715,0.04761904761904767,0.9866666666666667,0.9866666666666667,0.0,0.8571428571428571,0.9047619047619048,0.04761904761904767,15,9
24,0.2715581955282939,-0.5661370858229096,legacy67,minmax,0.8438095238095238,0.8914285714285715,0.04761904761904767,0.9866666666666667,0.9866666666666667,0.0,0.8571428571428571,0.9047619047619048,0.04761904761904767,15,9
24,0.292043384718141,-0.5345526268252332,legacy67,minmax,0.8438095238095238,0.8914285714285715,0.04761904761904767,0.9866666666666667,0.9866666666666667,0.0,0.8571428571428571,0.9047619047619048,0.04761904761904767,15,9
24,0.314891164795686,-0.50183952461055,legacy67,minmax,0.8571428571428572,0.8914285714285715,0.03428571428571425,1.0,0.9866666666666667,-0.013333333333333308,0.8571428571428571,0.9047619047619048,0.04761904761904767,16,9
24,0.35868164986275475,-0.44529084124207197,legacy67,minmax,0.8571428571428572,0.9152380952380952,0.05809523809523798,1.0,0.9866666666666667,-0.013333333333333308,0.8571428571428571,0.9285714285714286,0.07142857142857151,17,9
24,0.5130551760589832,-0.2898359265658015,legacy67,minmax,0.8304761904761904,0.901904761904762,0.07142857142857162,0.9733333333333334,0.9733333333333334,0.0,0.8571428571428571,0.9285714285714286,0.07142857142857151,20,9
24,0.5342937261279772,-0.27221992543153695,legacy67,minmax,0.8304761904761904,0.901904761904762,0.07142857142857162,0.9733333333333334,0.9733333333333334,0.0,0.8571428571428571,0.9285714285714286,0.07142857142857151,20,9
24,0.5762487216478598,-0.23939002504159476,legacy67,minmax,0.8304761904761904,0.901904761904762,0.07142857142857162,0.9733333333333334,0.9733333333333334,0.0,0.8571428571428571,0.9285714285714286,0.07142857142857151,21,9
24,0.6672367170464204,-0.17572006313185626,legacy67,minmax,0.8304761904761904,0.901904761904762,0.07142857142857162,0.9733333333333334,0.9733333333333334,0.0,0.8571428571428571,0.9285714285714286,0.07142857142857151,21,9
24,0.7742116473996242,-0.1111402993522028,legacy67,minmax,0.7828571428571429,0.901904761904762,0.11904761904761907,0.9733333333333334,0.9733333333333334,0.0,0.8095238095238095,0.9285714285714286,0.11904761904761907,21,9
24,0.9444574254983555,-0.02481761454243703,legacy67,minmax,0.7828571428571429,0.9257142857142857,0.1428571428571428,0.9733333333333334,0.9733333333333334,0.0,0.8095238095238095,0.9523809523809523,0.1428571428571428,25,9
24,0.9565499215943818,-0.019292359554919238,legacy67,minmax,0.7590476190476192,0.9257142857142857,0.16666666666666652,0.9733333333333334,0.9733333333333334,0.0,0.7857142857142857,0.9523809523809523,0.16666666666666663,25,9
24,1.1400863701127315,0.0569377536544464,legacy67,minmax,0.7590476190476192,0.8990476190476189,0.13999999999999968,0.9733333333333334,0.9466666666666667,-0.026666666666666727,0.7857142857142857,0.9523809523809523,0.16666666666666663,26,9
24,1.2030178871154662,0.08027208471124325,legacy67,minmax,0.7590476190476192,0.8990476190476189,0.13999999999999968,0.9733333333333334,0.9466666666666667,-0.026666666666666727,0.7857142857142857,0.9523809523809523,0.16666666666666663,26,9
24,1.2329098365270508,0.0909313175279762,legacy67,minmax,0.7590476190476192,0.8990476190476189,0.13999999999999968,0.9733333333333334,0.9466666666666667,-0.026666666666666727,0.7857142857142857,0.9523809523809523,0.16666666666666663,26,9
24,1.2561043700013554,0.09902572652895136,legacy67,minmax,0.7590476190476192,0.8990476190476189,0.13999999999999968,0.9733333333333334,0.9466666666666667,-0.026666666666666727,0.7857142857142857,0.9523809523809523,0.16666666666666663,26,9
24,1.4817820606039076,0.17078433263299386,legacy67,minmax,0.7590476190476192,0.8990476190476189,0.13999999999999968,0.9733333333333334,0.9466666666666667,-0.026666666666666727,0.7857142857142857,0.9523809523809523,0.16666666666666663,29,9
24,1.5375920235481748,0.1868411173731186,legacy67,minmax,0.7590476190476192,0.8990476190476189,0.13999999999999968,0.9733333333333334,0.9466666666666667,-0.026666666666666727,0.7857142857142857,0.9523809523809523,0.16666666666666663,30,9
24,1.7583640270008503,0.24510879027798493,legacy67,minmax,0.7590476190476192,0.8990476190476189,0.13999999999999968,0.9733333333333334,0.9466666666666667,-0.026666666666666727,0.7857142857142857,0.9523809523809523,0.16666666666666663,32,9
24,2.34238498471129,0.36965827544816987,legacy67,minmax,0.7457142857142856,0.8990476190476189,0.15333333333333332,0.96,0.9466666666666667,-0.013333333333333308,0.7857142857142857,0.9523809523809523,0.16666666666666663,32,9
24,2.4637685958997446,0.39159991524434057,legacy67,minmax,0.7457142857142856,0.8990476190476189,0.15333333333333332,0.96,0.9466666666666667,-0.013333333333333308,0.7857142857142857,0.9523809523809523,0.16666666666666663,31,9
24,2.4810409748678097,0.3946339367881464,legacy67,minmax,0.7457142857142856,0.8990476190476189,0.15333333333333332,0.96,0.9466666666666667,-0.013333333333333308,0.7857142857142857,0.9523809523809523,0.16666666666666663,31,9
24,2.5378155082656626,0.40446004697283516,legacy67,minmax,0.7457142857142856,0.8990476190476189,0.15333333333333332,0.96,0.9466666666666667,-0.013333333333333308,0.7857142857142857,0.9523809523809523,0.16666666666666663,31,9
24,2.692646910086177,0.43017940760575346,legacy67,minmax,0.7457142857142856,0.8990476190476189,0.15333333333333332,0.96,0.9466666666666667,-0.013333333333333308,0.7857142857142857,0.9523809523809523,0.16666666666666663,31,9
24,2.801635158716258,0.4474115788895179,legacy67,minmax,0.7457142857142856,0.8990476190476189,0.15333333333333332,0.96,0.9466666666666667,-0.013333333333333308,0.7857142857142857,0.9523809523809523,0.16666666666666663,31,9
24,3.113095956122122,0.4931925073102317,legacy67,minmax,0.7590476190476192,0.8990476190476189,0.13999999999999968,0.9733333333333334,0.9466666666666667,-0.026666666666666727,0.7857142857142857,0.9523809523809523,0.16666666666666663,31,9
24,3.550012525851159,0.5502298854208525,legacy67,minmax,0.7590476190476192,0.8990476190476189,0.13999999999999968,0.9733333333333334,0.9466666666666667,-0.026666666666666727,0.7857142857142857,0.9523809523809523,0.16666666666666663,31,9
24,4.467752817973904,0.6500891374159279,legacy67,minmax,0.7590476190476192,0.8990476190476189,0.13999999999999968,0.9733333333333334,0.9466666666666667,-0.026666666666666727,0.7857142857142857,0.9523809523809523,0.16666666666666663,31,9
24,5.456725485601473,0.7369321060486276,legacy67,minmax,0.7590476190476192,0.8990476190476189,0.13999999999999968,0.9733333333333334,0.9466666666666667,-0.026666666666666727,0.7857142857142857,0.9523809523809523,0.16666666666666663,31,9
24,6.72093005015611,0.8274293753904685,legacy67,minmax,0.7590476190476192,0.8990476190476189,0.13999999999999968,0.9733333333333334,0.9466666666666667,-0.026666666666666727,0.7857142857142857,0.9523809523809523,0.16666666666666663,32,9
24,6.7965780907581514,0.832290311184182,legacy67,minmax,0.7590476190476192,0.8990476190476189,0.13999999999999968,0.9733333333333334,0.9466666666666667,-0.026666666666666727,0.7857142857142857,0.9523809523809523,0.16666666666666663,32,9
24,7.128188058401357,0.85297914889198,legacy67,minmax,0.7590476190476192,0.8990476190476189,0.13999999999999968,0.9733333333333334,0.9466666666666667,-0.026666666666666727,0.7857142857142857,0.9523809523809523,0.16666666666666663,32,9
24,8.241925264876443,0.9160286721639492,legacy67,minmax,0.7590476190476192,0.8990476190476189,0.13999999999999968,0.9733333333333334,0.9466666666666667,-0.026666666666666727,0.7857142857142857,0.9523809523809523,0.16666666666666663,32,29
24,8.287522363768153,0.9184247133522563,legacy67,minmax,0.7590476190476192,0.8990476190476189,0.13999999999999968,0.9733333333333334,0.9466666666666667,-0.026666666666666727,0.7857142857142857,0.9523809523809523,0.16666666666666663,32,29
24,8.471801418819974,0.9279757672456204,legacy67,minmax,0.7590476190476192,0.8990476190476189,0.13999999999999968,0.9733333333333334,0.9466666666666667,-0.026666666666666727,0.7857142857142857,0.9523809523809523,0.16666666666666663,32,30
24,11.044350847124681,1.0431401944675898,legacy67,minmax,0.7590476190476192,0.8990476190476189,0.13999999999999968,0.9733333333333334,0.9466666666666667,-0.026666666666666727,0.7857142857142857,0.9523809523809523,0.16666666666666663,32,31
24,12.130221181165155,1.083868719818244,legacy67,minmax,0.7352380952380952,0.8990476190476189,0.16380952380952363,0.9733333333333334,0.9466666666666667,-0.026666666666666727,0.7619047619047619,0.9523809523809523,0.19047619047619047,32,31
24,12.164139351417056,1.085081386743783,legacy67,minmax,0.7352380952380952,0.8990476190476189,0.16380952380952363,0.9733333333333334,0.9466666666666667,-0.026666666666666727,0.7619047619047619,0.9523809523809523,0.19047619047619047,32,31
24,12.273800987852958,1.0889790771866297,legacy67,minmax,0.7352380952380952,0.8990476190476189,0.16380952380952363,0.9733333333333334,0.9466666666666667,-0.026666666666666727,0.7619047619047619,0.9523809523809523,0.19047619047619047,32,31
24,12.604664585649452,1.1005312934444582,legacy67,minmax,0.7352380952380952,0.8990476190476189,0.16380952380952363,0.9733333333333334,0.9466666666666667,-0.026666666666666727,0.7619047619047619,0.9523809523809523,0.19047619047619047,33,31
24,13.826232179369853,1.1407038455720544,legacy67,minmax,0.7352380952380952,0.8990476190476189,0.16380952380952363,0.9733333333333334,0.9466666666666667,-0.026666666666666727,0.7619047619047619,0.9523809523809523,0.19047619047619047,33,31
24,16.172900811143133,1.2087879230161587,legacy67,minmax,0.7352380952380952,0.8990476190476189,0.16380952380952363,0.9733333333333334,0.9466666666666667,-0.026666666666666727,0.7619047619047619,0.9523809523809523,0.19047619047619047,33,31
24,17.123375973163967,1.2335893924658445,legacy67,minmax,0.7352380952380952,0.8990476190476189,0.16380952380952363,0.9733333333333334,0.9466666666666667,-0.026666666666666727,0.7619047619047619,0.9523809523809523,0.19047619047619047,33,31
24,18.274508859816006,1.2618457138193366,legacy67,minmax,0.7352380952380952,0.8990476190476189,0.16380952380952363,0.9733333333333334,0.9466666666666667,-0.026666666666666727,0.7619047619047619,0.9523809523809523,0.19047619047619047,33,31
24,20.65142557895924,1.3149500366077174,legacy67,minmax,0.7352380952380952,0.8990476190476189,0.16380952380952363,0.9733333333333334,0.9466666666666667,-0.026666666666666727,0.7619047619047619,0.9523809523809523,0.19047619047619047,33,31
24,21.36832907235874,1.329770563201687,legacy67,minmax,0.7352380952380952,0.8990476190476189,0.16380952380952363,0.9733333333333334,0.9466666666666667,-0.026666666666666727,0.7619047619047619,0.9523809523809523,0.19047619047619047,33,31
24,28.340904295147727,1.452413703502374,legacy67,minmax,0.7352380952380952,0.8752380952380951,0.1399999999999999,0.9733333333333334,0.9466666666666667,-0.026666666666666727,0.7619047619047619,0.9285714285714286,0.16666666666666674,33,31
24,29.154431891537524,1.4647045830997407,legacy67,minmax,0.7352380952380952,0.8752380952380951,0.1399999999999999,0.9733333333333334,0.9466666666666667,-0.026666666666666727,0.7619047619047619,0.9285714285714286,0.16666666666666674,33,31
24,35.387588647792384,1.5488509703053062,legacy67,minmax,0.7352380952380952,0.8752380952380951,0.1399999999999999,0.9733333333333334,0.9466666666666667,-0.026666666666666727,0.7619047619047619,0.9285714285714286,0.16666666666666674,33,31
24,37.95853142670639,1.5793094017105953,legacy67,minmax,0.7352380952380952,0.8752380952380951,0.1399999999999999,0.9733333333333334,0.9466666666666667,-0.026666666666666727,0.7619047619047619,0.9285714285714286,0.16666666666666674,33,31
24,43.37920697490936,1.6372816083151283,legacy67,minmax,0.7352380952380952,0.8752380952380951,0.1399999999999999,0.9733333333333334,0.9466666666666667,-0.026666666666666727,0.7619047619047619,0.9285714285714286,0.16666666666666674,33,31
24,48.69640941520897,1.6874969400924673,legacy67,minmax,0.7352380952380952,0.8752380952380951,0.1399999999999999,0.9733333333333334,0.9466666666666667,-0.026666666666666727,0.7619047619047619,0.9285714285714286,0.16666666666666674,33,31
24,57.279044707996185,1.7579957662567565,legacy67,minmax,0.7590476190476192,0.8752380952380951,0.11619047619047596,0.9733333333333334,0.9466666666666667,-0.026666666666666727,0.7857142857142857,0.9285714285714286,0.1428571428571429,33,32
24,62.45139574743064,1.795542149013333,legacy67,minmax,0.7590476190476192,0.8752380952380951,0.11619047619047596,0.9733333333333334,0.9466666666666667,-0.026666666666666727,0.7857142857142857,0.9285714285714286,0.1428571428571429,33,32
24,63.512210106406926,1.8028572256396647,legacy67,minmax,0.7590476190476192,0.8752380952380951,0.11619047619047596,0.9733333333333334,0.9466666666666667,-0.026666666666666727,0.7857142857142857,0.9285714285714286,0.1428571428571429,33,32
24,72.86653737491037,1.8625281322982374,legacy67,minmax,0.7590476190476192,0.8752380952380951,0.11619047619047596,0.9733333333333334,0.9466666666666667,-0.026666666666666727,0.7857142857142857,0.9285714285714286,0.1428571428571429,33,32
24,75.56810141274423,1.8783385110582342,legacy67,minmax,0.7590476190476192,0.8752380952380951,0.11619047619047596,0.9733333333333334,0.9466666666666667,-0.026666666666666727,0.7857142857142857,0.9285714285714286,0.1428571428571429,33,32
24,75.79479953347995,1.8796394086479773,legacy67,minmax,0.7590476190476192,0.8752380952380951,0.11619047619047596,0.9733333333333334,0.9466666666666667,-0.026666666666666727,0.7857142857142857,0.9285714285714286,0.1428571428571429,33,32
24,88.62326508576248,1.9475477464020692,legacy67,minmax,0.7590476190476192,0.8752380952380951,0.11619047619047596,0.9733333333333334,0.9466666666666667,-0.026666666666666727,0.7857142857142857,0.9285714285714286,0.1428571428571429,33,32
25,0.010521761868451128,-1.9779115315055904,legacy67,minmax,0.0,0.0,0.0,1.0,1.0,0.0,0.0,0.0,0.0,0,0
25,0.012087541473056955,-1.9176620228167902,legacy67,minmax,0.0,0.0,0.0,1.0,1.0,0.0,0.0,0.0,0.0,0,0
25,0.01263794633808287,-1.8983234930236192,legacy67,minmax,0.0,0.0,0.0,1.0,1.0,0.0,0.0,0.0,0.0,0,0
25,0.013726318898045865,-1.8624459155391264,legacy67,minmax,0.0,0.0,0.0,1.0,1.0,0.0,0.0,0.0,0.0,0,0
25,0.0151673306880762,-1.8190908443578477,legacy67,minmax,0.0,0.0,0.0,1.0,1.0,0.0,0.0,0.0,0.0,0,0
25,0.015339162591163618,-1.814198349120009,legacy67,minmax,0.0,0.0,0.0,1.0,1.0,0.0,0.0,0.0,0.0,0,0
25,0.017073967431528118,-1.7676655513272022,legacy67,minmax,0.0,0.0,0.0,1.0,1.0,0.0,0.0,0.0,0.0,1,1
25,0.017956984225677628,-1.7457665988559055,legacy67,minmax,0.0,0.0,0.0,1.0,1.0,0.0,0.0,0.0,0.0,2,1
25,0.018205657658407252,-1.739793628058882,legacy67,minmax,0.0,0.0,0.0,1.0,1.0,0.0,0.0,0.0,0.0,2,1
25,0.019777828512462715,-1.7038213930636386,legacy67,minmax,0.0,0.0,0.0,1.0,1.0,0.0,0.0,0.0,0.0,3,1
25,0.01987021538542862,-1.7017974252809167,legacy67,minmax,0.0,0.0,0.0,1.0,1.0,0.0,0.0,0.0,0.0,3,1
25,0.022592797420156945,-1.646029991792322,legacy67,minmax,0.09523809523809534,0.45238095238095233,0.357142857142857,1.0,1.0,0.0,0.09523809523809523,0.4523809523809524,0.35714285714285715,3,1
25,0.024586032763280048,-1.6093115439744645,legacy67,minmax,0.16666666666666674,0.45238095238095233,0.2857142857142856,1.0,1.0,0.0,0.16666666666666666,0.4523809523809524,0.2857142857142857,3,1
25,0.027012557725439066,-1.5684342920267822,legacy67,minmax,0.2857142857142856,0.45238095238095233,0.16666666666666674,1.0,1.0,0.0,0.2857142857142857,0.4523809523809524,0.16666666666666669,3,2
25,0.029072088906598435,-1.5365237618994811,legacy67,minmax,0.3571428571428572,0.45238095238095233,0.09523809523809512,1.0,1.0,0.0,0.35714285714285715,0.4523809523809524,0.09523809523809523,3,2
25,0.030086868214458433,-1.5216230162467932,legacy67,minmax,0.3571428571428572,0.45238095238095233,0.09523809523809512,1.0,1.0,0.0,0.35714285714285715,0.4523809523809524,0.09523809523809523,3,2
25,0.030771802712506853,-1.5118470606208847,legacy67,minmax,0.3571428571428572,0.45238095238095233,0.09523809523809512,1.0,1.0,0.0,0.35714285714285715,0.4523809523809524,0.09523809523809523,3,2
25,0.036138942712165265,-1.4420245573918327,legacy67,minmax,0.4761904761904763,0.45238095238095233,-0.023809523809523947,1.0,1.0,0.0,0.47619047619047616,0.4523809523809524,-0.02380952380952378,3,2
25,0.03661819220392428,-1.4363031001009494,legacy67,minmax,0.4761904761904763,0.45238095238095233,-0.023809523809523947,1.0,1.0,0.0,0.47619047619047616,0.4523809523809524,-0.02380952380952378,4,2
25,0.04207053950287936,-1.3760219186551894,legacy67,minmax,0.5476190476190477,0.45238095238095233,-0.09523809523809534,1.0,1.0,0.0,0.5476190476190477,0.4523809523809524,-0.09523809523809529,5,3
25,0.04207988669606635,-1.375925438230254,legacy67,minmax,0.5476190476190477,0.45238095238095233,-0.09523809523809534,1.0,1.0,0.0,0.5476190476190477,0.4523809523809524,-0.09523809523809529,5,3
25,0.04809461967501572,-1.3179035052508339,legacy67,minmax,0.5714285714285714,0.4761904761904763,-0.09523809523809512,1.0,1.0,0.0,0.5714285714285714,0.47619047619047616,-0.09523809523809523,5,4
25,0.05337032762603955,-1.2727001311715975,legacy67,minmax,0.6190476190476191,0.5476190476190477,-0.0714285714285714,1.0,1.0,0.0,0.6190476190476191,0.5476190476190477,-0.0714285714285714,5,4
25,0.05415244119402536,-1.2663819605862647,legacy67,minmax,0.6190476190476191,0.5476190476190477,-0.0714285714285714,1.0,1.0,0.0,0.6190476190476191,0.5476190476190477,-0.0714285714285714,5,4
25,0.05488047000766042,-1.2605821778978918,legacy67,minmax,0.6190476190476191,0.5476190476190477,-0.0714285714285714,1.0,1.0,0.0,0.6190476190476191,0.5476190476190477,-0.0714285714285714,5,4
25,0.060803901902965994,-1.2160685503234192,legacy67,minmax,0.6190476190476191,0.5476190476190477,-0.0714285714285714,1.0,1.0,0.0,0.6190476190476191,0.5476190476190477,-0.0714285714285714,5,4
25,0.06235377135673155,-1.2051372738633104,legacy67,minmax,0.6190476190476191,0.5476190476190477,-0.0714285714285714,1.0,1.0,0.0,0.6190476190476191,0.5476190476190477,-0.0714285714285714,5,6
25,0.06290644294586147,-1.201304871366561,legacy67,minmax,0.6190476190476191,0.5476190476190477,-0.0714285714285714,1.0,1.0,0.0,0.6190476190476191,0.5476190476190477,-0.0714285714285714,5,6
25,0.07068974950624601,-1.1506435572868954,legacy67,minmax,0.6190476190476191,0.6190476190476191,0.0,1.0,1.0,0.0,0.6190476190476191,0.6190476190476191,0.0,5,6
25,0.10842262717330158,-0.9648800735999323,legacy67,minmax,0.6904761904761905,0.700952380952381,0.010476190476190528,1.0,0.9866666666666667,-0.013333333333333308,0.6904761904761905,0.7142857142857143,0.023809523809523836,9,6
25,0.12172958098369964,-0.9146038729044164,legacy67,minmax,0.6904761904761905,0.7247619047619049,0.034285714285714475,1.0,0.9866666666666667,-0.013333333333333308,0.6904761904761905,0.7380952380952381,0.04761904761904767,9,8
25,0.1329652145729951,-0.876261961250477,legacy67,minmax,0.7142857142857144,0.7247619047619049,0.010476190476190528,1.0,0.9866666666666667,-0.013333333333333308,0.7142857142857143,0.7380952380952381,0.023809523809523836,10,8
25,0.14618962793704957,-0.8350834392078323,legacy67,minmax,0.7380952380952381,0.7485714285714287,0.010476190476190528,1.0,0.9866666666666667,-0.013333333333333308,0.7380952380952381,0.7619047619047619,0.023809523809523725,11,8
25,0.14742753159914665,-0.8314214058591274,legacy67,minmax,0.7380952380952381,0.7485714285714287,0.010476190476190528,1.0,0.9866666666666667,-0.013333333333333308,0.7380952380952381,0.7619047619047619,0.023809523809523725,11,8
25,0.16480446427978968,-0.7830310281618491,legacy67,minmax,0.7142857142857144,0.7485714285714287,0.03428571428571425,1.0,0.9866666666666667,-0.013333333333333308,0.7142857142857143,0.7619047619047619,0.04761904761904756,11,8
25,0.16536937182824418,-0.7815449233065173,legacy67,minmax,0.7142857142857144,0.7485714285714287,0.03428571428571425,1.0,0.9866666666666667,-0.013333333333333308,0.7142857142857143,0.7619047619047619,0.04761904761904756,11,8
25,0.1753594952976441,-0.7560707131373512,legacy67,minmax,0.7142857142857144,0.7723809523809524,0.05809523809523798,1.0,0.9866666666666667,-0.013333333333333308,0.7142857142857143,0.7857142857142857,0.0714285714285714,12,8
25,0.17654048052495064,-0.7531556956423562,legacy67,minmax,0.7142857142857144,0.7723809523809524,0.05809523809523798,1.0,0.9866666666666667,-0.013333333333333308,0.7142857142857143,0.7857142857142857,0.0714285714285714,12,8
25,0.1998634077852887,-0.6992667118930118,legacy67,minmax,0.7142857142857144,0.7723809523809524,0.05809523809523798,1.0,0.9866666666666667,-0.013333333333333308,0.7142857142857143,0.7857142857142857,0.0714285714285714,13,9
25,0.2001342062287997,-0.6986786769469426,legacy67,minmax,0.7142857142857144,0.7723809523809524,0.05809523809523798,1.0,0.9866666666666667,-0.013333333333333308,0.7142857142857143,0.7857142857142857,0.0714285714285714,13,9
25,0.21066486017042194,-0.6764079005894033,legacy67,minmax,0.7142857142857144,0.7723809523809524,0.05809523809523798,1.0,0.9866666666666667,-0.013333333333333308,0.7142857142857143,0.7857142857142857,0.0714285714285714,13,9
25,0.2673088310781669,-0.5729866932256429,legacy67,minmax,0.6904761904761905,0.7723809523809524,0.08190476190476192,1.0,0.9866666666666667,-0.013333333333333308,0.6904761904761905,0.7857142857142857,0.09523809523809523,15,10
25,0.2715581955282939,-0.5661370858229096,legacy67,minmax,0.6904761904761905,0.7723809523809524,0.08190476190476192,1.0,0.9866666666666667,-0.013333333333333308,0.6904761904761905,0.7857142857142857,0.09523809523809523,15,10
25,0.292043384718141,-0.5345526268252332,legacy67,minmax,0.6904761904761905,0.7723809523809524,0.08190476190476192,1.0,0.9866666666666667,-0.013333333333333308,0.6904761904761905,0.7857142857142857,0.09523809523809523,15,10
25,0.314891164795686,-0.50183952461055,legacy67,minmax,0.6904761904761905,0.7723809523809524,0.08190476190476192,1.0,0.9866666666666667,-0.013333333333333308,0.6904761904761905,0.7857142857142857,0.09523809523809523,17,10
25,0.35868164986275475,-0.44529084124207197,legacy67,minmax,0.6904761904761905,0.7723809523809524,0.08190476190476192,1.0,0.9866666666666667,-0.013333333333333308,0.6904761904761905,0.7857142857142857,0.09523809523809523,19,10
25,0.5130551760589832,-0.2898359265658015,legacy67,minmax,0.677142857142857,0.7723809523809524,0.09523809523809534,0.9866666666666667,0.9866666666666667,0.0,0.6904761904761905,0.7857142857142857,0.09523809523809523,20,10
25,0.5342937261279772,-0.27221992543153695,legacy67,minmax,0.677142857142857,0.7723809523809524,0.09523809523809534,0.9866666666666667,0.9866666666666667,0.0,0.6904761904761905,0.7857142857142857,0.09523809523809523,20,10
25,0.5762487216478598,-0.23939002504159476,legacy67,minmax,0.677142857142857,0.7723809523809524,0.09523809523809534,0.9866666666666667,0.9866666666666667,0.0,0.6904761904761905,0.7857142857142857,0.09523809523809523,20,8
25,0.6672367170464204,-0.17572006313185626,legacy67,minmax,0.677142857142857,0.7723809523809524,0.09523809523809534,0.9866666666666667,0.9866666666666667,0.0,0.6904761904761905,0.7857142857142857,0.09523809523809523,21,8
25,0.7742116473996242,-0.1111402993522028,legacy67,minmax,0.677142857142857,0.7723809523809524,0.09523809523809534,0.9866666666666667,0.9866666666666667,0.0,0.6904761904761905,0.7857142857142857,0.09523809523809523,21,8
25,0.9444574254983555,-0.02481761454243703,legacy67,minmax,0.6533333333333333,0.7723809523809524,0.11904761904761907,0.9866666666666667,0.9866666666666667,0.0,0.6666666666666666,0.7857142857142857,0.11904761904761907,22,8
25,0.9565499215943818,-0.019292359554919238,legacy67,minmax,0.6295238095238096,0.7723809523809524,0.1428571428571428,0.9866666666666667,0.9866666666666667,0.0,0.6428571428571429,0.7857142857142857,0.1428571428571428,23,8
25,1.1400863701127315,0.0569377536544464,legacy67,minmax,0.6295238095238096,0.8200000000000001,0.19047619047619047,0.9866666666666667,0.9866666666666667,0.0,0.6428571428571429,0.8333333333333334,0.19047619047619047,24,8
25,1.2030178871154662,0.08027208471124325,legacy67,minmax,0.6295238095238096,0.8200000000000001,0.19047619047619047,0.9866666666666667,0.9866666666666667,0.0,0.6428571428571429,0.8333333333333334,0.19047619047619047,25,8
25,1.2329098365270508,0.0909313175279762,legacy67,minmax,0.6295238095238096,0.8200000000000001,0.19047619047619047,0.9866666666666667,0.9866666666666667,0.0,0.6428571428571429,0.8333333333333334,0.19047619047619047,25,8
25,1.2561043700013554,0.09902572652895136,legacy67,minmax,0.6295238095238096,0.8200000000000001,0.19047619047619047,0.9866666666666667,0.9866666666666667,0.0,0.6428571428571429,0.8333333333333334,0.19047619047619047,25,8
25,1.4817820606039076,0.17078433263299386,legacy67,minmax,0.6533333333333333,0.8200000000000001,0.16666666666666674,0.9866666666666667,0.9866666666666667,0.0,0.6666666666666666,0.8333333333333334,0.16666666666666674,27,8
25,1.5375920235481748,0.1868411173731186,legacy67,minmax,0.677142857142857,0.8200000000000001,0.14285714285714302,0.9866666666666667,0.9866666666666667,0.0,0.6904761904761905,0.8333333333333334,0.1428571428571429,28,8
25,1.7583640270008503,0.24510879027798493,legacy67,minmax,0.677142857142857,0.8200000000000001,0.14285714285714302,0.9866666666666667,0.9866666666666667,0.0,0.6904761904761905,0.8333333333333334,0.1428571428571429,28,8
25,2.34238498471129,0.36965827544816987,legacy67,minmax,0.677142857142857,0.8200000000000001,0.14285714285714302,0.9866666666666667,0.9866666666666667,0.0,0.6904761904761905,0.8333333333333334,0.1428571428571429,30,8
25,2.4637685958997446,0.39159991524434057,legacy67,minmax,0.677142857142857,0.8200000000000001,0.14285714285714302,0.9866666666666667,0.9866666666666667,0.0,0.6904761904761905,0.8333333333333334,0.1428571428571429,30,8
25,2.4810409748678097,0.3946339367881464,legacy67,minmax,0.677142857142857,0.8200000000000001,0.14285714285714302,0.9866666666666667,0.9866666666666667,0.0,0.6904761904761905,0.8333333333333334,0.1428571428571429,30,8
25,2.5378155082656626,0.40446004697283516,legacy67,minmax,0.677142857142857,0.8200000000000001,0.14285714285714302,0.9866666666666667,0.9866666666666667,0.0,0.6904761904761905,0.8333333333333334,0.1428571428571429,30,8
25,2.692646910086177,0.43017940760575346,legacy67,minmax,0.677142857142857,0.8200000000000001,0.14285714285714302,0.9866666666666667,0.9866666666666667,0.0,0.6904761904761905,0.8333333333333334,0.1428571428571429,30,8
25,2.801635158716258,0.4474115788895179,legacy67,minmax,0.677142857142857,0.8200000000000001,0.14285714285714302,0.9866666666666667,0.9866666666666667,0.0,0.6904761904761905,0.8333333333333334,0.1428571428571429,30,8
25,3.113095956122122,0.4931925073102317,legacy67,minmax,0.677142857142857,0.8200000000000001,0.14285714285714302,0.9866666666666667,0.9866666666666667,0.0,0.6904761904761905,0.8333333333333334,0.1428571428571429,30,8
25,3.550012525851159,0.5502298854208525,legacy67,minmax,0.6533333333333333,0.8200000000000001,0.16666666666666674,0.9866666666666667,0.9866666666666667,0.0,0.6666666666666666,0.8333333333333334,0.16666666666666674,31,8
25,4.467752817973904,0.6500891374159279,legacy67,minmax,0.6533333333333333,0.8200000000000001,0.16666666666666674,0.9866666666666667,0.9866666666666667,0.0,0.6666666666666666,0.8333333333333334,0.16666666666666674,31,8
25,5.456725485601473,0.7369321060486276,legacy67,minmax,0.6533333333333333,0.8200000000000001,0.16666666666666674,0.9866666666666667,0.9866666666666667,0.0,0.6666666666666666,0.8333333333333334,0.16666666666666674,31,8
25,6.72093005015611,0.8274293753904685,legacy67,minmax,0.6400000000000001,0.8200000000000001,0.17999999999999994,0.9733333333333334,0.9866666666666667,0.013333333333333308,0.6666666666666666,0.8333333333333334,0.16666666666666674,30,8
25,6.7965780907581514,0.832290311184182,legacy67,minmax,0.6400000000000001,0.8200000000000001,0.17999999999999994,0.9733333333333334,0.9866666666666667,0.013333333333333308,0.6666666666666666,0.8333333333333334,0.16666666666666674,30,8
25,7.128188058401357,0.85297914889198,legacy67,minmax,0.6638095238095238,0.8200000000000001,0.1561904761904762,0.9733333333333334,0.9866666666666667,0.013333333333333308,0.6904761904761905,0.8333333333333334,0.1428571428571429,30,8
25,8.241925264876443,0.9160286721639492,legacy67,minmax,0.6876190476190476,0.8200000000000001,0.1323809523809525,0.9733333333333334,0.9866666666666667,0.013333333333333308,0.7142857142857143,0.8333333333333334,0.11904761904761907,30,28
25,8.287522363768153,0.9184247133522563,legacy67,minmax,0.6876190476190476,0.8200000000000001,0.1323809523809525,0.9733333333333334,0.9866666666666667,0.013333333333333308,0.7142857142857143,0.8333333333333334,0.11904761904761907,30,28
25,8.471801418819974,0.9279757672456204,legacy67,minmax,0.6876190476190476,0.8200000000000001,0.1323809523809525,0.9733333333333334,0.9866666666666667,0.013333333333333308,0.7142857142857143,0.8333333333333334,0.11904761904761907,30,28
25,11.044350847124681,1.0431401944675898,legacy67,minmax,0.6638095238095238,0.8200000000000001,0.1561904761904762,0.9733333333333334,0.9866666666666667,0.013333333333333308,0.6904761904761905,0.8333333333333334,0.1428571428571429,30,28
25,12.130221181165155,1.083868719818244,legacy67,minmax,0.6638095238095238,0.8200000000000001,0.1561904761904762,0.9733333333333334,0.9866666666666667,0.013333333333333308,0.6904761904761905,0.8333333333333334,0.1428571428571429,30,28
25,12.164139351417056,1.085081386743783,legacy67,minmax,0.6638095238095238,0.8200000000000001,0.1561904761904762,0.9733333333333334,0.9866666666666667,0.013333333333333308,0.6904761904761905,0.8333333333333334,0.1428571428571429,30,28
25,12.273800987852958,1.0889790771866297,legacy67,minmax,0.6638095238095238,0.8200000000000001,0.1561904761904762,0.9733333333333334,0.9866666666666667,0.013333333333333308,0.6904761904761905,0.8333333333333334,0.1428571428571429,30,28
25,12.604664585649452,1.1005312934444582,legacy67,minmax,0.6638095238095238,0.8200000000000001,0.1561904761904762,0.9733333333333334,0.9866666666666667,0.013333333333333308,0.6904761904761905,0.8333333333333334,0.1428571428571429,30,28
25,13.826232179369853,1.1407038455720544,legacy67,minmax,0.6638095238095238,0.8200000000000001,0.1561904761904762,0.9733333333333334,0.9866666666666667,0.013333333333333308,0.6904761904761905,0.8333333333333334,0.1428571428571429,30,28
25,16.172900811143133,1.2087879230161587,legacy67,minmax,0.6638095238095238,0.8200000000000001,0.1561904761904762,0.9733333333333334,0.9866666666666667,0.013333333333333308,0.6904761904761905,0.8333333333333334,0.1428571428571429,31,28
25,17.123375973163967,1.2335893924658445,legacy67,minmax,0.6638095238095238,0.8200000000000001,0.1561904761904762,0.9733333333333334,0.9866666666666667,0.013333333333333308,0.6904761904761905,0.8333333333333334,0.1428571428571429,32,28
25,18.274508859816006,1.2618457138193366,legacy67,minmax,0.6638095238095238,0.8200000000000001,0.1561904761904762,0.9733333333333334,0.9866666666666667,0.013333333333333308,0.6904761904761905,0.8333333333333334,0.1428571428571429,32,28
25,20.65142557895924,1.3149500366077174,legacy67,minmax,0.6638095238095238,0.8200000000000001,0.1561904761904762,0.9733333333333334,0.9866666666666667,0.013333333333333308,0.6904761904761905,0.8333333333333334,0.1428571428571429,32,28
25,21.36832907235874,1.329770563201687,legacy67,minmax,0.6638095238095238,0.8200000000000001,0.1561904761904762,0.9733333333333334,0.9866666666666667,0.013333333333333308,0.6904761904761905,0.8333333333333334,0.1428571428571429,32,28
25,28.340904295147727,1.452413703502374,legacy67,minmax,0.6504761904761904,0.78,0.1295238095238096,0.96,0.9466666666666667,-0.013333333333333308,0.6904761904761905,0.8333333333333334,0.1428571428571429,32,28
25,29.154431891537524,1.4647045830997407,legacy67,minmax,0.6504761904761904,0.78,0.1295238095238096,0.96,0.9466666666666667,-0.013333333333333308,0.6904761904761905,0.8333333333333334,0.1428571428571429,32,28
25,35.387588647792384,1.5488509703053062,legacy67,minmax,0.6504761904761904,0.7666666666666666,0.11619047619047618,0.96,0.9333333333333333,-0.026666666666666616,0.6904761904761905,0.8333333333333334,0.1428571428571429,33,28
25,37.95853142670639,1.5793094017105953,legacy67,minmax,0.6504761904761904,0.7666666666666666,0.11619047619047618,0.96,0.9333333333333333,-0.026666666666666616,0.6904761904761905,0.8333333333333334,0.1428571428571429,33,28
25,43.37920697490936,1.6372816083151283,legacy67,minmax,0.6504761904761904,0.7666666666666666,0.11619047619047618,0.96,0.9333333333333333,-0.026666666666666616,0.6904761904761905,0.8333333333333334,0.1428571428571429,33,30
25,48.69640941520897,1.6874969400924673,legacy67,minmax,0.6504761904761904,0.7666666666666666,0.11619047619047618,0.96,0.9333333333333333,-0.026666666666666616,0.6904761904761905,0.8333333333333334,0.1428571428571429,33,30
25,57.279044707996185,1.7579957662567565,legacy67,minmax,0.6504761904761904,0.7666666666666666,0.11619047619047618,0.96,0.9333333333333333,-0.026666666666666616,0.6904761904761905,0.8333333333333334,0.1428571428571429,33,30
25,62.45139574743064,1.795542149013333,legacy67,minmax,0.6504761904761904,0.7666666666666666,0.11619047619047618,0.96,0.9333333333333333,-0.026666666666666616,0.6904761904761905,0.8333333333333334,0.1428571428571429,33,30
25,63.512210106406926,1.8028572256396647,legacy67,minmax,0.6504761904761904,0.7666666666666666,0.11619047619047618,0.96,0.9333333333333333,-0.026666666666666616,0.6904761904761905,0.8333333333333334,0.1428571428571429,33,30
25,72.86653737491037,1.8625281322982374,legacy67,minmax,0.6504761904761904,0.7666666666666666,0.11619047619047618,0.96,0.9333333333333333,-0.026666666666666616,0.6904761904761905,0.8333333333333334,0.1428571428571429,33,30
25,75.56810141274423,1.8783385110582342,legacy67,minmax,0.6504761904761904,0.7666666666666666,0.11619047619047618,0.96,0.9333333333333333,-0.026666666666666616,0.6904761904761905,0.8333333333333334,0.1428571428571429,33,31
25,75.79479953347995,1.8796394086479773,legacy67,minmax,0.6504761904761904,0.7666666666666666,0.11619047619047618,0.96,0.9333333333333333,-0.026666666666666616,0.6904761904761905,0.8333333333333334,0.1428571428571429,33,31
25,88.62326508576248,1.9475477464020692,legacy67,minmax,0.6504761904761904,0.7666666666666666,0.11619047619047618,0.96,0.9333333333333333,-0.026666666666666616,0.6904761904761905,0.8333333333333334,0.1428571428571429,33,32
26,0.010521761868451128,-1.9779115315055904,legacy67,minmax,0.0,0.0,0.0,1.0,1.0,0.0,0.0,0.0,0.0,0,0
26,0.012087541473056955,-1.9176620228167902,legacy67,minmax,0.0,0.0,0.0,1.0,1.0,0.0,0.0,0.0,0.0,0,0
26,0.01263794633808287,-1.8983234930236192,legacy67,minmax,0.0,0.0,0.0,1.0,1.0,0.0,0.0,0.0,0.0,0,0
26,0.013726318898045865,-1.8624459155391264,legacy67,minmax,0.0,0.0,0.0,1.0,1.0,0.0,0.0,0.0,0.0,0,0
26,0.0151673306880762,-1.8190908443578477,legacy67,minmax,0.0,0.0,0.0,1.0,1.0,0.0,0.0,0.0,0.0,0,0
26,0.015339162591163618,-1.814198349120009,legacy67,minmax,0.0,0.0,0.0,1.0,1.0,0.0,0.0,0.0,0.0,0,0
26,0.017073967431528118,-1.7676655513272022,legacy67,minmax,0.0,0.0,0.0,1.0,1.0,0.0,0.0,0.0,0.0,1,0
26,0.017956984225677628,-1.7457665988559055,legacy67,minmax,0.0,0.0,0.0,1.0,1.0,0.0,0.0,0.0,0.0,1,0
26,0.018205657658407252,-1.739793628058882,legacy67,minmax,0.0,0.0,0.0,1.0,1.0,0.0,0.0,0.0,0.0,1,1
26,0.019777828512462715,-1.7038213930636386,legacy67,minmax,0.04761904761904767,0.0,-0.04761904761904767,1.0,1.0,0.0,0.047619047619047616,0.0,-0.047619047619047616,2,2
26,0.01987021538542862,-1.7017974252809167,legacy67,minmax,0.04761904761904767,0.0,-0.04761904761904767,1.0,1.0,0.0,0.047619047619047616,0.0,-0.047619047619047616,2,2
26,0.022592797420156945,-1.646029991792322,legacy67,minmax,0.1428571428571428,0.38095238095238093,0.23809523809523814,1.0,1.0,0.0,0.14285714285714285,0.38095238095238093,0.23809523809523808,3,2
26,0.024586032763280048,-1.6093115439744645,legacy67,minmax,0.2142857142857142,0.38095238095238093,0.16666666666666674,1.0,1.0,0.0,0.21428571428571427,0.38095238095238093,0.16666666666666666,3,2
26,0.027012557725439066,-1.5684342920267822,legacy67,minmax,0.30952380952380953,0.38095238095238093,0.0714285714285714,1.0,1.0,0.0,0.30952380952380953,0.38095238095238093,0.0714285714285714,3,2
26,0.029072088906598435,-1.5365237618994811,legacy67,minmax,0.38095238095238093,0.38095238095238093,0.0,1.0,1.0,0.0,0.38095238095238093,0.38095238095238093,0.0,3,2
26,0.030086868214458433,-1.5216230162467932,legacy67,minmax,0.38095238095238093,0.40476190476190466,0.023809523809523725,1.0,1.0,0.0,0.38095238095238093,0.40476190476190477,0.023809523809523836,3,2
26,0.030771802712506853,-1.5118470606208847,legacy67,minmax,0.38095238095238093,0.40476190476190466,0.023809523809523725,1.0,1.0,0.0,0.38095238095238093,0.40476190476190477,0.023809523809523836,3,2
26,0.036138942712165265,-1.4420245573918327,legacy67,minmax,0.45238095238095233,0.6190476190476191,0.16666666666666674,1.0,1.0,0.0,0.4523809523809524,0.6190476190476191,0.16666666666666669,3,2
26,0.03661819220392428,-1.4363031001009494,legacy67,minmax,0.45238095238095233,0.6190476190476191,0.16666666666666674,1.0,1.0,0.0,0.4523809523809524,0.6190476190476191,0.16666666666666669,3,2
26,0.04207053950287936,-1.3760219186551894,legacy67,minmax,0.45238095238095233,0.6190476190476191,0.16666666666666674,1.0,1.0,0.0,0.4523809523809524,0.6190476190476191,0.16666666666666669,3,2
26,0.04207988669606635,-1.375925438230254,legacy67,minmax,0.45238095238095233,0.6190476190476191,0.16666666666666674,1.0,1.0,0.0,0.4523809523809524,0.6190476190476191,0.16666666666666669,3,2
26,0.04809461967501572,-1.3179035052508339,legacy67,minmax,0.4761904761904763,0.6190476190476191,0.1428571428571428,1.0,1.0,0.0,0.47619047619047616,0.6190476190476191,0.1428571428571429,4,2
26,0.05337032762603955,-1.2727001311715975,legacy67,minmax,0.5476190476190477,0.6190476190476191,0.0714285714285714,1.0,1.0,0.0,0.5476190476190477,0.6190476190476191,0.0714285714285714,4,3
26,0.05415244119402536,-1.2663819605862647,legacy67,minmax,0.5209523809523811,0.6190476190476191,0.09809523809523801,0.9733333333333334,1.0,0.026666666666666616,0.5476190476190477,0.6190476190476191,0.0714285714285714,4,3
26,0.05488047000766042,-1.2605821778978918,legacy67,minmax,0.5209523809523811,0.6190476190476191,0.09809523809523801,0.9733333333333334,1.0,0.026666666666666616,0.5476190476190477,0.6190476190476191,0.0714285714285714,4,4
26,0.060803901902965994,-1.2160685503234192,legacy67,minmax,0.579047619047619,0.6190476190476191,0.040000000000000036,0.96,1.0,0.040000000000000036,0.6190476190476191,0.6190476190476191,0.0,5,4
26,0.06235377135673155,-1.2051372738633104,legacy67,minmax,0.579047619047619,0.6190476190476191,0.040000000000000036,0.96,1.0,0.040000000000000036,0.6190476190476191,0.6190476190476191,0.0,5,4
26,0.06290644294586147,-1.201304871366561,legacy67,minmax,0.579047619047619,0.6190476190476191,0.040000000000000036,0.96,1.0,0.040000000000000036,0.6190476190476191,0.6190476190476191,0.0,5,4
26,0.07068974950624601,-1.1506435572868954,legacy67,minmax,0.6028571428571428,0.6190476190476191,0.01619047619047631,0.96,1.0,0.040000000000000036,0.6428571428571429,0.6190476190476191,-0.023809523809523836,6,4
26,0.10842262717330158,-0.9648800735999323,legacy67,minmax,0.6533333333333333,0.6904761904761905,0.037142857142857144,0.9866666666666667,1.0,0.013333333333333308,0.6666666666666666,0.6904761904761905,0.023809523809523836,9,7
26,0.12172958098369964,-0.9146038729044164,legacy67,minmax,0.677142857142857,0.7142857142857144,0.037142857142857366,0.9866666666666667,1.0,0.013333333333333308,0.6904761904761905,0.7142857142857143,0.023809523809523836,9,7
26,0.1329652145729951,-0.876261961250477,legacy67,minmax,0.677142857142857,0.7142857142857144,0.037142857142857366,0.9866666666666667,1.0,0.013333333333333308,0.6904761904761905,0.7142857142857143,0.023809523809523836,9,7
26,0.14618962793704957,-0.8350834392078323,legacy67,minmax,0.677142857142857,0.7485714285714287,0.07142857142857162,0.9866666666666667,0.9866666666666667,0.0,0.6904761904761905,0.7619047619047619,0.0714285714285714,11,9
26,0.14742753159914665,-0.8314214058591274,legacy67,minmax,0.677142857142857,0.7485714285714287,0.07142857142857162,0.9866666666666667,0.9866666666666667,0.0,0.6904761904761905,0.7619047619047619,0.0714285714285714,11,9
26,0.16480446427978968,-0.7830310281618491,legacy67,minmax,0.677142857142857,0.7485714285714287,0.07142857142857162,0.9866666666666667,0.9866666666666667,0.0,0.6904761904761905,0.7619047619047619,0.0714285714285714,13,9
26,0.16536937182824418,-0.7815449233065173,legacy67,minmax,0.6533333333333333,0.7723809523809524,0.11904761904761907,0.9866666666666667,0.9866666666666667,0.0,0.6666666666666666,0.7857142857142857,0.11904761904761907,13,9
26,0.1753594952976441,-0.7560707131373512,legacy67,minmax,0.6400000000000001,0.7723809523809524,0.13238095238095227,0.9733333333333334,0.9866666666666667,0.013333333333333308,0.6666666666666666,0.7857142857142857,0.11904761904761907,13,9
26,0.17654048052495064,-0.7531556956423562,legacy67,minmax,0.6400000000000001,0.7961904761904761,0.156190476190476,0.9733333333333334,0.9866666666666667,0.013333333333333308,0.6666666666666666,0.8095238095238095,0.1428571428571429,13,9
26,0.1998634077852887,-0.6992667118930118,legacy67,minmax,0.6400000000000001,0.8200000000000001,0.17999999999999994,0.9733333333333334,0.9866666666666667,0.013333333333333308,0.6666666666666666,0.8333333333333334,0.16666666666666674,13,9
26,0.2001342062287997,-0.6986786769469426,legacy67,minmax,0.6400000000000001,0.8200000000000001,0.17999999999999994,0.9733333333333334,0.9866666666666667,0.013333333333333308,0.6666666666666666,0.8333333333333334,0.16666666666666674,13,9
26,0.21066486017042194,-0.6764079005894033,legacy67,minmax,0.6400000000000001,0.8200000000000001,0.17999999999999994,0.9733333333333334,0.9866666666666667,0.013333333333333308,0.6666666666666666,0.8333333333333334,0.16666666666666674,14,9
26,0.2673088310781669,-0.5729866932256429,legacy67,minmax,0.6028571428571428,0.8438095238095238,0.24095238095238103,0.96,0.9866666666666667,0.026666666666666727,0.6428571428571429,0.8571428571428571,0.2142857142857142,16,8
26,0.2715581955282939,-0.5661370858229096,legacy67,minmax,0.6028571428571428,0.8676190476190477,0.264761904761905,0.96,0.9866666666666667,0.026666666666666727,0.6428571428571429,0.8809523809523809,0.23809523809523803,16,8
26,0.292043384718141,-0.5345526268252332,legacy67,minmax,0.5657142857142858,0.8676190476190477,0.3019047619047619,0.9466666666666667,0.9866666666666667,0.040000000000000036,0.6190476190476191,0.8809523809523809,0.26190476190476186,16,8
26,0.314891164795686,-0.50183952461055,legacy67,minmax,0.5523809523809524,0.8676190476190477,0.3152380952380953,0.9333333333333333,0.9866666666666667,0.053333333333333344,0.6190476190476191,0.8809523809523809,0.26190476190476186,17,8
26,0.35868164986275475,-0.44529084124207197,legacy67,minmax,0.5523809523809524,0.8676190476190477,0.3152380952380953,0.9333333333333333,0.9866666666666667,0.053333333333333344,0.6190476190476191,0.8809523809523809,0.26190476190476186,18,8
26,0.5130551760589832,-0.2898359265658015,legacy67,minmax,0.6000000000000001,0.8676190476190477,0.26761904761904765,0.9333333333333333,0.9866666666666667,0.053333333333333344,0.6666666666666666,0.8809523809523809,0.2142857142857143,20,9
26,0.5342937261279772,-0.27221992543153695,legacy67,minmax,0.6000000000000001,0.8676190476190477,0.26761904761904765,0.9333333333333333,0.9866666666666667,0.053333333333333344,0.6666666666666666,0.8809523809523809,0.2142857142857143,20,9
26,0.5762487216478598,-0.23939002504159476,legacy67,minmax,0.6238095238095238,0.8676190476190477,0.24380952380952392,0.9333333333333333,0.9866666666666667,0.053333333333333344,0.6904761904761905,0.8809523809523809,0.19047619047619047,20,9
26,0.6672367170464204,-0.17572006313185626,legacy67,minmax,0.660952380952381,0.8676190476190477,0.20666666666666678,0.9466666666666667,0.9866666666666667,0.040000000000000036,0.7142857142857143,0.8809523809523809,0.16666666666666663,21,9
26,0.7742116473996242,-0.1111402993522028,legacy67,minmax,0.6742857142857144,0.8676190476190477,0.19333333333333336,0.96,0.9866666666666667,0.026666666666666727,0.7142857142857143,0.8809523809523809,0.16666666666666663,22,9
26,0.9444574254983555,-0.02481761454243703,legacy67,minmax,0.660952380952381,0.8676190476190477,0.20666666666666678,0.9466666666666667,0.9866666666666667,0.040000000000000036,0.7142857142857143,0.8809523809523809,0.16666666666666663,25,9
26,0.9565499215943818,-0.019292359554919238,legacy67,minmax,0.660952380952381,0.8676190476190477,0.20666666666666678,0.9466666666666667,0.9866666666666667,0.040000000000000036,0.7142857142857143,0.8809523809523809,0.16666666666666663,25,9
26,1.1400863701127315,0.0569377536544464,legacy67,minmax,0.6847619047619049,0.8914285714285715,0.20666666666666655,0.9466666666666667,0.9866666666666667,0.040000000000000036,0.7380952380952381,0.9047619047619048,0.16666666666666663,27,9
26,1.2030178871154662,0.08027208471124325,legacy67,minmax,0.7085714285714286,0.8914285714285715,0.18285714285714283,0.9466666666666667,0.9866666666666667,0.040000000000000036,0.7619047619047619,0.9047619047619048,0.1428571428571429,27,9
26,1.2329098365270508,0.0909313175279762,legacy67,minmax,0.7085714285714286,0.8914285714285715,0.18285714285714283,0.9466666666666667,0.9866666666666667,0.040000000000000036,0.7619047619047619,0.9047619047619048,0.1428571428571429,27,9
26,1.2561043700013554,0.09902572652895136,legacy67,minmax,0.6847619047619049,0.8914285714285715,0.20666666666666655,0.9466666666666667,0.9866666666666667,0.040000000000000036,0.7380952380952381,0.9047619047619048,0.16666666666666663,27,9
26,1.4817820606039076,0.17078433263299386,legacy67,minmax,0.6847619047619049,0.8914285714285715,0.20666666666666655,0.9466666666666667,0.9866666666666667,0.040000000000000036,0.7380952380952381,0.9047619047619048,0.16666666666666663,29,9
26,1.5375920235481748,0.1868411173731186,legacy67,minmax,0.660952380952381,0.8914285714285715,0.2304761904761905,0.9466666666666667,0.9866666666666667,0.040000000000000036,0.7142857142857143,0.9047619047619048,0.19047619047619047,29,9
26,1.7583640270008503,0.24510879027798493,legacy67,minmax,0.660952380952381,0.8914285714285715,0.2304761904761905,0.9466666666666667,0.9866666666666667,0.040000000000000036,0.7142857142857143,0.9047619047619048,0.19047619047619047,31,9
26,2.34238498471129,0.36965827544816987,legacy67,minmax,0.6742857142857144,0.8914285714285715,0.21714285714285708,0.96,0.9866666666666667,0.026666666666666727,0.7142857142857143,0.9047619047619048,0.19047619047619047,31,9
26,2.4637685958997446,0.39159991524434057,legacy67,minmax,0.6742857142857144,0.8914285714285715,0.21714285714285708,0.96,0.9866666666666667,0.026666666666666727,0.7142857142857143,0.9047619047619048,0.19047619047619047,31,9
26,2.4810409748678097,0.3946339367881464,legacy67,minmax,0.6742857142857144,0.8914285714285715,0.21714285714285708,0.96,0.9866666666666667,0.026666666666666727,0.7142857142857143,0.9047619047619048,0.19047619047619047,31,9
26,2.5378155082656626,0.40446004697283516,legacy67,minmax,0.6742857142857144,0.8914285714285715,0.21714285714285708,0.96,0.9866666666666667,0.026666666666666727,0.7142857142857143,0.9047619047619048,0.19047619047619047,31,9
26,2.692646910086177,0.43017940760575346,legacy67,minmax,0.6742857142857144,0.8914285714285715,0.21714285714285708,0.96,0.9866666666666667,0.026666666666666727,0.7142857142857143,0.9047619047619048,0.19047619047619047,31,9
26,2.801635158716258,0.4474115788895179,legacy67,minmax,0.6742857142857144,0.8914285714285715,0.21714285714285708,0.96,0.9866666666666667,0.026666666666666727,0.7142857142857143,0.9047619047619048,0.19047619047619047,31,9
26,3.113095956122122,0.4931925073102317,legacy67,minmax,0.6742857142857144,0.8914285714285715,0.21714285714285708,0.96,0.9866666666666667,0.026666666666666727,0.7142857142857143,0.9047619047619048,0.19047619047619047,30,9
26,3.550012525851159,0.5502298854208525,legacy67,minmax,0.6742857142857144,0.8914285714285715,0.21714285714285708,0.96,0.9866666666666667,0.026666666666666727,0.7142857142857143,0.9047619047619048,0.19047619047619047,30,9
26,4.467752817973904,0.6500891374159279,legacy67,minmax,0.6638095238095238,0.8914285714285715,0.2276190476190476,0.9733333333333334,0.9866666666666667,0.013333333333333308,0.6904761904761905,0.9047619047619048,0.2142857142857143,31,9
26,5.456725485601473,0.7369321060486276,legacy67,minmax,0.6638095238095238,0.8914285714285715,0.2276190476190476,0.9733333333333334,0.9866666666666667,0.013333333333333308,0.6904761904761905,0.9047619047619048,0.2142857142857143,31,9
26,6.72093005015611,0.8274293753904685,legacy67,minmax,0.6638095238095238,0.8914285714285715,0.2276190476190476,0.9733333333333334,0.9866666666666667,0.013333333333333308,0.6904761904761905,0.9047619047619048,0.2142857142857143,31,29
26,6.7965780907581514,0.832290311184182,legacy67,minmax,0.6638095238095238,0.8914285714285715,0.2276190476190476,0.9733333333333334,0.9866666666666667,0.013333333333333308,0.6904761904761905,0.9047619047619048,0.2142857142857143,31,29
26,7.128188058401357,0.85297914889198,legacy67,minmax,0.6638095238095238,0.8914285714285715,0.2276190476190476,0.9733333333333334,0.9866666666666667,0.013333333333333308,0.6904761904761905,0.9047619047619048,0.2142857142857143,31,29
26,8.241925264876443,0.9160286721639492,legacy67,minmax,0.6638095238095238,0.8914285714285715,0.2276190476190476,0.9733333333333334,0.9866666666666667,0.013333333333333308,0.6904761904761905,0.9047619047619048,0.2142857142857143,31,29
26,8.287522363768153,0.9184247133522563,legacy67,minmax,0.6638095238095238,0.8914285714285715,0.2276190476190476,0.9733333333333334,0.9866666666666667,0.013333333333333308,0.6904761904761905,0.9047619047619048,0.2142857142857143,31,29
26,8.471801418819974,0.9279757672456204,legacy67,minmax,0.6638095238095238,0.8914285714285715,0.2276190476190476,0.9733333333333334,0.9866666666666667,0.013333333333333308,0.6904761904761905,0.9047619047619048,0.2142857142857143,31,29
26,11.044350847124681,1.0431401944675898,legacy67,minmax,0.6638095238095238,0.9152380952380952,0.25142857142857133,0.9733333333333334,0.9866666666666667,0.013333333333333308,0.6904761904761905,0.9285714285714286,0.23809523809523814,31,29
26,12.130221181165155,1.083868719818244,legacy67,minmax,0.6638095238095238,0.9152380952380952,0.25142857142857133,0.9733333333333334,0.9866666666666667,0.013333333333333308,0.6904761904761905,0.9285714285714286,0.23809523809523814,31,29
26,12.164139351417056,1.085081386743783,legacy67,minmax,0.6638095238095238,0.9152380952380952,0.25142857142857133,0.9733333333333334,0.9866666666666667,0.013333333333333308,0.6904761904761905,0.9285714285714286,0.23809523809523814,31,29
26,12.273800987852958,1.0889790771866297,legacy67,minmax,0.6638095238095238,0.9152380952380952,0.25142857142857133,0.9733333333333334,0.9866666666666667,0.013333333333333308,0.6904761904761905,0.9285714285714286,0.23809523809523814,31,29
26,12.604664585649452,1.1005312934444582,legacy67,minmax,0.6638095238095238,0.9152380952380952,0.25142857142857133,0.9733333333333334,0.9866666666666667,0.013333333333333308,0.6904761904761905,0.9285714285714286,0.23809523809523814,31,29
26,13.826232179369853,1.1407038455720544,legacy67,minmax,0.6638095238095238,0.9152380952380952,0.25142857142857133,0.9733333333333334,0.9866666666666667,0.013333333333333308,0.6904761904761905,0.9285714285714286,0.23809523809523814,32,29
26,16.172900811143133,1.2087879230161587,legacy67,minmax,0.6638095238095238,0.9152380952380952,0.25142857142857133,0.9733333333333334,0.9866666666666667,0.013333333333333308,0.6904761904761905,0.9285714285714286,0.23809523809523814,32,29
26,17.123375973163967,1.2335893924658445,legacy67,minmax,0.6638095238095238,0.9152380952380952,0.25142857142857133,0.9733333333333334,0.9866666666666667,0.013333333333333308,0.6904761904761905,0.9285714285714286,0.23809523809523814,33,29
26,18.274508859816006,1.2618457138193366,legacy67,minmax,0.677142857142857,0.9152380952380952,0.23809523809523814,0.9866666666666667,0.9866666666666667,0.0,0.6904761904761905,0.9285714285714286,0.23809523809523814,33,29
26,20.65142557895924,1.3149500366077174,legacy67,minmax,0.677142857142857,0.9152380952380952,0.23809523809523814,0.9866666666666667,0.9866666666666667,0.0,0.6904761904761905,0.9285714285714286,0.23809523809523814,33,29
26,21.36832907235874,1.329770563201687,legacy67,minmax,0.677142857142857,0.9152380952380952,0.23809523809523814,0.9866666666666667,0.9866666666666667,0.0,0.6904761904761905,0.9285714285714286,0.23809523809523814,33,29
26,28.340904295147727,1.452413703502374,legacy67,minmax,0.677142857142857,0.9152380952380952,0.23809523809523814,0.9866666666666667,0.9866666666666667,0.0,0.6904761904761905,0.9285714285714286,0.23809523809523814,33,29
26,29.154431891537524,1.4647045830997407,legacy67,minmax,0.677142857142857,0.9152380952380952,0.23809523809523814,0.9866666666666667,0.9866666666666667,0.0,0.6904761904761905,0.9285714285714286,0.23809523809523814,33,29
26,35.387588647792384,1.5488509703053062,legacy67,minmax,0.677142857142857,0.9152380952380952,0.23809523809523814,0.9866666666666667,0.9866666666666667,0.0,0.6904761904761905,0.9285714285714286,0.23809523809523814,33,30
26,37.95853142670639,1.5793094017105953,legacy67,minmax,0.677142857142857,0.9152380952380952,0.23809523809523814,0.9866666666666667,0.9866666666666667,0.0,0.6904761904761905,0.9285714285714286,0.23809523809523814,33,30
26,43.37920697490936,1.6372816083151283,legacy67,minmax,0.677142857142857,0.9152380952380952,0.23809523809523814,0.9866666666666667,0.9866666666666667,0.0,0.6904761904761905,0.9285714285714286,0.23809523809523814,33,30
26,48.69640941520897,1.6874969400924673,legacy67,minmax,0.677142857142857,0.9152380952380952,0.23809523809523814,0.9866666666666667,0.9866666666666667,0.0,0.6904761904761905,0.9285714285714286,0.23809523809523814,33,30
26,57.279044707996185,1.7579957662567565,legacy67,minmax,0.677142857142857,0.9152380952380952,0.23809523809523814,0.9866666666666667,0.9866666666666667,0.0,0.6904761904761905,0.9285714285714286,0.23809523809523814,33,31
26,62.45139574743064,1.795542149013333,legacy67,minmax,0.677142857142857,0.9152380952380952,0.23809523809523814,0.9866666666666667,0.9866666666666667,0.0,0.6904761904761905,0.9285714285714286,0.23809523809523814,33,31
26,63.512210106406926,1.8028572256396647,legacy67,minmax,0.677142857142857,0.9152380952380952,0.23809523809523814,0.9866666666666667,0.9866666666666667,0.0,0.6904761904761905,0.9285714285714286,0.23809523809523814,33,31
26,72.86653737491037,1.8625281322982374,legacy67,minmax,0.6638095238095238,0.9152380952380952,0.25142857142857133,0.9733333333333334,0.9866666666666667,0.013333333333333308,0.6904761904761905,0.9285714285714286,0.23809523809523814,33,31
26,75.56810141274423,1.8783385110582342,legacy67,minmax,0.6638095238095238,0.9152380952380952,0.25142857142857133,0.9733333333333334,0.9866666666666667,0.013333333333333308,0.6904761904761905,0.9285714285714286,0.23809523809523814,33,32
26,75.79479953347995,1.8796394086479773,legacy67,minmax,0.6638095238095238,0.9152380952380952,0.25142857142857133,0.9733333333333334,0.9866666666666667,0.013333333333333308,0.6904761904761905,0.9285714285714286,0.23809523809523814,33,32
26,88.62326508576248,1.9475477464020692,legacy67,minmax,0.6638095238095238,0.9152380952380952,0.25142857142857133,0.9733333333333334,0.9866666666666667,0.013333333333333308,0.6904761904761905,0.9285714285714286,0.23809523809523814,33,34
27,0.010521761868451128,-1.9779115315055904,legacy67,minmax,0.0,0.0,0.0,1.0,1.0,0.0,0.0,0.0,0.0,0,0
27,0.012087541473056955,-1.9176620228167902,legacy67,minmax,0.0,0.0,0.0,1.0,1.0,0.0,0.0,0.0,0.0,0,0
27,0.01263794633808287,-1.8983234930236192,legacy67,minmax,0.0,0.0,0.0,1.0,1.0,0.0,0.0,0.0,0.0,0,0
27,0.013726318898045865,-1.8624459155391264,legacy67,minmax,0.0,0.0,0.0,1.0,1.0,0.0,0.0,0.0,0.0,0,0
27,0.0151673306880762,-1.8190908443578477,legacy67,minmax,0.0,0.0,0.0,1.0,1.0,0.0,0.0,0.0,0.0,0,0
27,0.015339162591163618,-1.814198349120009,legacy67,minmax,0.0,0.0,0.0,1.0,1.0,0.0,0.0,0.0,0.0,0,0
27,0.017073967431528118,-1.7676655513272022,legacy67,minmax,0.0,0.0,0.0,1.0,1.0,0.0,0.0,0.0,0.0,1,0
27,0.017956984225677628,-1.7457665988559055,legacy67,minmax,0.0,0.0,0.0,1.0,1.0,0.0,0.0,0.0,0.0,1,1
27,0.018205657658407252,-1.739793628058882,legacy67,minmax,0.0,0.0,0.0,1.0,1.0,0.0,0.0,0.0,0.0,1,1
27,0.019777828512462715,-1.7038213930636386,legacy67,minmax,0.0,0.0,0.0,1.0,1.0,0.0,0.0,0.0,0.0,1,1
27,0.01987021538542862,-1.7017974252809167,legacy67,minmax,0.0,0.0,0.0,1.0,1.0,0.0,0.0,0.0,0.0,1,1
27,0.022592797420156945,-1.646029991792322,legacy67,minmax,0.1428571428571428,0.5238095238095237,0.38095238095238093,1.0,1.0,0.0,0.14285714285714285,0.5238095238095238,0.380952380952381,3,1
27,0.024586032763280048,-1.6093115439744645,legacy67,minmax,0.26190476190476186,0.5238095238095237,0.26190476190476186,1.0,1.0,0.0,0.2619047619047619,0.5238095238095238,0.2619047619047619,3,1
27,0.027012557725439066,-1.5684342920267822,legacy67,minmax,0.26190476190476186,0.5238095238095237,0.26190476190476186,1.0,1.0,0.0,0.2619047619047619,0.5238095238095238,0.2619047619047619,3,2
27,0.029072088906598435,-1.5365237618994811,legacy67,minmax,0.3571428571428572,0.5238095238095237,0.16666666666666652,1.0,1.0,0.0,0.35714285714285715,0.5238095238095238,0.16666666666666669,3,2
27,0.030086868214458433,-1.5216230162467932,legacy67,minmax,0.3571428571428572,0.5238095238095237,0.16666666666666652,1.0,1.0,0.0,0.35714285714285715,0.5238095238095238,0.16666666666666669,3,2
27,0.030771802712506853,-1.5118470606208847,legacy67,minmax,0.3571428571428572,0.5238095238095237,0.16666666666666652,1.0,1.0,0.0,0.35714285714285715,0.5238095238095238,0.16666666666666669,3,2
27,0.036138942712165265,-1.4420245573918327,legacy67,minmax,0.5,0.5238095238095237,0.023809523809523725,1.0,1.0,0.0,0.5,0.5238095238095238,0.023809523809523836,3,2
27,0.03661819220392428,-1.4363031001009494,legacy67,minmax,0.5,0.5238095238095237,0.023809523809523725,1.0,1.0,0.0,0.5,0.5238095238095238,0.023809523809523836,3,2
27,0.04207053950287936,-1.3760219186551894,legacy67,minmax,0.5476190476190477,0.5238095238095237,-0.023809523809523947,1.0,1.0,0.0,0.5476190476190477,0.5238095238095238,-0.023809523809523836,4,2
27,0.04207988669606635,-1.375925438230254,legacy67,minmax,0.5476190476190477,0.5238095238095237,-0.023809523809523947,1.0,1.0,0.0,0.5476190476190477,0.5238095238095238,-0.023809523809523836,4,2
27,0.04809461967501572,-1.3179035052508339,legacy67,minmax,0.6666666666666665,0.5238095238095237,-0.1428571428571428,1.0,1.0,0.0,0.6666666666666666,0.5238095238095238,-0.1428571428571428,4,3
27,0.05337032762603955,-1.2727001311715975,legacy67,minmax,0.6904761904761905,0.5952380952380953,-0.09523809523809512,1.0,1.0,0.0,0.6904761904761905,0.5952380952380952,-0.09523809523809523,4,3
27,0.05415244119402536,-1.2663819605862647,legacy67,minmax,0.6904761904761905,0.5952380952380953,-0.09523809523809512,1.0,1.0,0.0,0.6904761904761905,0.5952380952380952,-0.09523809523809523,4,3
27,0.05488047000766042,-1.2605821778978918,legacy67,minmax,0.6904761904761905,0.5952380952380953,-0.09523809523809512,1.0,1.0,0.0,0.6904761904761905,0.5952380952380952,-0.09523809523809523,4,3
27,0.060803901902965994,-1.2160685503234192,legacy67,minmax,0.6904761904761905,0.5952380952380953,-0.09523809523809512,1.0,1.0,0.0,0.6904761904761905,0.5952380952380952,-0.09523809523809523,5,3
27,0.06235377135673155,-1.2051372738633104,legacy67,minmax,0.6904761904761905,0.5952380952380953,-0.09523809523809512,1.0,1.0,0.0,0.6904761904761905,0.5952380952380952,-0.09523809523809523,5,3
27,0.06290644294586147,-1.201304871366561,legacy67,minmax,0.6904761904761905,0.5952380952380953,-0.09523809523809512,1.0,1.0,0.0,0.6904761904761905,0.5952380952380952,-0.09523809523809523,5,4
27,0.07068974950624601,-1.1506435572868954,legacy67,minmax,0.677142857142857,0.7380952380952381,0.06095238095238109,0.9866666666666667,1.0,0.013333333333333308,0.6904761904761905,0.7380952380952381,0.04761904761904767,5,4
27,0.10842262717330158,-0.9648800735999323,legacy67,minmax,0.700952380952381,0.7723809523809524,0.0714285714285714,0.9866666666666667,0.9866666666666667,0.0,0.7142857142857143,0.7857142857142857,0.0714285714285714,9,5
27,0.12172958098369964,-0.9146038729044164,legacy67,minmax,0.700952380952381,0.7723809523809524,0.0714285714285714,0.9866666666666667,0.9866666666666667,0.0,0.7142857142857143,0.7857142857142857,0.0714285714285714,9,7
27,0.1329652145729951,-0.876261961250477,legacy67,minmax,0.7247619047619049,0.7723809523809524,0.04761904761904745,0.9866666666666667,0.9866666666666667,0.0,0.7380952380952381,0.7857142857142857,0.04761904761904756,9,9
27,0.14618962793704957,-0.8350834392078323,legacy67,minmax,0.700952380952381,0.8200000000000001,0.11904761904761907,0.9866666666666667,0.9866666666666667,0.0,0.7142857142857143,0.8333333333333334,0.11904761904761907,11,9
27,0.14742753159914665,-0.8314214058591274,legacy67,minmax,0.700952380952381,0.8200000000000001,0.11904761904761907,0.9866666666666667,0.9866666666666667,0.0,0.7142857142857143,0.8333333333333334,0.11904761904761907,11,9
27,0.16480446427978968,-0.7830310281618491,legacy67,minmax,0.7247619047619049,0.8438095238095238,0.11904761904761885,0.9866666666666667,0.9866666666666667,0.0,0.7380952380952381,0.8571428571428571,0.11904761904761896,13,9
27,0.16536937182824418,-0.7815449233065173,legacy67,minmax,0.7247619047619049,0.8438095238095238,0.11904761904761885,0.9866666666666667,0.9866666666666667,0.0,0.7380952380952381,0.8571428571428571,0.11904761904761896,13,9
27,0.1753594952976441,-0.7560707131373512,legacy67,minmax,0.7247619047619049,0.8438095238095238,0.11904761904761885,0.9866666666666667,0.9866666666666667,0.0,0.7380952380952381,0.8571428571428571,0.11904761904761896,13,9
27,0.17654048052495064,-0.7531556956423562,legacy67,minmax,0.7247619047619049,0.8438095238095238,0.11904761904761885,0.9866666666666667,0.9866666666666667,0.0,0.7380952380952381,0.8571428571428571,0.11904761904761896,13,9
27,0.1998634077852887,-0.6992667118930118,legacy67,minmax,0.700952380952381,0.8438095238095238,0.1428571428571428,0.9866666666666667,0.9866666666666667,0.0,0.7142857142857143,0.8571428571428571,0.1428571428571428,15,9
27,0.2001342062287997,-0.6986786769469426,legacy67,minmax,0.700952380952381,0.8438095238095238,0.1428571428571428,0.9866666666666667,0.9866666666666667,0.0,0.7142857142857143,0.8571428571428571,0.1428571428571428,15,9
27,0.21066486017042194,-0.6764079005894033,legacy67,minmax,0.700952380952381,0.8438095238095238,0.1428571428571428,0.9866666666666667,0.9866666666666667,0.0,0.7142857142857143,0.8571428571428571,0.1428571428571428,15,9
27,0.2673088310781669,-0.5729866932256429,legacy67,minmax,0.7485714285714287,0.8914285714285715,0.1428571428571428,0.9866666666666667,0.9866666666666667,0.0,0.7619047619047619,0.9047619047619048,0.1428571428571429,18,9
27,0.2715581955282939,-0.5661370858229096,legacy67,minmax,0.7485714285714287,0.8914285714285715,0.1428571428571428,0.9866666666666667,0.9866666666666667,0.0,0.7619047619047619,0.9047619047619048,0.1428571428571429,18,9
27,0.292043384718141,-0.5345526268252332,legacy67,minmax,0.7485714285714287,0.8914285714285715,0.1428571428571428,0.9866666666666667,0.9866666666666667,0.0,0.7619047619047619,0.9047619047619048,0.1428571428571429,18,9
27,0.314891164795686,-0.50183952461055,legacy67,minmax,0.7485714285714287,0.8914285714285715,0.1428571428571428,0.9866666666666667,0.9866666666666667,0.0,0.7619047619047619,0.9047619047619048,0.1428571428571429,19,9
27,0.35868164986275475,-0.44529084124207197,legacy67,minmax,0.7219047619047618,0.9152380952380952,0.19333333333333336,0.96,0.9866666666666667,0.026666666666666727,0.7619047619047619,0.9285714285714286,0.16666666666666674,20,9
27,0.5130551760589832,-0.2898359265658015,legacy67,minmax,0.7219047619047618,0.8885714285714286,0.16666666666666674,0.96,0.96,0.0,0.7619047619047619,0.9285714285714286,0.16666666666666674,22,9
27,0.5342937261279772,-0.27221992543153695,legacy67,minmax,0.7219047619047618,0.8885714285714286,0.16666666666666674,0.96,0.96,0.0,0.7619047619047619,0.9285714285714286,0.16666666666666674,23,9
27,0.5762487216478598,-0.23939002504159476,legacy67,minmax,0.7219047619047618,0.8885714285714286,0.16666666666666674,0.96,0.96,0.0,0.7619047619047619,0.9285714285714286,0.16666666666666674,23,9
27,0.6672367170464204,-0.17572006313185626,legacy67,minmax,0.7219047619047618,0.8752380952380951,0.15333333333333332,0.96,0.9466666666666667,-0.013333333333333308,0.7619047619047619,0.9285714285714286,0.16666666666666674,23,9
27,0.7742116473996242,-0.1111402993522028,legacy67,minmax,0.7219047619047618,0.8752380952380951,0.15333333333333332,0.96,0.9466666666666667,-0.013333333333333308,0.7619047619047619,0.9285714285714286,0.16666666666666674,25,9
27,0.9444574254983555,-0.02481761454243703,legacy67,minmax,0.7219047619047618,0.8752380952380951,0.15333333333333332,0.96,0.9466666666666667,-0.013333333333333308,0.7619047619047619,0.9285714285714286,0.16666666666666674,26,9
27,0.9565499215943818,-0.019292359554919238,legacy67,minmax,0.7219047619047618,0.8752380952380951,0.15333333333333332,0.96,0.9466666666666667,-0.013333333333333308,0.7619047619047619,0.9285714285714286,0.16666666666666674,26,9
27,1.1400863701127315,0.0569377536544464,legacy67,minmax,0.7219047619047618,0.8752380952380951,0.15333333333333332,0.96,0.9466666666666667,-0.013333333333333308,0.7619047619047619,0.9285714285714286,0.16666666666666674,30,9
27,1.2030178871154662,0.08027208471124325,legacy67,minmax,0.7219047619047618,0.8752380952380951,0.15333333333333332,0.96,0.9466666666666667,-0.013333333333333308,0.7619047619047619,0.9285714285714286,0.16666666666666674,29,9
27,1.2329098365270508,0.0909313175279762,legacy67,minmax,0.7219047619047618,0.8752380952380951,0.15333333333333332,0.96,0.9466666666666667,-0.013333333333333308,0.7619047619047619,0.9285714285714286,0.16666666666666674,29,9
27,1.2561043700013554,0.09902572652895136,legacy67,minmax,0.7219047619047618,0.8752380952380951,0.15333333333333332,0.96,0.9466666666666667,-0.013333333333333308,0.7619047619047619,0.9285714285714286,0.16666666666666674,29,9
27,1.4817820606039076,0.17078433263299386,legacy67,minmax,0.7085714285714286,0.8752380952380951,0.16666666666666652,0.9466666666666667,0.9466666666666667,0.0,0.7619047619047619,0.9285714285714286,0.16666666666666674,29,9
27,1.5375920235481748,0.1868411173731186,legacy67,minmax,0.7085714285714286,0.8752380952380951,0.16666666666666652,0.9466666666666667,0.9466666666666667,0.0,0.7619047619047619,0.9285714285714286,0.16666666666666674,29,9
27,1.7583640270008503,0.24510879027798493,legacy67,minmax,0.7085714285714286,0.8752380952380951,0.16666666666666652,0.9466666666666667,0.9466666666666667,0.0,0.7619047619047619,0.9285714285714286,0.16666666666666674,28,9
27,2.34238498471129,0.36965827544816987,legacy67,minmax,0.7057142857142857,0.8752380952380951,0.1695238095238094,0.92,0.9466666666666667,0.026666666666666616,0.7857142857142857,0.9285714285714286,0.1428571428571429,29,9
27,2.4637685958997446,0.39159991524434057,legacy67,minmax,0.6819047619047618,0.8752380952380951,0.19333333333333336,0.92,0.9466666666666667,0.026666666666666616,0.7619047619047619,0.9285714285714286,0.16666666666666674,30,9
27,2.4810409748678097,0.3946339367881464,legacy67,minmax,0.6819047619047618,0.8752380952380951,0.19333333333333336,0.92,0.9466666666666667,0.026666666666666616,0.7619047619047619,0.9285714285714286,0.16666666666666674,30,9
27,2.5378155082656626,0.40446004697283516,legacy67,minmax,0.6819047619047618,0.8752380952380951,0.19333333333333336,0.92,0.9466666666666667,0.026666666666666616,0.7619047619047619,0.9285714285714286,0.16666666666666674,30,9
27,2.692646910086177,0.43017940760575346,legacy67,minmax,0.6819047619047618,0.8752380952380951,0.19333333333333336,0.92,0.9466666666666667,0.026666666666666616,0.7619047619047619,0.9285714285714286,0.16666666666666674,30,9
27,2.801635158716258,0.4474115788895179,legacy67,minmax,0.6819047619047618,0.8752380952380951,0.19333333333333336,0.92,0.9466666666666667,0.026666666666666616,0.7619047619047619,0.9285714285714286,0.16666666666666674,30,9
27,3.113095956122122,0.4931925073102317,legacy67,minmax,0.6819047619047618,0.8752380952380951,0.19333333333333336,0.92,0.9466666666666667,0.026666666666666616,0.7619047619047619,0.9285714285714286,0.16666666666666674,30,9
27,3.550012525851159,0.5502298854208525,legacy67,minmax,0.6819047619047618,0.8752380952380951,0.19333333333333336,0.92,0.9466666666666667,0.026666666666666616,0.7619047619047619,0.9285714285714286,0.16666666666666674,30,9
27,4.467752817973904,0.6500891374159279,legacy67,minmax,0.6819047619047618,0.8752380952380951,0.19333333333333336,0.92,0.9466666666666667,0.026666666666666616,0.7619047619047619,0.9285714285714286,0.16666666666666674,31,9
27,5.456725485601473,0.7369321060486276,legacy67,minmax,0.7190476190476192,0.8752380952380951,0.156190476190476,0.9333333333333333,0.9466666666666667,0.013333333333333308,0.7857142857142857,0.9285714285714286,0.1428571428571429,32,9
27,6.72093005015611,0.8274293753904685,legacy67,minmax,0.6952380952380952,0.8752380952380951,0.17999999999999994,0.9333333333333333,0.9466666666666667,0.013333333333333308,0.7619047619047619,0.9285714285714286,0.16666666666666674,32,9
27,6.7965780907581514,0.832290311184182,legacy67,minmax,0.6952380952380952,0.8752380952380951,0.17999999999999994,0.9333333333333333,0.9466666666666667,0.013333333333333308,0.7619047619047619,0.9285714285714286,0.16666666666666674,32,9
27,7.128188058401357,0.85297914889198,legacy67,minmax,0.6952380952380952,0.8752380952380951,0.17999999999999994,0.9333333333333333,0.9466666666666667,0.013333333333333308,0.7619047619047619,0.9285714285714286,0.16666666666666674,32,9
27,8.241925264876443,0.9160286721639492,legacy67,minmax,0.6952380952380952,0.8752380952380951,0.17999999999999994,0.9333333333333333,0.9466666666666667,0.013333333333333308,0.7619047619047619,0.9285714285714286,0.16666666666666674,32,30
27,8.287522363768153,0.9184247133522563,legacy67,minmax,0.6714285714285715,0.8752380952380951,0.20380952380952366,0.9333333333333333,0.9466666666666667,0.013333333333333308,0.7380952380952381,0.9285714285714286,0.19047619047619047,32,30
27,8.471801418819974,0.9279757672456204,legacy67,minmax,0.6714285714285715,0.8752380952380951,0.20380952380952366,0.9333333333333333,0.9466666666666667,0.013333333333333308,0.7380952380952381,0.9285714285714286,0.19047619047619047,32,30
27,11.044350847124681,1.0431401944675898,legacy67,minmax,0.6714285714285715,0.8752380952380951,0.20380952380952366,0.9333333333333333,0.9466666666666667,0.013333333333333308,0.7380952380952381,0.9285714285714286,0.19047619047619047,32,30
27,12.130221181165155,1.083868719818244,legacy67,minmax,0.6714285714285715,0.8752380952380951,0.20380952380952366,0.9333333333333333,0.9466666666666667,0.013333333333333308,0.7380952380952381,0.9285714285714286,0.19047619047619047,32,31
27,12.164139351417056,1.085081386743783,legacy67,minmax,0.6714285714285715,0.8752380952380951,0.20380952380952366,0.9333333333333333,0.9466666666666667,0.013333333333333308,0.7380952380952381,0.9285714285714286,0.19047619047619047,32,31
27,12.273800987852958,1.0889790771866297,legacy67,minmax,0.6714285714285715,0.8752380952380951,0.20380952380952366,0.9333333333333333,0.9466666666666667,0.013333333333333308,0.7380952380952381,0.9285714285714286,0.19047619047619047,32,31
27,12.604664585649452,1.1005312934444582,legacy67,minmax,0.6714285714285715,0.8752380952380951,0.20380952380952366,0.9333333333333333,0.9466666666666667,0.013333333333333308,0.7380952380952381,0.9285714285714286,0.19047619047619047,32,31
27,13.826232179369853,1.1407038455720544,legacy67,minmax,0.6714285714285715,0.8990476190476189,0.2276190476190474,0.9333333333333333,0.9466666666666667,0.013333333333333308,0.7380952380952381,0.9523809523809523,0.2142857142857142,32,31
27,16.172900811143133,1.2087879230161587,legacy67,minmax,0.6580952380952381,0.8990476190476189,0.2409523809523808,0.92,0.9466666666666667,0.026666666666666616,0.7380952380952381,0.9523809523809523,0.2142857142857142,32,31
27,17.123375973163967,1.2335893924658445,legacy67,minmax,0.6580952380952381,0.8990476190476189,0.2409523809523808,0.92,0.9466666666666667,0.026666666666666616,0.7380952380952381,0.9523809523809523,0.2142857142857142,32,32
27,18.274508859816006,1.2618457138193366,legacy67,minmax,0.6447619047619049,0.8990476190476189,0.254285714285714,0.9066666666666666,0.9466666666666667,0.040000000000000036,0.7380952380952381,0.9523809523809523,0.2142857142857142,32,32
27,20.65142557895924,1.3149500366077174,legacy67,minmax,0.6580952380952381,0.8990476190476189,0.2409523809523808,0.92,0.9466666666666667,0.026666666666666616,0.7380952380952381,0.9523809523809523,0.2142857142857142,32,32
27,21.36832907235874,1.329770563201687,legacy67,minmax,0.6580952380952381,0.8990476190476189,0.2409523809523808,0.92,0.9466666666666667,0.026666666666666616,0.7380952380952381,0.9523809523809523,0.2142857142857142,32,32
27,28.340904295147727,1.452413703502374,legacy67,minmax,0.6447619047619049,0.8990476190476189,0.254285714285714,0.9066666666666666,0.9466666666666667,0.040000000000000036,0.7380952380952381,0.9523809523809523,0.2142857142857142,32,32
27,29.154431891537524,1.4647045830997407,legacy67,minmax,0.6447619047619049,0.8990476190476189,0.254285714285714,0.9066666666666666,0.9466666666666667,0.040000000000000036,0.7380952380952381,0.9523809523809523,0.2142857142857142,32,32
27,35.387588647792384,1.5488509703053062,legacy67,minmax,0.6209523809523809,0.8990476190476189,0.27809523809523795,0.9066666666666666,0.9466666666666667,0.040000000000000036,0.7142857142857143,0.9523809523809523,0.23809523809523803,32,32
27,37.95853142670639,1.5793094017105953,legacy67,minmax,0.6209523809523809,0.8990476190476189,0.27809523809523795,0.9066666666666666,0.9466666666666667,0.040000000000000036,0.7142857142857143,0.9523809523809523,0.23809523809523803,32,32
27,43.37920697490936,1.6372816083151283,legacy67,minmax,0.6209523809523809,0.8990476190476189,0.27809523809523795,0.9066666666666666,0.9466666666666667,0.040000000000000036,0.7142857142857143,0.9523809523809523,0.23809523809523803,32,32
27,48.69640941520897,1.6874969400924673,legacy67,minmax,0.6209523809523809,0.8990476190476189,0.27809523809523795,0.9066666666666666,0.9466666666666667,0.040000000000000036,0.7142857142857143,0.9523809523809523,0.23809523809523803,32,32
27,57.279044707996185,1.7579957662567565,legacy67,minmax,0.6209523809523809,0.8990476190476189,0.27809523809523795,0.9066666666666666,0.9466666666666667,0.040000000000000036,0.7142857142857143,0.9523809523809523,0.23809523809523803,33,32
27,62.45139574743064,1.795542149013333,legacy67,minmax,0.6209523809523809,0.8990476190476189,0.27809523809523795,0.9066666666666666,0.9466666666666667,0.040000000000000036,0.7142857142857143,0.9523809523809523,0.23809523809523803,33,32
27,63.512210106406926,1.8028572256396647,legacy67,minmax,0.6209523809523809,0.8990476190476189,0.27809523809523795,0.9066666666666666,0.9466666666666667,0.040000000000000036,0.7142857142857143,0.9523809523809523,0.23809523809523803,33,32
27,72.86653737491037,1.8625281322982374,legacy67,minmax,0.6209523809523809,0.8990476190476189,0.27809523809523795,0.9066666666666666,0.9466666666666667,0.040000000000000036,0.7142857142857143,0.9523809523809523,0.23809523809523803,33,32
27,75.56810141274423,1.8783385110582342,legacy67,minmax,0.6209523809523809,0.8990476190476189,0.27809523809523795,0.9066666666666666,0.9466666666666667,0.040000000000000036,0.7142857142857143,0.9523809523809523,0.23809523809523803,33,32
27,75.79479953347995,1.8796394086479773,legacy67,minmax,0.6209523809523809,0.8990476190476189,0.27809523809523795,0.9066666666666666,0.9466666666666667,0.040000000000000036,0.7142857142857143,0.9523809523809523,0.23809523809523803,33,32
27,88.62326508576248,1.9475477464020692,legacy67,minmax,0.6076190476190475,0.8990476190476189,0.29142857142857137,0.8933333333333333,0.9466666666666667,0.053333333333333344,0.7142857142857143,0.9523809523809523,0.23809523809523803,33,32
28,0.010521761868451128,-1.9779115315055904,legacy67,minmax,0.0,0.0,0.0,1.0,1.0,0.0,0.0,0.0,0.0,0,0
28,0.012087541473056955,-1.9176620228167902,legacy67,minmax,0.0,0.0,0.0,1.0,1.0,0.0,0.0,0.0,0.0,0,0
28,0.01263794633808287,-1.8983234930236192,legacy67,minmax,0.0,0.0,0.0,1.0,1.0,0.0,0.0,0.0,0.0,0,0
28,0.013726318898045865,-1.8624459155391264,legacy67,minmax,0.0,0.0,0.0,1.0,1.0,0.0,0.0,0.0,0.0,0,0
28,0.0151673306880762,-1.8190908443578477,legacy67,minmax,0.0,0.0,0.0,1.0,1.0,0.0,0.0,0.0,0.0,0,0
28,0.015339162591163618,-1.814198349120009,legacy67,minmax,0.0,0.0,0.0,1.0,1.0,0.0,0.0,0.0,0.0,0,0
28,0.017073967431528118,-1.7676655513272022,legacy67,minmax,0.0,0.0,0.0,1.0,1.0,0.0,0.0,0.0,0.0,0,0
28,0.017956984225677628,-1.7457665988559055,legacy67,minmax,0.0,0.0,0.0,1.0,1.0,0.0,0.0,0.0,0.0,1,0
28,0.018205657658407252,-1.739793628058882,legacy67,minmax,0.0,0.0,0.0,1.0,1.0,0.0,0.0,0.0,0.0,1,0
28,0.019777828512462715,-1.7038213930636386,legacy67,minmax,0.0,0.0,0.0,1.0,1.0,0.0,0.0,0.0,0.0,1,2
28,0.01987021538542862,-1.7017974252809167,legacy67,minmax,0.0,0.0,0.0,1.0,1.0,0.0,0.0,0.0,0.0,1,2
28,0.022592797420156945,-1.646029991792322,legacy67,minmax,0.0714285714285714,0.0,-0.0714285714285714,1.0,1.0,0.0,0.07142857142857142,0.0,-0.07142857142857142,3,2
28,0.024586032763280048,-1.6093115439744645,legacy67,minmax,0.2142857142857142,0.4152380952380952,0.200952380952381,1.0,0.9866666666666667,-0.013333333333333308,0.21428571428571427,0.42857142857142855,0.21428571428571427,3,2
28,0.027012557725439066,-1.5684342920267822,legacy67,minmax,0.30952380952380953,0.4866666666666668,0.17714285714285727,1.0,0.9866666666666667,-0.013333333333333308,0.30952380952380953,0.5,0.19047619047619047,3,3
28,0.029072088906598435,-1.5365237618994811,legacy67,minmax,0.33333333333333326,0.5104761904761905,0.17714285714285727,1.0,0.9866666666666667,-0.013333333333333308,0.3333333333333333,0.5238095238095238,0.19047619047619052,3,3
28,0.030086868214458433,-1.5216230162467932,legacy67,minmax,0.33333333333333326,0.5104761904761905,0.17714285714285727,1.0,0.9866666666666667,-0.013333333333333308,0.3333333333333333,0.5238095238095238,0.19047619047619052,3,3
28,0.030771802712506853,-1.5118470606208847,legacy67,minmax,0.38095238095238093,0.5104761904761905,0.1295238095238096,1.0,0.9866666666666667,-0.013333333333333308,0.38095238095238093,0.5238095238095238,0.1428571428571429,3,3
28,0.036138942712165265,-1.4420245573918327,legacy67,minmax,0.5238095238095237,0.5104761904761905,-0.013333333333333197,1.0,0.9866666666666667,-0.013333333333333308,0.5238095238095238,0.5238095238095238,0.0,3,3
28,0.03661819220392428,-1.4363031001009494,legacy67,minmax,0.5238095238095237,0.5104761904761905,-0.013333333333333197,1.0,0.9866666666666667,-0.013333333333333308,0.5238095238095238,0.5238095238095238,0.0,4,3
28,0.04207053950287936,-1.3760219186551894,legacy67,minmax,0.6428571428571428,0.8142857142857143,0.17142857142857149,1.0,0.9333333333333333,-0.06666666666666665,0.6428571428571429,0.8809523809523809,0.23809523809523803,5,3
28,0.04207988669606635,-1.375925438230254,legacy67,minmax,0.6428571428571428,0.8142857142857143,0.17142857142857149,1.0,0.9333333333333333,-0.06666666666666665,0.6428571428571429,0.8809523809523809,0.23809523809523803,5,3
28,0.04809461967501572,-1.3179035052508339,legacy67,minmax,0.677142857142857,0.8142857142857143,0.13714285714285723,0.9866666666666667,0.9333333333333333,-0.053333333333333344,0.6904761904761905,0.8809523809523809,0.19047619047619047,6,3
28,0.05337032762603955,-1.2727001311715975,legacy67,minmax,0.677142857142857,0.8142857142857143,0.13714285714285723,0.9866666666666667,0.9333333333333333,-0.053333333333333344,0.6904761904761905,0.8809523809523809,0.19047619047619047,6,3
28,0.05415244119402536,-1.2663819605862647,legacy67,minmax,0.677142857142857,0.8142857142857143,0.13714285714285723,0.9866666666666667,0.9333333333333333,-0.053333333333333344,0.6904761904761905,0.8809523809523809,0.19047619047619047,6,3
28,0.05488047000766042,-1.2605821778978918,legacy67,minmax,0.677142857142857,0.8142857142857143,0.13714285714285723,0.9866666666666667,0.9333333333333333,-0.053333333333333344,0.6904761904761905,0.8809523809523809,0.19047619047619047,6,4
28,0.060803901902965994,-1.2160685503234192,legacy67,minmax,0.6876190476190476,0.8142857142857143,0.1266666666666667,0.9733333333333334,0.9333333333333333,-0.040000000000000036,0.7142857142857143,0.8809523809523809,0.16666666666666663,6,4
28,0.06235377135673155,-1.2051372738633104,legacy67,minmax,0.6876190476190476,0.8142857142857143,0.1266666666666667,0.9733333333333334,0.9333333333333333,-0.040000000000000036,0.7142857142857143,0.8809523809523809,0.16666666666666663,6,4
28,0.06290644294586147,-1.201304871366561,legacy67,minmax,0.6876190476190476,0.8142857142857143,0.1266666666666667,0.9733333333333334,0.9333333333333333,-0.040000000000000036,0.7142857142857143,0.8809523809523809,0.16666666666666663,6,4
28,0.07068974950624601,-1.1506435572868954,legacy67,minmax,0.6742857142857144,0.8142857142857143,0.1399999999999999,0.96,0.9333333333333333,-0.026666666666666616,0.7142857142857143,0.8809523809523809,0.16666666666666663,7,4
28,0.10842262717330158,-0.9648800735999323,legacy67,minmax,0.6580952380952381,0.8380952380952382,0.18000000000000016,0.92,0.9333333333333333,0.013333333333333308,0.7380952380952381,0.9047619047619048,0.16666666666666663,9,6
28,0.12172958098369964,-0.9146038729044164,legacy67,minmax,0.6819047619047618,0.8380952380952382,0.15619047619047643,0.92,0.9333333333333333,0.013333333333333308,0.7619047619047619,0.9047619047619048,0.1428571428571429,11,6
28,0.1329652145729951,-0.876261961250477,legacy67,minmax,0.6819047619047618,0.8380952380952382,0.15619047619047643,0.92,0.9333333333333333,0.013333333333333308,0.7619047619047619,0.9047619047619048,0.1428571428571429,12,6
28,0.14618962793704957,-0.8350834392078323,legacy67,minmax,0.6685714285714286,0.8247619047619048,0.1561904761904762,0.9066666666666666,0.92,0.01333333333333342,0.7619047619047619,0.9047619047619048,0.1428571428571429,13,6
28,0.14742753159914665,-0.8314214058591274,legacy67,minmax,0.6685714285714286,0.8247619047619048,0.1561904761904762,0.9066666666666666,0.92,0.01333333333333342,0.7619047619047619,0.9047619047619048,0.1428571428571429,13,6
28,0.16480446427978968,-0.7830310281618491,legacy67,minmax,0.6685714285714286,0.8247619047619048,0.1561904761904762,0.9066666666666666,0.92,0.01333333333333342,0.7619047619047619,0.9047619047619048,0.1428571428571429,13,6
28,0.16536937182824418,-0.7815449233065173,legacy67,minmax,0.6685714285714286,0.8247619047619048,0.1561904761904762,0.9066666666666666,0.92,0.01333333333333342,0.7619047619047619,0.9047619047619048,0.1428571428571429,13,6
28,0.1753594952976441,-0.7560707131373512,legacy67,minmax,0.6685714285714286,0.8485714285714288,0.18000000000000016,0.9066666666666666,0.92,0.01333333333333342,0.7619047619047619,0.9285714285714286,0.16666666666666674,13,7
28,0.17654048052495064,-0.7531556956423562,legacy67,minmax,0.6685714285714286,0.8485714285714288,0.18000000000000016,0.9066666666666666,0.92,0.01333333333333342,0.7619047619047619,0.9285714285714286,0.16666666666666674,13,7
28,0.1998634077852887,-0.6992667118930118,legacy67,minmax,0.6923809523809523,0.8352380952380951,0.1428571428571428,0.9066666666666666,0.9066666666666666,0.0,0.7857142857142857,0.9285714285714286,0.1428571428571429,13,7
28,0.2001342062287997,-0.6986786769469426,legacy67,minmax,0.6923809523809523,0.8352380952380951,0.1428571428571428,0.9066666666666666,0.9066666666666666,0.0,0.7857142857142857,0.9285714285714286,0.1428571428571429,13,7
28,0.21066486017042194,-0.6764079005894033,legacy67,minmax,0.6923809523809523,0.8085714285714287,0.1161904761904764,0.9066666666666666,0.88,-0.026666666666666616,0.7857142857142857,0.9285714285714286,0.1428571428571429,13,7
28,0.2673088310781669,-0.5729866932256429,legacy67,minmax,0.6790476190476191,0.7952380952380953,0.11619047619047618,0.8933333333333333,0.8666666666666667,-0.026666666666666616,0.7857142857142857,0.9285714285714286,0.1428571428571429,15,9
28,0.2715581955282939,-0.5661370858229096,legacy67,minmax,0.6790476190476191,0.7952380952380953,0.11619047619047618,0.8933333333333333,0.8666666666666667,-0.026666666666666616,0.7857142857142857,0.9285714285714286,0.1428571428571429,15,9
28,0.292043384718141,-0.5345526268252332,legacy67,minmax,0.6790476190476191,0.7952380952380953,0.11619047619047618,0.8933333333333333,0.8666666666666667,-0.026666666666666616,0.7857142857142857,0.9285714285714286,0.1428571428571429,15,9
28,0.314891164795686,-0.50183952461055,legacy67,minmax,0.6314285714285715,0.7819047619047619,0.15047619047619043,0.8933333333333333,0.8533333333333334,-0.039999999999999925,0.7380952380952381,0.9285714285714286,0.19047619047619047,18,9
28,0.35868164986275475,-0.44529084124207197,legacy67,minmax,0.6314285714285715,0.7819047619047619,0.15047619047619043,0.8933333333333333,0.8533333333333334,-0.039999999999999925,0.7380952380952381,0.9285714285714286,0.19047619047619047,18,9
28,0.5130551760589832,-0.2898359265658015,legacy67,minmax,0.6076190476190475,0.7819047619047619,0.17428571428571438,0.8933333333333333,0.8533333333333334,-0.039999999999999925,0.7142857142857143,0.9285714285714286,0.2142857142857143,18,9
28,0.5342937261279772,-0.27221992543153695,legacy67,minmax,0.6314285714285715,0.7819047619047619,0.15047619047619043,0.8933333333333333,0.8533333333333334,-0.039999999999999925,0.7380952380952381,0.9285714285714286,0.19047619047619047,18,9
28,0.5762487216478598,-0.23939002504159476,legacy67,minmax,0.6552380952380952,0.7819047619047619,0.1266666666666667,0.8933333333333333,0.8533333333333334,-0.039999999999999925,0.7619047619047619,0.9285714285714286,0.16666666666666674,19,9
28,0.6672367170464204,-0.17572006313185626,legacy67,minmax,0.6790476190476191,0.7819047619047619,0.10285714285714276,0.8933333333333333,0.8533333333333334,-0.039999999999999925,0.7857142857142857,0.9285714285714286,0.1428571428571429,19,9
28,0.7742116473996242,-0.1111402993522028,legacy67,minmax,0.6685714285714286,0.7819047619047619,0.11333333333333329,0.9066666666666666,0.8533333333333334,-0.05333333333333323,0.7619047619047619,0.9285714285714286,0.16666666666666674,21,9
28,0.9444574254983555,-0.02481761454243703,legacy67,minmax,0.6685714285714286,0.7819047619047619,0.11333333333333329,0.9066666666666666,0.8533333333333334,-0.05333333333333323,0.7619047619047619,0.9285714285714286,0.16666666666666674,22,9
28,0.9565499215943818,-0.019292359554919238,legacy67,minmax,0.6685714285714286,0.7819047619047619,0.11333333333333329,0.9066666666666666,0.8533333333333334,-0.05333333333333323,0.7619047619047619,0.9285714285714286,0.16666666666666674,22,9
28,1.1400863701127315,0.0569377536544464,legacy67,minmax,0.7428571428571429,0.7819047619047619,0.039047619047619,0.9333333333333333,0.8533333333333334,-0.07999999999999996,0.8095238095238095,0.9285714285714286,0.11904761904761907,22,9
28,1.2030178871154662,0.08027208471124325,legacy67,minmax,0.7295238095238097,0.7819047619047619,0.052380952380952195,0.92,0.8533333333333334,-0.06666666666666665,0.8095238095238095,0.9285714285714286,0.11904761904761907,23,9
28,1.2329098365270508,0.0909313175279762,legacy67,minmax,0.7295238095238097,0.7819047619047619,0.052380952380952195,0.92,0.8533333333333334,-0.06666666666666665,0.8095238095238095,0.9285714285714286,0.11904761904761907,23,9
28,1.2561043700013554,0.09902572652895136,legacy67,minmax,0.7295238095238097,0.7819047619047619,0.052380952380952195,0.92,0.8533333333333334,-0.06666666666666665,0.8095238095238095,0.9285714285714286,0.11904761904761907,24,9
28,1.4817820606039076,0.17078433263299386,legacy67,minmax,0.7533333333333334,0.7819047619047619,0.02857142857142847,0.92,0.8533333333333334,-0.06666666666666665,0.8333333333333334,0.9285714285714286,0.09523809523809523,24,9
28,1.5375920235481748,0.1868411173731186,legacy67,minmax,0.7533333333333334,0.7819047619047619,0.02857142857142847,0.92,0.8533333333333334,-0.06666666666666665,0.8333333333333334,0.9285714285714286,0.09523809523809523,24,9
28,1.7583640270008503,0.24510879027798493,legacy67,minmax,0.74,0.7819047619047619,0.04190476190476189,0.9066666666666666,0.8533333333333334,-0.05333333333333323,0.8333333333333334,0.9285714285714286,0.09523809523809523,24,9
28,2.34238498471129,0.36965827544816987,legacy67,minmax,0.7533333333333334,0.7819047619047619,0.02857142857142847,0.92,0.8533333333333334,-0.06666666666666665,0.8333333333333334,0.9285714285714286,0.09523809523809523,27,9
28,2.4637685958997446,0.39159991524434057,legacy67,minmax,0.7533333333333334,0.7819047619047619,0.02857142857142847,0.92,0.8533333333333334,-0.06666666666666665,0.8333333333333334,0.9285714285714286,0.09523809523809523,27,9
28,2.4810409748678097,0.3946339367881464,legacy67,minmax,0.7533333333333334,0.7819047619047619,0.02857142857142847,0.92,0.8533333333333334,-0.06666666666666665,0.8333333333333334,0.9285714285714286,0.09523809523809523,27,9
28,2.5378155082656626,0.40446004697283516,legacy67,minmax,0.7666666666666666,0.7819047619047619,0.015238095238095273,0.9333333333333333,0.8533333333333334,-0.07999999999999996,0.8333333333333334,0.9285714285714286,0.09523809523809523,26,9
28,2.692646910086177,0.43017940760575346,legacy67,minmax,0.7666666666666666,0.7819047619047619,0.015238095238095273,0.9333333333333333,0.8533333333333334,-0.07999999999999996,0.8333333333333334,0.9285714285714286,0.09523809523809523,26,9
28,2.801635158716258,0.4474115788895179,legacy67,minmax,0.7666666666666666,0.7819047619047619,0.015238095238095273,0.9333333333333333,0.8533333333333334,-0.07999999999999996,0.8333333333333334,0.9285714285714286,0.09523809523809523,26,9
28,3.113095956122122,0.4931925073102317,legacy67,minmax,0.7666666666666666,0.7819047619047619,0.015238095238095273,0.9333333333333333,0.8533333333333334,-0.07999999999999996,0.8333333333333334,0.9285714285714286,0.09523809523809523,26,10
28,3.550012525851159,0.5502298854208525,legacy67,minmax,0.7666666666666666,0.7819047619047619,0.015238095238095273,0.9333333333333333,0.8533333333333334,-0.07999999999999996,0.8333333333333334,0.9285714285714286,0.09523809523809523,25,10
28,4.467752817973904,0.6500891374159279,legacy67,minmax,0.7666666666666666,0.7819047619047619,0.015238095238095273,0.9333333333333333,0.8533333333333334,-0.07999999999999996,0.8333333333333334,0.9285714285714286,0.09523809523809523,26,10
28,5.456725485601473,0.7369321060486276,legacy67,minmax,0.7666666666666666,0.7819047619047619,0.015238095238095273,0.9333333333333333,0.8533333333333334,-0.07999999999999996,0.8333333333333334,0.9285714285714286,0.09523809523809523,26,10
28,6.72093005015611,0.8274293753904685,legacy67,minmax,0.7666666666666666,0.7819047619047619,0.015238095238095273,0.9333333333333333,0.8533333333333334,-0.07999999999999996,0.8333333333333334,0.9285714285714286,0.09523809523809523,29,10
28,6.7965780907581514,0.832290311184182,legacy67,minmax,0.7666666666666666,0.7819047619047619,0.015238095238095273,0.9333333333333333,0.8533333333333334,-0.07999999999999996,0.8333333333333334,0.9285714285714286,0.09523809523809523,29,10
28,7.128188058401357,0.85297914889198,legacy67,minmax,0.7666666666666666,0.7819047619047619,0.015238095238095273,0.9333333333333333,0.8533333333333334,-0.07999999999999996,0.8333333333333334,0.9285714285714286,0.09523809523809523,30,10
28,8.241925264876443,0.9160286721639492,legacy67,minmax,0.7428571428571429,0.7819047619047619,0.039047619047619,0.9333333333333333,0.8533333333333334,-0.07999999999999996,0.8095238095238095,0.9285714285714286,0.11904761904761907,30,10
28,8.287522363768153,0.9184247133522563,legacy67,minmax,0.7428571428571429,0.7819047619047619,0.039047619047619,0.9333333333333333,0.8533333333333334,-0.07999999999999996,0.8095238095238095,0.9285714285714286,0.11904761904761907,30,10
28,8.471801418819974,0.9279757672456204,legacy67,minmax,0.7428571428571429,0.7819047619047619,0.039047619047619,0.9333333333333333,0.8533333333333334,-0.07999999999999996,0.8095238095238095,0.9285714285714286,0.11904761904761907,30,10
28,11.044350847124681,1.0431401944675898,legacy67,minmax,0.7428571428571429,0.7819047619047619,0.039047619047619,0.9333333333333333,0.8533333333333334,-0.07999999999999996,0.8095238095238095,0.9285714285714286,0.11904761904761907,30,10
28,12.130221181165155,1.083868719818244,legacy67,minmax,0.7428571428571429,0.7819047619047619,0.039047619047619,0.9333333333333333,0.8533333333333334,-0.07999999999999996,0.8095238095238095,0.9285714285714286,0.11904761904761907,30,10
28,12.164139351417056,1.085081386743783,legacy67,minmax,0.7428571428571429,0.7819047619047619,0.039047619047619,0.9333333333333333,0.8533333333333334,-0.07999999999999996,0.8095238095238095,0.9285714285714286,0.11904761904761907,30,21
28,12.273800987852958,1.0889790771866297,legacy67,minmax,0.7428571428571429,0.7819047619047619,0.039047619047619,0.9333333333333333,0.8533333333333334,-0.07999999999999996,0.8095238095238095,0.9285714285714286,0.11904761904761907,30,21
28,12.604664585649452,1.1005312934444582,legacy67,minmax,0.7428571428571429,0.7819047619047619,0.039047619047619,0.9333333333333333,0.8533333333333334,-0.07999999999999996,0.8095238095238095,0.9285714285714286,0.11904761904761907,30,21
28,13.826232179369853,1.1407038455720544,legacy67,minmax,0.7428571428571429,0.7952380952380953,0.05238095238095242,0.9333333333333333,0.8666666666666667,-0.06666666666666665,0.8095238095238095,0.9285714285714286,0.11904761904761907,31,22
28,16.172900811143133,1.2087879230161587,legacy67,minmax,0.7428571428571429,0.7952380952380953,0.05238095238095242,0.9333333333333333,0.8666666666666667,-0.06666666666666665,0.8095238095238095,0.9285714285714286,0.11904761904761907,32,23
28,17.123375973163967,1.2335893924658445,legacy67,minmax,0.7428571428571429,0.7952380952380953,0.05238095238095242,0.9333333333333333,0.8666666666666667,-0.06666666666666665,0.8095238095238095,0.9285714285714286,0.11904761904761907,32,23
28,18.274508859816006,1.2618457138193366,legacy67,minmax,0.7428571428571429,0.7952380952380953,0.05238095238095242,0.9333333333333333,0.8666666666666667,-0.06666666666666665,0.8095238095238095,0.9285714285714286,0.11904761904761907,32,23
28,20.65142557895924,1.3149500366077174,legacy67,minmax,0.7428571428571429,0.7952380952380953,0.05238095238095242,0.9333333333333333,0.8666666666666667,-0.06666666666666665,0.8095238095238095,0.9285714285714286,0.11904761904761907,32,23
28,21.36832907235874,1.329770563201687,legacy67,minmax,0.7428571428571429,0.7952380952380953,0.05238095238095242,0.9333333333333333,0.8666666666666667,-0.06666666666666665,0.8095238095238095,0.9285714285714286,0.11904761904761907,31,23
28,28.340904295147727,1.452413703502374,legacy67,minmax,0.7428571428571429,0.7952380952380953,0.05238095238095242,0.9333333333333333,0.8666666666666667,-0.06666666666666665,0.8095238095238095,0.9285714285714286,0.11904761904761907,32,23
28,29.154431891537524,1.4647045830997407,legacy67,minmax,0.7428571428571429,0.7952380952380953,0.05238095238095242,0.9333333333333333,0.8666666666666667,-0.06666666666666665,0.8095238095238095,0.9285714285714286,0.11904761904761907,32,24
28,35.387588647792384,1.5488509703053062,legacy67,minmax,0.7428571428571429,0.7952380952380953,0.05238095238095242,0.9333333333333333,0.8666666666666667,-0.06666666666666665,0.8095238095238095,0.9285714285714286,0.11904761904761907,32,24
28,37.95853142670639,1.5793094017105953,legacy67,minmax,0.7428571428571429,0.7952380952380953,0.05238095238095242,0.9333333333333333,0.8666666666666667,-0.06666666666666665,0.8095238095238095,0.9285714285714286,0.11904761904761907,32,24
28,43.37920697490936,1.6372816083151283,legacy67,minmax,0.7428571428571429,0.8085714285714287,0.06571428571428584,0.9333333333333333,0.88,-0.053333333333333344,0.8095238095238095,0.9285714285714286,0.11904761904761907,32,25
28,48.69640941520897,1.6874969400924673,legacy67,minmax,0.7428571428571429,0.8085714285714287,0.06571428571428584,0.9333333333333333,0.88,-0.053333333333333344,0.8095238095238095,0.9285714285714286,0.11904761904761907,32,26
28,57.279044707996185,1.7579957662567565,legacy67,minmax,0.7428571428571429,0.8085714285714287,0.06571428571428584,0.9333333333333333,0.88,-0.053333333333333344,0.8095238095238095,0.9285714285714286,0.11904761904761907,32,26
28,62.45139574743064,1.795542149013333,legacy67,minmax,0.7428571428571429,0.8085714285714287,0.06571428571428584,0.9333333333333333,0.88,-0.053333333333333344,0.8095238095238095,0.9285714285714286,0.11904761904761907,32,26
28,63.512210106406926,1.8028572256396647,legacy67,minmax,0.7428571428571429,0.8085714285714287,0.06571428571428584,0.9333333333333333,0.88,-0.053333333333333344,0.8095238095238095,0.9285714285714286,0.11904761904761907,32,27
28,72.86653737491037,1.8625281322982374,legacy67,minmax,0.7428571428571429,0.8085714285714287,0.06571428571428584,0.9333333333333333,0.88,-0.053333333333333344,0.8095238095238095,0.9285714285714286,0.11904761904761907,32,27
28,75.56810141274423,1.8783385110582342,legacy67,minmax,0.7428571428571429,0.8085714285714287,0.06571428571428584,0.9333333333333333,0.88,-0.053333333333333344,0.8095238095238095,0.9285714285714286,0.11904761904761907,32,28
28,75.79479953347995,1.8796394086479773,legacy67,minmax,0.7428571428571429,0.8085714285714287,0.06571428571428584,0.9333333333333333,0.88,-0.053333333333333344,0.8095238095238095,0.9285714285714286,0.11904761904761907,32,28
28,88.62326508576248,1.9475477464020692,legacy67,minmax,0.7428571428571429,0.8085714285714287,0.06571428571428584,0.9333333333333333,0.88,-0.053333333333333344,0.8095238095238095,0.9285714285714286,0.11904761904761907,32,29
29,0.010521761868451128,-1.9779115315055904,legacy67,minmax,0.0,0.0,0.0,1.0,1.0,0.0,0.0,0.0,0.0,0,0
29,0.012087541473056955,-1.9176620228167902,legacy67,minmax,0.0,0.0,0.0,1.0,1.0,0.0,0.0,0.0,0.0,0,0
29,0.01263794633808287,-1.8983234930236192,legacy67,minmax,0.0,0.0,0.0,1.0,1.0,0.0,0.0,0.0,0.0,0,0
29,0.013726318898045865,-1.8624459155391264,legacy67,minmax,0.0,0.0,0.0,1.0,1.0,0.0,0.0,0.0,0.0,0,0
29,0.0151673306880762,-1.8190908443578477,legacy67,minmax,0.0,0.0,0.0,1.0,1.0,0.0,0.0,0.0,0.0,0,0
29,0.015339162591163618,-1.814198349120009,legacy67,minmax,0.0,0.0,0.0,1.0,1.0,0.0,0.0,0.0,0.0,0,0
29,0.017073967431528118,-1.7676655513272022,legacy67,minmax,0.0,0.0,0.0,1.0,1.0,0.0,0.0,0.0,0.0,1,1
29,0.017956984225677628,-1.7457665988559055,legacy67,minmax,0.0,0.0,0.0,1.0,1.0,0.0,0.0,0.0,0.0,2,1
29,0.018205657658407252,-1.739793628058882,legacy67,minmax,0.0,0.0,0.0,1.0,1.0,0.0,0.0,0.0,0.0,2,1
29,0.019777828512462715,-1.7038213930636386,legacy67,minmax,0.023809523809523725,0.0,-0.023809523809523725,1.0,1.0,0.0,0.023809523809523808,0.0,-0.023809523809523808,3,1
29,0.01987021538542862,-1.7017974252809167,legacy67,minmax,0.023809523809523725,0.0,-0.023809523809523725,1.0,1.0,0.0,0.023809523809523808,0.0,-0.023809523809523808,3,1
29,0.022592797420156945,-1.646029991792322,legacy67,minmax,0.19047619047619047,0.45238095238095233,0.26190476190476186,1.0,1.0,0.0,0.19047619047619047,0.4523809523809524,0.2619047619047619,3,1
29,0.024586032763280048,-1.6093115439744645,legacy67,minmax,0.2857142857142856,0.45238095238095233,0.16666666666666674,1.0,1.0,0.0,0.2857142857142857,0.4523809523809524,0.16666666666666669,3,2
29,0.027012557725439066,-1.5684342920267822,legacy67,minmax,0.30952380952380953,0.45238095238095233,0.1428571428571428,1.0,1.0,0.0,0.30952380952380953,0.4523809523809524,0.14285714285714285,3,2
29,0.029072088906598435,-1.5365237618994811,legacy67,minmax,0.30952380952380953,0.45238095238095233,0.1428571428571428,1.0,1.0,0.0,0.30952380952380953,0.4523809523809524,0.14285714285714285,3,2
29,0.030086868214458433,-1.5216230162467932,legacy67,minmax,0.30952380952380953,0.45238095238095233,0.1428571428571428,1.0,1.0,0.0,0.30952380952380953,0.4523809523809524,0.14285714285714285,3,2
29,0.030771802712506853,-1.5118470606208847,legacy67,minmax,0.38095238095238093,0.45238095238095233,0.0714285714285714,1.0,1.0,0.0,0.38095238095238093,0.4523809523809524,0.07142857142857145,3,2
29,0.036138942712165265,-1.4420245573918327,legacy67,minmax,0.4761904761904763,0.45238095238095233,-0.023809523809523947,1.0,1.0,0.0,0.47619047619047616,0.4523809523809524,-0.02380952380952378,3,2
29,0.03661819220392428,-1.4363031001009494,legacy67,minmax,0.4761904761904763,0.45238095238095233,-0.023809523809523947,1.0,1.0,0.0,0.47619047619047616,0.4523809523809524,-0.02380952380952378,3,2
29,0.04207053950287936,-1.3760219186551894,legacy67,minmax,0.5,0.45238095238095233,-0.04761904761904767,1.0,1.0,0.0,0.5,0.4523809523809524,-0.047619047619047616,3,3
29,0.04207988669606635,-1.375925438230254,legacy67,minmax,0.5,0.45238095238095233,-0.04761904761904767,1.0,1.0,0.0,0.5,0.4523809523809524,-0.047619047619047616,3,3
29,0.04809461967501572,-1.3179035052508339,legacy67,minmax,0.5952380952380953,0.5,-0.09523809523809534,1.0,1.0,0.0,0.5952380952380952,0.5,-0.09523809523809523,5,3
29,0.05337032762603955,-1.2727001311715975,legacy67,minmax,0.6190476190476191,0.5,-0.11904761904761907,1.0,1.0,0.0,0.6190476190476191,0.5,-0.11904761904761907,6,3
29,0.05415244119402536,-1.2663819605862647,legacy67,minmax,0.6190476190476191,0.5,-0.11904761904761907,1.0,1.0,0.0,0.6190476190476191,0.5,-0.11904761904761907,6,3
29,0.05488047000766042,-1.2605821778978918,legacy67,minmax,0.6190476190476191,0.5,-0.11904761904761907,1.0,1.0,0.0,0.6190476190476191,0.5,-0.11904761904761907,6,3
29,0.060803901902965994,-1.2160685503234192,legacy67,minmax,0.6057142857142859,0.5,-0.10571428571428587,0.9866666666666667,1.0,0.013333333333333308,0.6190476190476191,0.5,-0.11904761904761907,6,4
29,0.06235377135673155,-1.2051372738633104,legacy67,minmax,0.6057142857142859,0.5,-0.10571428571428587,0.9866666666666667,1.0,0.013333333333333308,0.6190476190476191,0.5,-0.11904761904761907,6,4
29,0.06290644294586147,-1.201304871366561,legacy67,minmax,0.6057142857142859,0.5,-0.10571428571428587,0.9866666666666667,1.0,0.013333333333333308,0.6190476190476191,0.5,-0.11904761904761907,6,4
29,0.07068974950624601,-1.1506435572868954,legacy67,minmax,0.6533333333333333,0.5238095238095237,-0.1295238095238096,0.9866666666666667,1.0,0.013333333333333308,0.6666666666666666,0.5238095238095238,-0.1428571428571428,6,5
29,0.10842262717330158,-0.9648800735999323,legacy67,minmax,0.6161904761904764,0.6904761904761905,0.07428571428571407,0.9733333333333334,1.0,0.026666666666666616,0.6428571428571429,0.6904761904761905,0.04761904761904756,9,9
29,0.12172958098369964,-0.9146038729044164,legacy67,minmax,0.6161904761904764,0.6904761904761905,0.07428571428571407,0.9733333333333334,1.0,0.026666666666666616,0.6428571428571429,0.6904761904761905,0.04761904761904756,9,9
29,0.1329652145729951,-0.876261961250477,legacy67,minmax,0.6161904761904764,0.7142857142857144,0.09809523809523801,0.9733333333333334,1.0,0.026666666666666616,0.6428571428571429,0.7142857142857143,0.0714285714285714,10,9
29,0.14618962793704957,-0.8350834392078323,legacy67,minmax,0.6161904761904764,0.7142857142857144,0.09809523809523801,0.9733333333333334,1.0,0.026666666666666616,0.6428571428571429,0.7142857142857143,0.0714285714285714,11,10
29,0.14742753159914665,-0.8314214058591274,legacy67,minmax,0.6400000000000001,0.7142857142857144,0.07428571428571429,0.9733333333333334,1.0,0.026666666666666616,0.6666666666666666,0.7142857142857143,0.04761904761904767,11,10
29,0.16480446427978968,-0.7830310281618491,legacy67,minmax,0.6266666666666665,0.7380952380952381,0.11142857142857165,0.96,1.0,0.040000000000000036,0.6666666666666666,0.7380952380952381,0.07142857142857151,12,11
29,0.16536937182824418,-0.7815449233065173,legacy67,minmax,0.6266666666666665,0.7380952380952381,0.11142857142857165,0.96,1.0,0.040000000000000036,0.6666666666666666,0.7380952380952381,0.07142857142857151,12,11
29,0.1753594952976441,-0.7560707131373512,legacy67,minmax,0.6266666666666665,0.7380952380952381,0.11142857142857165,0.96,1.0,0.040000000000000036,0.6666666666666666,0.7380952380952381,0.07142857142857151,12,11
29,0.17654048052495064,-0.7531556956423562,legacy67,minmax,0.6266666666666665,0.7380952380952381,0.11142857142857165,0.96,1.0,0.040000000000000036,0.6666666666666666,0.7380952380952381,0.07142857142857151,12,11
29,0.1998634077852887,-0.6992667118930118,legacy67,minmax,0.6266666666666665,0.7619047619047619,0.13523809523809538,0.96,1.0,0.040000000000000036,0.6666666666666666,0.7619047619047619,0.09523809523809523,14,11
29,0.2001342062287997,-0.6986786769469426,legacy67,minmax,0.6266666666666665,0.7619047619047619,0.13523809523809538,0.96,1.0,0.040000000000000036,0.6666666666666666,0.7619047619047619,0.09523809523809523,14,11
29,0.21066486017042194,-0.6764079005894033,legacy67,minmax,0.6266666666666665,0.7619047619047619,0.13523809523809538,0.96,1.0,0.040000000000000036,0.6666666666666666,0.7619047619047619,0.09523809523809523,14,11
29,0.2673088310781669,-0.5729866932256429,legacy67,minmax,0.5895238095238096,0.7619047619047619,0.1723809523809523,0.9466666666666667,1.0,0.053333333333333344,0.6428571428571429,0.7619047619047619,0.11904761904761896,15,11
29,0.2715581955282939,-0.5661370858229096,legacy67,minmax,0.5895238095238096,0.7619047619047619,0.1723809523809523,0.9466666666666667,1.0,0.053333333333333344,0.6428571428571429,0.7619047619047619,0.11904761904761896,15,11
29,0.292043384718141,-0.5345526268252332,legacy67,minmax,0.5895238095238096,0.7619047619047619,0.1723809523809523,0.9466666666666667,1.0,0.053333333333333344,0.6428571428571429,0.7619047619047619,0.11904761904761896,15,11
29,0.314891164795686,-0.50183952461055,legacy67,minmax,0.6133333333333333,0.7590476190476192,0.1457142857142859,0.9466666666666667,0.9733333333333334,0.026666666666666727,0.6666666666666666,0.7857142857142857,0.11904761904761907,15,10
29,0.35868164986275475,-0.44529084124207197,legacy67,minmax,0.6133333333333333,0.7590476190476192,0.1457142857142859,0.9466666666666667,0.9733333333333334,0.026666666666666727,0.6666666666666666,0.7857142857142857,0.11904761904761907,17,10
29,0.5130551760589832,-0.2898359265658015,legacy67,minmax,0.5895238095238096,0.74,0.15047619047619043,0.9466666666666667,0.9066666666666666,-0.040000000000000036,0.6428571428571429,0.8333333333333334,0.19047619047619047,19,11
29,0.5342937261279772,-0.27221992543153695,legacy67,minmax,0.6266666666666665,0.74,0.11333333333333351,0.96,0.9066666666666666,-0.053333333333333344,0.6666666666666666,0.8333333333333334,0.16666666666666674,19,11
29,0.5762487216478598,-0.23939002504159476,legacy67,minmax,0.6266666666666665,0.74,0.11333333333333351,0.96,0.9066666666666666,-0.053333333333333344,0.6666666666666666,0.8333333333333334,0.16666666666666674,19,11
29,0.6672367170464204,-0.17572006313185626,legacy67,minmax,0.6504761904761904,0.74,0.08952380952380956,0.96,0.9066666666666666,-0.053333333333333344,0.6904761904761905,0.8333333333333334,0.1428571428571429,19,11
29,0.7742116473996242,-0.1111402993522028,legacy67,minmax,0.6742857142857144,0.74,0.06571428571428561,0.96,0.9066666666666666,-0.053333333333333344,0.7142857142857143,0.8333333333333334,0.11904761904761907,21,11
29,0.9444574254983555,-0.02481761454243703,legacy67,minmax,0.637142857142857,0.74,0.10285714285714298,0.9466666666666667,0.9066666666666666,-0.040000000000000036,0.6904761904761905,0.8333333333333334,0.1428571428571429,22,11
29,0.9565499215943818,-0.019292359554919238,legacy67,minmax,0.637142857142857,0.74,0.10285714285714298,0.9466666666666667,0.9066666666666666,-0.040000000000000036,0.6904761904761905,0.8333333333333334,0.1428571428571429,23,11
29,1.1400863701127315,0.0569377536544464,legacy67,minmax,0.637142857142857,0.74,0.10285714285714298,0.9466666666666667,0.9066666666666666,-0.040000000000000036,0.6904761904761905,0.8333333333333334,0.1428571428571429,25,11
29,1.2030178871154662,0.08027208471124325,legacy67,minmax,0.637142857142857,0.74,0.10285714285714298,0.9466666666666667,0.9066666666666666,-0.040000000000000036,0.6904761904761905,0.8333333333333334,0.1428571428571429,25,11
29,1.2329098365270508,0.0909313175279762,legacy67,minmax,0.6000000000000001,0.74,0.1399999999999999,0.9333333333333333,0.9066666666666666,-0.026666666666666727,0.6666666666666666,0.8333333333333334,0.16666666666666674,25,11
29,1.2561043700013554,0.09902572652895136,legacy67,minmax,0.6000000000000001,0.74,0.1399999999999999,0.9333333333333333,0.9066666666666666,-0.026666666666666727,0.6666666666666666,0.8333333333333334,0.16666666666666674,25,11
29,1.4817820606039076,0.17078433263299386,legacy67,minmax,0.5866666666666667,0.74,0.15333333333333332,0.92,0.9066666666666666,-0.01333333333333342,0.6666666666666666,0.8333333333333334,0.16666666666666674,26,11
29,1.5375920235481748,0.1868411173731186,legacy67,minmax,0.5866666666666667,0.74,0.15333333333333332,0.92,0.9066666666666666,-0.01333333333333342,0.6666666666666666,0.8333333333333334,0.16666666666666674,26,11
29,1.7583640270008503,0.24510879027798493,legacy67,minmax,0.5733333333333333,0.74,0.16666666666666674,0.9066666666666666,0.9066666666666666,0.0,0.6666666666666666,0.8333333333333334,0.16666666666666674,29,11
29,2.34238498471129,0.36965827544816987,legacy67,minmax,0.6000000000000001,0.74,0.1399999999999999,0.9333333333333333,0.9066666666666666,-0.026666666666666727,0.6666666666666666,0.8333333333333334,0.16666666666666674,30,11
29,2.4637685958997446,0.39159991524434057,legacy67,minmax,0.6000000000000001,0.74,0.1399999999999999,0.9333333333333333,0.9066666666666666,-0.026666666666666727,0.6666666666666666,0.8333333333333334,0.16666666666666674,30,11
29,2.4810409748678097,0.3946339367881464,legacy67,minmax,0.6000000000000001,0.74,0.1399999999999999,0.9333333333333333,0.9066666666666666,-0.026666666666666727,0.6666666666666666,0.8333333333333334,0.16666666666666674,30,11
29,2.5378155082656626,0.40446004697283516,legacy67,minmax,0.6000000000000001,0.74,0.1399999999999999,0.9333333333333333,0.9066666666666666,-0.026666666666666727,0.6666666666666666,0.8333333333333334,0.16666666666666674,31,11
29,2.692646910086177,0.43017940760575346,legacy67,minmax,0.5866666666666667,0.74,0.15333333333333332,0.92,0.9066666666666666,-0.01333333333333342,0.6666666666666666,0.8333333333333334,0.16666666666666674,31,11
29,2.801635158716258,0.4474115788895179,legacy67,minmax,0.5866666666666667,0.74,0.15333333333333332,0.92,0.9066666666666666,-0.01333333333333342,0.6666666666666666,0.8333333333333334,0.16666666666666674,31,11
29,3.113095956122122,0.4931925073102317,legacy67,minmax,0.5866666666666667,0.74,0.15333333333333332,0.92,0.9066666666666666,-0.01333333333333342,0.6666666666666666,0.8333333333333334,0.16666666666666674,31,11
29,3.550012525851159,0.5502298854208525,legacy67,minmax,0.5866666666666667,0.74,0.15333333333333332,0.92,0.9066666666666666,-0.01333333333333342,0.6666666666666666,0.8333333333333334,0.16666666666666674,31,11
29,4.467752817973904,0.6500891374159279,legacy67,minmax,0.5866666666666667,0.7876190476190477,0.200952380952381,0.92,0.9066666666666666,-0.01333333333333342,0.6666666666666666,0.8809523809523809,0.2142857142857143,30,11
29,5.456725485601473,0.7369321060486276,legacy67,minmax,0.5866666666666667,0.7876190476190477,0.200952380952381,0.92,0.9066666666666666,-0.01333333333333342,0.6666666666666666,0.8809523809523809,0.2142857142857143,31,11
29,6.72093005015611,0.8274293753904685,legacy67,minmax,0.5866666666666667,0.7876190476190477,0.200952380952381,0.92,0.9066666666666666,-0.01333333333333342,0.6666666666666666,0.8809523809523809,0.2142857142857143,31,11
29,6.7965780907581514,0.832290311184182,legacy67,minmax,0.5866666666666667,0.7876190476190477,0.200952380952381,0.92,0.9066666666666666,-0.01333333333333342,0.6666666666666666,0.8809523809523809,0.2142857142857143,31,11
29,7.128188058401357,0.85297914889198,legacy67,minmax,0.5866666666666667,0.74,0.15333333333333332,0.92,0.9066666666666666,-0.01333333333333342,0.6666666666666666,0.8333333333333334,0.16666666666666674,31,11
29,8.241925264876443,0.9160286721639492,legacy67,minmax,0.5866666666666667,0.7876190476190477,0.200952380952381,0.92,0.9066666666666666,-0.01333333333333342,0.6666666666666666,0.8809523809523809,0.2142857142857143,31,11
29,8.287522363768153,0.9184247133522563,legacy67,minmax,0.5866666666666667,0.7876190476190477,0.200952380952381,0.92,0.9066666666666666,-0.01333333333333342,0.6666666666666666,0.8809523809523809,0.2142857142857143,31,11
29,8.471801418819974,0.9279757672456204,legacy67,minmax,0.5866666666666667,0.7876190476190477,0.200952380952381,0.92,0.9066666666666666,-0.01333333333333342,0.6666666666666666,0.8809523809523809,0.2142857142857143,31,11
29,11.044350847124681,1.0431401944675898,legacy67,minmax,0.5866666666666667,0.74,0.15333333333333332,0.92,0.9066666666666666,-0.01333333333333342,0.6666666666666666,0.8333333333333334,0.16666666666666674,31,22
29,12.130221181165155,1.083868719818244,legacy67,minmax,0.5866666666666667,0.7876190476190477,0.200952380952381,0.92,0.9066666666666666,-0.01333333333333342,0.6666666666666666,0.8809523809523809,0.2142857142857143,32,21
29,12.164139351417056,1.085081386743783,legacy67,minmax,0.5866666666666667,0.7876190476190477,0.200952380952381,0.92,0.9066666666666666,-0.01333333333333342,0.6666666666666666,0.8809523809523809,0.2142857142857143,32,22
29,12.273800987852958,1.0889790771866297,legacy67,minmax,0.5866666666666667,0.7876190476190477,0.200952380952381,0.92,0.9066666666666666,-0.01333333333333342,0.6666666666666666,0.8809523809523809,0.2142857142857143,32,21
29,12.604664585649452,1.1005312934444582,legacy67,minmax,0.5866666666666667,0.7876190476190477,0.200952380952381,0.92,0.9066666666666666,-0.01333333333333342,0.6666666666666666,0.8809523809523809,0.2142857142857143,32,21
29,13.826232179369853,1.1407038455720544,legacy67,minmax,0.5866666666666667,0.7876190476190477,0.200952380952381,0.92,0.9066666666666666,-0.01333333333333342,0.6666666666666666,0.8809523809523809,0.2142857142857143,32,21
29,16.172900811143133,1.2087879230161587,legacy67,minmax,0.5733333333333333,0.7876190476190477,0.2142857142857144,0.9066666666666666,0.9066666666666666,0.0,0.6666666666666666,0.8809523809523809,0.2142857142857143,33,22
29,17.123375973163967,1.2335893924658445,legacy67,minmax,0.5733333333333333,0.7876190476190477,0.2142857142857144,0.9066666666666666,0.9066666666666666,0.0,0.6666666666666666,0.8809523809523809,0.2142857142857143,33,21
29,18.274508859816006,1.2618457138193366,legacy67,minmax,0.5733333333333333,0.7876190476190477,0.2142857142857144,0.9066666666666666,0.9066666666666666,0.0,0.6666666666666666,0.8809523809523809,0.2142857142857143,33,21
29,20.65142557895924,1.3149500366077174,legacy67,minmax,0.5733333333333333,0.7876190476190477,0.2142857142857144,0.9066666666666666,0.9066666666666666,0.0,0.6666666666666666,0.8809523809523809,0.2142857142857143,33,22
29,21.36832907235874,1.329770563201687,legacy67,minmax,0.5733333333333333,0.7876190476190477,0.2142857142857144,0.9066666666666666,0.9066666666666666,0.0,0.6666666666666666,0.8809523809523809,0.2142857142857143,33,22
29,28.340904295147727,1.452413703502374,legacy67,minmax,0.56,0.7876190476190477,0.2276190476190476,0.8933333333333333,0.9066666666666666,0.013333333333333308,0.6666666666666666,0.8809523809523809,0.2142857142857143,33,21
29,29.154431891537524,1.4647045830997407,legacy67,minmax,0.56,0.7876190476190477,0.2276190476190476,0.8933333333333333,0.9066666666666666,0.013333333333333308,0.6666666666666666,0.8809523809523809,0.2142857142857143,33,21
29,35.387588647792384,1.5488509703053062,legacy67,minmax,0.56,0.7742857142857142,0.2142857142857142,0.8933333333333333,0.8933333333333333,0.0,0.6666666666666666,0.8809523809523809,0.2142857142857143,33,21
29,37.95853142670639,1.5793094017105953,legacy67,minmax,0.56,0.7742857142857142,0.2142857142857142,0.8933333333333333,0.8933333333333333,0.0,0.6666666666666666,0.8809523809523809,0.2142857142857143,33,22
29,43.37920697490936,1.6372816083151283,legacy67,minmax,0.56,0.7876190476190477,0.2276190476190476,0.8933333333333333,0.9066666666666666,0.013333333333333308,0.6666666666666666,0.8809523809523809,0.2142857142857143,33,24
29,48.69640941520897,1.6874969400924673,legacy67,minmax,0.56,0.7876190476190477,0.2276190476190476,0.8933333333333333,0.9066666666666666,0.013333333333333308,0.6666666666666666,0.8809523809523809,0.2142857142857143,33,24
29,57.279044707996185,1.7579957662567565,legacy67,minmax,0.56,0.7876190476190477,0.2276190476190476,0.8933333333333333,0.9066666666666666,0.013333333333333308,0.6666666666666666,0.8809523809523809,0.2142857142857143,33,25
29,62.45139574743064,1.795542149013333,legacy67,minmax,0.56,0.7876190476190477,0.2276190476190476,0.8933333333333333,0.9066666666666666,0.013333333333333308,0.6666666666666666,0.8809523809523809,0.2142857142857143,33,26
29,63.512210106406926,1.8028572256396647,legacy67,minmax,0.56,0.7876190476190477,0.2276190476190476,0.8933333333333333,0.9066666666666666,0.013333333333333308,0.6666666666666666,0.8809523809523809,0.2142857142857143,33,26
29,72.86653737491037,1.8625281322982374,legacy67,minmax,0.5466666666666666,0.7876190476190477,0.24095238095238103,0.88,0.9066666666666666,0.026666666666666616,0.6666666666666666,0.8809523809523809,0.2142857142857143,33,27
29,75.56810141274423,1.8783385110582342,legacy67,minmax,0.5466666666666666,0.7876190476190477,0.24095238095238103,0.88,0.9066666666666666,0.026666666666666616,0.6666666666666666,0.8809523809523809,0.2142857142857143,33,28
29,75.79479953347995,1.8796394086479773,legacy67,minmax,0.5466666666666666,0.7876190476190477,0.24095238095238103,0.88,0.9066666666666666,0.026666666666666616,0.6666666666666666,0.8809523809523809,0.2142857142857143,33,28
29,88.62326508576248,1.9475477464020692,legacy67,minmax,0.5466666666666666,0.7876190476190477,0.24095238095238103,0.88,0.9066666666666666,0.026666666666666616,0.6666666666666666,0.8809523809523809,0.2142857142857143,33,29
30,0.010521761868451128,-1.9779115315055904,legacy67,minmax,0.0,0.0,0.0,1.0,1.0,0.0,0.0,0.0,0.0,0,0
30,0.012087541473056955,-1.9176620228167902,legacy67,minmax,0.0,0.0,0.0,1.0,1.0,0.0,0.0,0.0,0.0,0,0
30,0.01263794633808287,-1.8983234930236192,legacy67,minmax,0.0,0.0,0.0,1.0,1.0,0.0,0.0,0.0,0.0,0,0
30,0.013726318898045865,-1.8624459155391264,legacy67,minmax,0.0,0.0,0.0,1.0,1.0,0.0,0.0,0.0,0.0,0,0
30,0.0151673306880762,-1.8190908443578477,legacy67,minmax,0.0,0.0,0.0,1.0,1.0,0.0,0.0,0.0,0.0,0,0
30,0.015339162591163618,-1.814198349120009,legacy67,minmax,0.0,0.0,0.0,1.0,1.0,0.0,0.0,0.0,0.0,0,0
30,0.017073967431528118,-1.7676655513272022,legacy67,minmax,0.0,0.0,0.0,1.0,1.0,0.0,0.0,0.0,0.0,1,1
30,0.017956984225677628,-1.7457665988559055,legacy67,minmax,0.0,0.0,0.0,1.0,1.0,0.0,0.0,0.0,0.0,2,1
30,0.018205657658407252,-1.739793628058882,legacy67,minmax,0.0,0.0,0.0,1.0,1.0,0.0,0.0,0.0,0.0,2,1
30,0.019777828512462715,-1.7038213930636386,legacy67,minmax,0.04761904761904767,0.0,-0.04761904761904767,1.0,1.0,0.0,0.047619047619047616,0.0,-0.047619047619047616,3,1
30,0.01987021538542862,-1.7017974252809167,legacy67,minmax,0.04761904761904767,0.0,-0.04761904761904767,1.0,1.0,0.0,0.047619047619047616,0.0,-0.047619047619047616,3,1
30,0.022592797420156945,-1.646029991792322,legacy67,minmax,0.19047619047619047,0.5,0.30952380952380953,1.0,1.0,0.0,0.19047619047619047,0.5,0.30952380952380953,3,1
30,0.024586032763280048,-1.6093115439744645,legacy67,minmax,0.2857142857142856,0.5,0.2142857142857144,1.0,1.0,0.0,0.2857142857142857,0.5,0.2142857142857143,3,2
30,0.027012557725439066,-1.5684342920267822,legacy67,minmax,0.30952380952380953,0.5,0.19047619047619047,1.0,1.0,0.0,0.30952380952380953,0.5,0.19047619047619047,4,3
30,0.029072088906598435,-1.5365237618994811,legacy67,minmax,0.30952380952380953,0.5,0.19047619047619047,1.0,1.0,0.0,0.30952380952380953,0.5,0.19047619047619047,4,3
30,0.030086868214458433,-1.5216230162467932,legacy67,minmax,0.30952380952380953,0.5,0.19047619047619047,1.0,1.0,0.0,0.30952380952380953,0.5,0.19047619047619047,4,3
30,0.030771802712506853,-1.5118470606208847,legacy67,minmax,0.30952380952380953,0.5,0.19047619047619047,1.0,1.0,0.0,0.30952380952380953,0.5,0.19047619047619047,4,3
30,0.036138942712165265,-1.4420245573918327,legacy67,minmax,0.4285714285714286,0.5476190476190477,0.11904761904761907,1.0,1.0,0.0,0.42857142857142855,0.5476190476190477,0.11904761904761912,4,3
30,0.03661819220392428,-1.4363031001009494,legacy67,minmax,0.4761904761904763,0.5476190476190477,0.0714285714285714,1.0,1.0,0.0,0.47619047619047616,0.5476190476190477,0.07142857142857151,4,3
30,0.04207053950287936,-1.3760219186551894,legacy67,minmax,0.5714285714285714,0.5476190476190477,-0.023809523809523725,1.0,1.0,0.0,0.5714285714285714,0.5476190476190477,-0.023809523809523725,4,3
30,0.04207988669606635,-1.375925438230254,legacy67,minmax,0.5714285714285714,0.5476190476190477,-0.023809523809523725,1.0,1.0,0.0,0.5714285714285714,0.5476190476190477,-0.023809523809523725,4,3
30,0.04809461967501572,-1.3179035052508339,legacy67,minmax,0.5952380952380953,0.5476190476190477,-0.04761904761904767,1.0,1.0,0.0,0.5952380952380952,0.5476190476190477,-0.04761904761904756,5,3
30,0.05337032762603955,-1.2727001311715975,legacy67,minmax,0.5714285714285714,0.5476190476190477,-0.023809523809523725,1.0,1.0,0.0,0.5714285714285714,0.5476190476190477,-0.023809523809523725,5,3
30,0.05415244119402536,-1.2663819605862647,legacy67,minmax,0.5714285714285714,0.5476190476190477,-0.023809523809523725,1.0,1.0,0.0,0.5714285714285714,0.5476190476190477,-0.023809523809523725,5,3
30,0.05488047000766042,-1.2605821778978918,legacy67,minmax,0.5714285714285714,0.5476190476190477,-0.023809523809523725,1.0,1.0,0.0,0.5714285714285714,0.5476190476190477,-0.023809523809523725,5,3
30,0.060803901902965994,-1.2160685503234192,legacy67,minmax,0.5714285714285714,0.6504761904761904,0.07904761904761903,1.0,0.96,-0.040000000000000036,0.5714285714285714,0.6904761904761905,0.11904761904761907,5,4
30,0.06235377135673155,-1.2051372738633104,legacy67,minmax,0.5714285714285714,0.6504761904761904,0.07904761904761903,1.0,0.96,-0.040000000000000036,0.5714285714285714,0.6904761904761905,0.11904761904761907,5,4
30,0.06290644294586147,-1.201304871366561,legacy67,minmax,0.5714285714285714,0.6504761904761904,0.07904761904761903,1.0,0.96,-0.040000000000000036,0.5714285714285714,0.6904761904761905,0.11904761904761907,5,4
30,0.07068974950624601,-1.1506435572868954,legacy67,minmax,0.5952380952380953,0.6742857142857144,0.07904761904761903,1.0,0.96,-0.040000000000000036,0.5952380952380952,0.7142857142857143,0.11904761904761907,5,4
30,0.10842262717330158,-0.9648800735999323,legacy67,minmax,0.5819047619047619,0.6980952380952381,0.11619047619047618,0.9866666666666667,0.96,-0.026666666666666727,0.5952380952380952,0.7380952380952381,0.1428571428571429,7,4
30,0.12172958098369964,-0.9146038729044164,legacy67,minmax,0.5819047619047619,0.6980952380952381,0.11619047619047618,0.9866666666666667,0.96,-0.026666666666666727,0.5952380952380952,0.7380952380952381,0.1428571428571429,7,4
30,0.1329652145729951,-0.876261961250477,legacy67,minmax,0.5685714285714285,0.6980952380952381,0.1295238095238096,0.9733333333333334,0.96,-0.01333333333333342,0.5952380952380952,0.7380952380952381,0.1428571428571429,7,5
30,0.14618962793704957,-0.8350834392078323,legacy67,minmax,0.6161904761904764,0.6980952380952381,0.0819047619047617,0.9733333333333334,0.96,-0.01333333333333342,0.6428571428571429,0.7380952380952381,0.09523809523809523,8,5
30,0.14742753159914665,-0.8314214058591274,legacy67,minmax,0.6161904761904764,0.6980952380952381,0.0819047619047617,0.9733333333333334,0.96,-0.01333333333333342,0.6428571428571429,0.7380952380952381,0.09523809523809523,8,5
30,0.16480446427978968,-0.7830310281618491,legacy67,minmax,0.6400000000000001,0.6980952380952381,0.05809523809523798,0.9733333333333334,0.96,-0.01333333333333342,0.6666666666666666,0.7380952380952381,0.07142857142857151,9,5
30,0.16536937182824418,-0.7815449233065173,legacy67,minmax,0.6400000000000001,0.6980952380952381,0.05809523809523798,0.9733333333333334,0.96,-0.01333333333333342,0.6666666666666666,0.7380952380952381,0.07142857142857151,9,5
30,0.1753594952976441,-0.7560707131373512,legacy67,minmax,0.6400000000000001,0.6980952380952381,0.05809523809523798,0.9733333333333334,0.96,-0.01333333333333342,0.6666666666666666,0.7380952380952381,0.07142857142857151,10,6
30,0.17654048052495064,-0.7531556956423562,legacy67,minmax,0.6400000000000001,0.6980952380952381,0.05809523809523798,0.9733333333333334,0.96,-0.01333333333333342,0.6666666666666666,0.7380952380952381,0.07142857142857151,10,6
30,0.1998634077852887,-0.6992667118930118,legacy67,minmax,0.6266666666666665,0.7219047619047618,0.09523809523809534,0.96,0.96,0.0,0.6666666666666666,0.7619047619047619,0.09523809523809523,12,6
30,0.2001342062287997,-0.6986786769469426,legacy67,minmax,0.6266666666666665,0.7219047619047618,0.09523809523809534,0.96,0.96,0.0,0.6666666666666666,0.7619047619047619,0.09523809523809523,12,6
30,0.21066486017042194,-0.6764079005894033,legacy67,minmax,0.6266666666666665,0.7219047619047618,0.09523809523809534,0.96,0.96,0.0,0.6666666666666666,0.7619047619047619,0.09523809523809523,12,6
30,0.2673088310781669,-0.5729866932256429,legacy67,minmax,0.6266666666666665,0.7219047619047618,0.09523809523809534,0.96,0.96,0.0,0.6666666666666666,0.7619047619047619,0.09523809523809523,14,7
30,0.2715581955282939,-0.5661370858229096,legacy67,minmax,0.6133333333333333,0.7219047619047618,0.10857142857142854,0.9466666666666667,0.96,0.013333333333333308,0.6666666666666666,0.7619047619047619,0.09523809523809523,14,7
30,0.292043384718141,-0.5345526268252332,legacy67,minmax,0.6133333333333333,0.7457142857142856,0.13238095238095227,0.9466666666666667,0.96,0.013333333333333308,0.6666666666666666,0.7857142857142857,0.11904761904761907,15,7
30,0.314891164795686,-0.50183952461055,legacy67,minmax,0.6133333333333333,0.7457142857142856,0.13238095238095227,0.9466666666666667,0.96,0.013333333333333308,0.6666666666666666,0.7857142857142857,0.11904761904761907,15,7
30,0.35868164986275475,-0.44529084124207197,legacy67,minmax,0.637142857142857,0.7723809523809524,0.13523809523809538,0.9466666666666667,0.9866666666666667,0.040000000000000036,0.6904761904761905,0.7857142857142857,0.09523809523809523,17,7
30,0.5130551760589832,-0.2898359265658015,legacy67,minmax,0.6742857142857144,0.7723809523809524,0.09809523809523801,0.96,0.9866666666666667,0.026666666666666727,0.7142857142857143,0.7857142857142857,0.0714285714285714,17,8
30,0.5342937261279772,-0.27221992543153695,legacy67,minmax,0.6980952380952381,0.7723809523809524,0.07428571428571429,0.96,0.9866666666666667,0.026666666666666727,0.7380952380952381,0.7857142857142857,0.04761904761904756,18,8
30,0.5762487216478598,-0.23939002504159476,legacy67,minmax,0.6980952380952381,0.7723809523809524,0.07428571428571429,0.96,0.9866666666666667,0.026666666666666727,0.7380952380952381,0.7857142857142857,0.04761904761904756,19,8
30,0.6672367170464204,-0.17572006313185626,legacy67,minmax,0.6980952380952381,0.7961904761904761,0.09809523809523801,0.96,0.9866666666666667,0.026666666666666727,0.7380952380952381,0.8095238095238095,0.0714285714285714,21,8
30,0.7742116473996242,-0.1111402993522028,legacy67,minmax,0.6980952380952381,0.8304761904761904,0.13238095238095227,0.96,0.9733333333333334,0.01333333333333342,0.7380952380952381,0.8571428571428571,0.11904761904761896,22,8
30,0.9444574254983555,-0.02481761454243703,legacy67,minmax,0.6847619047619049,0.8304761904761904,0.14571428571428546,0.9466666666666667,0.9733333333333334,0.026666666666666727,0.7380952380952381,0.8571428571428571,0.11904761904761896,23,8
30,0.9565499215943818,-0.019292359554919238,legacy67,minmax,0.6847619047619049,0.8304761904761904,0.14571428571428546,0.9466666666666667,0.9733333333333334,0.026666666666666727,0.7380952380952381,0.8571428571428571,0.11904761904761896,23,8
30,1.1400863701127315,0.0569377536544464,legacy67,minmax,0.6952380952380952,0.8304761904761904,0.13523809523809516,0.9333333333333333,0.9733333333333334,0.040000000000000036,0.7619047619047619,0.8571428571428571,0.09523809523809523,24,8
30,1.2030178871154662,0.08027208471124325,legacy67,minmax,0.7190476190476192,0.8304761904761904,0.11142857142857121,0.9333333333333333,0.9733333333333334,0.040000000000000036,0.7857142857142857,0.8571428571428571,0.0714285714285714,25,8
30,1.2329098365270508,0.0909313175279762,legacy67,minmax,0.6952380952380952,0.8304761904761904,0.13523809523809516,0.9333333333333333,0.9733333333333334,0.040000000000000036,0.7619047619047619,0.8571428571428571,0.09523809523809523,25,8
30,1.2561043700013554,0.09902572652895136,legacy67,minmax,0.6952380952380952,0.8304761904761904,0.13523809523809516,0.9333333333333333,0.9733333333333334,0.040000000000000036,0.7619047619047619,0.8571428571428571,0.09523809523809523,25,8
30,1.4817820606039076,0.17078433263299386,legacy67,minmax,0.7057142857142857,0.8304761904761904,0.12476190476190463,0.92,0.9733333333333334,0.053333333333333344,0.7857142857142857,0.8571428571428571,0.0714285714285714,26,8
30,1.5375920235481748,0.1868411173731186,legacy67,minmax,0.7057142857142857,0.8304761904761904,0.12476190476190463,0.92,0.9733333333333334,0.053333333333333344,0.7857142857142857,0.8571428571428571,0.0714285714285714,26,8
30,1.7583640270008503,0.24510879027798493,legacy67,minmax,0.7057142857142857,0.8304761904761904,0.12476190476190463,0.92,0.9733333333333334,0.053333333333333344,0.7857142857142857,0.8571428571428571,0.0714285714285714,26,8
30,2.34238498471129,0.36965827544816987,legacy67,minmax,0.7771428571428571,0.8304761904761904,0.05333333333333323,0.92,0.9733333333333334,0.053333333333333344,0.8571428571428571,0.8571428571428571,0.0,27,8
30,2.4637685958997446,0.39159991524434057,legacy67,minmax,0.7771428571428571,0.8304761904761904,0.05333333333333323,0.92,0.9733333333333334,0.053333333333333344,0.8571428571428571,0.8571428571428571,0.0,27,8
30,2.4810409748678097,0.3946339367881464,legacy67,minmax,0.7771428571428571,0.8304761904761904,0.05333333333333323,0.92,0.9733333333333334,0.053333333333333344,0.8571428571428571,0.8571428571428571,0.0,27,8
30,2.5378155082656626,0.40446004697283516,legacy67,minmax,0.7771428571428571,0.8304761904761904,0.05333333333333323,0.92,0.9733333333333334,0.053333333333333344,0.8571428571428571,0.8571428571428571,0.0,27,8
30,2.692646910086177,0.43017940760575346,legacy67,minmax,0.7771428571428571,0.8304761904761904,0.05333333333333323,0.92,0.9733333333333334,0.053333333333333344,0.8571428571428571,0.8571428571428571,0.0,27,8
30,2.801635158716258,0.4474115788895179,legacy67,minmax,0.7771428571428571,0.8304761904761904,0.05333333333333323,0.92,0.9733333333333334,0.053333333333333344,0.8571428571428571,0.8571428571428571,0.0,27,8
30,3.113095956122122,0.4931925073102317,legacy67,minmax,0.7771428571428571,0.8304761904761904,0.05333333333333323,0.92,0.9733333333333334,0.053333333333333344,0.8571428571428571,0.8571428571428571,0.0,28,8
30,3.550012525851159,0.5502298854208525,legacy67,minmax,0.7771428571428571,0.8304761904761904,0.05333333333333323,0.92,0.9733333333333334,0.053333333333333344,0.8571428571428571,0.8571428571428571,0.0,28,8
30,4.467752817973904,0.6500891374159279,legacy67,minmax,0.7638095238095237,0.8304761904761904,0.06666666666666665,0.9066666666666666,0.9733333333333334,0.06666666666666676,0.8571428571428571,0.8571428571428571,0.0,30,8
30,5.456725485601473,0.7369321060486276,legacy67,minmax,0.7638095238095237,0.8304761904761904,0.06666666666666665,0.9066666666666666,0.9733333333333334,0.06666666666666676,0.8571428571428571,0.8571428571428571,0.0,31,8
30,6.72093005015611,0.8274293753904685,legacy67,minmax,0.716190476190476,0.8304761904761904,0.11428571428571432,0.9066666666666666,0.9733333333333334,0.06666666666666676,0.8095238095238095,0.8571428571428571,0.04761904761904756,32,8
30,6.7965780907581514,0.832290311184182,legacy67,minmax,0.716190476190476,0.8304761904761904,0.11428571428571432,0.9066666666666666,0.9733333333333334,0.06666666666666676,0.8095238095238095,0.8571428571428571,0.04761904761904756,32,8
30,7.128188058401357,0.85297914889198,legacy67,minmax,0.716190476190476,0.8304761904761904,0.11428571428571432,0.9066666666666666,0.9733333333333334,0.06666666666666676,0.8095238095238095,0.8571428571428571,0.04761904761904756,32,8
30,8.241925264876443,0.9160286721639492,legacy67,minmax,0.6923809523809523,0.8304761904761904,0.13809523809523805,0.9066666666666666,0.9733333333333334,0.06666666666666676,0.7857142857142857,0.8571428571428571,0.0714285714285714,32,29
30,8.287522363768153,0.9184247133522563,legacy67,minmax,0.6923809523809523,0.8304761904761904,0.13809523809523805,0.9066666666666666,0.9733333333333334,0.06666666666666676,0.7857142857142857,0.8571428571428571,0.0714285714285714,32,29
30,8.471801418819974,0.9279757672456204,legacy67,minmax,0.6923809523809523,0.8304761904761904,0.13809523809523805,0.9066666666666666,0.9733333333333334,0.06666666666666676,0.7857142857142857,0.8571428571428571,0.0714285714285714,32,29
30,11.044350847124681,1.0431401944675898,legacy67,minmax,0.716190476190476,0.8304761904761904,0.11428571428571432,0.9066666666666666,0.9733333333333334,0.06666666666666676,0.8095238095238095,0.8571428571428571,0.04761904761904756,33,29
30,12.130221181165155,1.083868719818244,legacy67,minmax,0.716190476190476,0.8304761904761904,0.11428571428571432,0.9066666666666666,0.9733333333333334,0.06666666666666676,0.8095238095238095,0.8571428571428571,0.04761904761904756,33,29
30,12.164139351417056,1.085081386743783,legacy67,minmax,0.716190476190476,0.8304761904761904,0.11428571428571432,0.9066666666666666,0.9733333333333334,0.06666666666666676,0.8095238095238095,0.8571428571428571,0.04761904761904756,33,29
30,12.273800987852958,1.0889790771866297,legacy67,minmax,0.716190476190476,0.8304761904761904,0.11428571428571432,0.9066666666666666,0.9733333333333334,0.06666666666666676,0.8095238095238095,0.8571428571428571,0.04761904761904756,33,29
30,12.604664585649452,1.1005312934444582,legacy67,minmax,0.716190476190476,0.8304761904761904,0.11428571428571432,0.9066666666666666,0.9733333333333334,0.06666666666666676,0.8095238095238095,0.8571428571428571,0.04761904761904756,33,29
30,13.826232179369853,1.1407038455720544,legacy67,minmax,0.7028571428571428,0.8304761904761904,0.12761904761904752,0.8933333333333333,0.9733333333333334,0.08000000000000007,0.8095238095238095,0.8571428571428571,0.04761904761904756,33,29
30,16.172900811143133,1.2087879230161587,legacy67,minmax,0.7028571428571428,0.8304761904761904,0.12761904761904752,0.8933333333333333,0.9733333333333334,0.08000000000000007,0.8095238095238095,0.8571428571428571,0.04761904761904756,33,29
30,17.123375973163967,1.2335893924658445,legacy67,minmax,0.7028571428571428,0.8304761904761904,0.12761904761904752,0.8933333333333333,0.9733333333333334,0.08000000000000007,0.8095238095238095,0.8571428571428571,0.04761904761904756,33,29
30,18.274508859816006,1.2618457138193366,legacy67,minmax,0.7028571428571428,0.8304761904761904,0.12761904761904752,0.8933333333333333,0.9733333333333334,0.08000000000000007,0.8095238095238095,0.8571428571428571,0.04761904761904756,32,29
30,20.65142557895924,1.3149500366077174,legacy67,minmax,0.7028571428571428,0.8304761904761904,0.12761904761904752,0.8933333333333333,0.9733333333333334,0.08000000000000007,0.8095238095238095,0.8571428571428571,0.04761904761904756,32,29
30,21.36832907235874,1.329770563201687,legacy67,minmax,0.7028571428571428,0.8304761904761904,0.12761904761904752,0.8933333333333333,0.9733333333333334,0.08000000000000007,0.8095238095238095,0.8571428571428571,0.04761904761904756,32,29
30,28.340904295147727,1.452413703502374,legacy67,minmax,0.7028571428571428,0.8304761904761904,0.12761904761904752,0.8933333333333333,0.9733333333333334,0.08000000000000007,0.8095238095238095,0.8571428571428571,0.04761904761904756,32,29
30,29.154431891537524,1.4647045830997407,legacy67,minmax,0.7028571428571428,0.8304761904761904,0.12761904761904752,0.8933333333333333,0.9733333333333334,0.08000000000000007,0.8095238095238095,0.8571428571428571,0.04761904761904756,32,29
30,35.387588647792384,1.5488509703053062,legacy67,minmax,0.7028571428571428,0.8304761904761904,0.12761904761904752,0.8933333333333333,0.9733333333333334,0.08000000000000007,0.8095238095238095,0.8571428571428571,0.04761904761904756,33,29
30,37.95853142670639,1.5793094017105953,legacy67,minmax,0.7028571428571428,0.8304761904761904,0.12761904761904752,0.8933333333333333,0.9733333333333334,0.08000000000000007,0.8095238095238095,0.8571428571428571,0.04761904761904756,33,29
30,43.37920697490936,1.6372816083151283,legacy67,minmax,0.7028571428571428,0.8304761904761904,0.12761904761904752,0.8933333333333333,0.9733333333333334,0.08000000000000007,0.8095238095238095,0.8571428571428571,0.04761904761904756,33,29
30,48.69640941520897,1.6874969400924673,legacy67,minmax,0.7028571428571428,0.8304761904761904,0.12761904761904752,0.8933333333333333,0.9733333333333334,0.08000000000000007,0.8095238095238095,0.8571428571428571,0.04761904761904756,33,29
30,57.279044707996185,1.7579957662567565,legacy67,minmax,0.7028571428571428,0.8304761904761904,0.12761904761904752,0.8933333333333333,0.9733333333333334,0.08000000000000007,0.8095238095238095,0.8571428571428571,0.04761904761904756,33,29
30,62.45139574743064,1.795542149013333,legacy67,minmax,0.7028571428571428,0.8304761904761904,0.12761904761904752,0.8933333333333333,0.9733333333333334,0.08000000000000007,0.8095238095238095,0.8571428571428571,0.04761904761904756,33,30
30,63.512210106406926,1.8028572256396647,legacy67,minmax,0.7028571428571428,0.8304761904761904,0.12761904761904752,0.8933333333333333,0.9733333333333334,0.08000000000000007,0.8095238095238095,0.8571428571428571,0.04761904761904756,33,31
30,72.86653737491037,1.8625281322982374,legacy67,minmax,0.7028571428571428,0.8171428571428572,0.11428571428571432,0.8933333333333333,0.96,0.06666666666666665,0.8095238095238095,0.8571428571428571,0.04761904761904756,33,31
30,75.56810141274423,1.8783385110582342,legacy67,minmax,0.7028571428571428,0.8171428571428572,0.11428571428571432,0.8933333333333333,0.96,0.06666666666666665,0.8095238095238095,0.8571428571428571,0.04761904761904756,33,31
30,75.79479953347995,1.8796394086479773,legacy67,minmax,0.7028571428571428,0.8171428571428572,0.11428571428571432,0.8933333333333333,0.96,0.06666666666666665,0.8095238095238095,0.8571428571428571,0.04761904761904756,33,31
30,88.62326508576248,1.9475477464020692,legacy67,minmax,0.7028571428571428,0.8171428571428572,0.11428571428571432,0.8933333333333333,0.96,0.06666666666666665,0.8095238095238095,0.8571428571428571,0.04761904761904756,33,31
31,0.010521761868451128,-1.9779115315055904,legacy67,minmax,0.0,0.0,0.0,1.0,1.0,0.0,0.0,0.0,0.0,0,0
31,0.012087541473056955,-1.9176620228167902,legacy67,minmax,0.0,0.0,0.0,1.0,1.0,0.0,0.0,0.0,0.0,0,0
31,0.01263794633808287,-1.8983234930236192,legacy67,minmax,0.0,0.0,0.0,1.0,1.0,0.0,0.0,0.0,0.0,0,0
31,0.013726318898045865,-1.8624459155391264,legacy67,minmax,0.0,0.0,0.0,1.0,1.0,0.0,0.0,0.0,0.0,0,0
31,0.0151673306880762,-1.8190908443578477,legacy67,minmax,0.0,0.0,0.0,1.0,1.0,0.0,0.0,0.0,0.0,0,0
31,0.015339162591163618,-1.814198349120009,legacy67,minmax,0.0,0.0,0.0,1.0,1.0,0.0,0.0,0.0,0.0,0,0
31,0.017073967431528118,-1.7676655513272022,legacy67,minmax,0.0,0.0,0.0,1.0,1.0,0.0,0.0,0.0,0.0,1,1
31,0.017956984225677628,-1.7457665988559055,legacy67,minmax,0.0,0.0,0.0,1.0,1.0,0.0,0.0,0.0,0.0,2,1
31,0.018205657658407252,-1.739793628058882,legacy67,minmax,0.0,0.0,0.0,1.0,1.0,0.0,0.0,0.0,0.0,2,1
31,0.019777828512462715,-1.7038213930636386,legacy67,minmax,0.04761904761904767,0.0,-0.04761904761904767,1.0,1.0,0.0,0.047619047619047616,0.0,-0.047619047619047616,3,1
31,0.01987021538542862,-1.7017974252809167,legacy67,minmax,0.04761904761904767,0.0,-0.04761904761904767,1.0,1.0,0.0,0.047619047619047616,0.0,-0.047619047619047616,3,1
31,0.022592797420156945,-1.646029991792322,legacy67,minmax,0.30952380952380953,0.45238095238095233,0.1428571428571428,1.0,1.0,0.0,0.30952380952380953,0.4523809523809524,0.14285714285714285,3,2
31,0.024586032763280048,-1.6093115439744645,legacy67,minmax,0.40476190476190466,0.45238095238095233,0.04761904761904767,1.0,1.0,0.0,0.40476190476190477,0.4523809523809524,0.047619047619047616,3,2
31,0.027012557725439066,-1.5684342920267822,legacy67,minmax,0.40476190476190466,0.45238095238095233,0.04761904761904767,1.0,1.0,0.0,0.40476190476190477,0.4523809523809524,0.047619047619047616,3,2
31,0.029072088906598435,-1.5365237618994811,legacy67,minmax,0.4761904761904763,0.45238095238095233,-0.023809523809523947,1.0,1.0,0.0,0.47619047619047616,0.4523809523809524,-0.02380952380952378,3,2
31,0.030086868214458433,-1.5216230162467932,legacy67,minmax,0.4761904761904763,0.45238095238095233,-0.023809523809523947,1.0,1.0,0.0,0.47619047619047616,0.4523809523809524,-0.02380952380952378,3,2
31,0.030771802712506853,-1.5118470606208847,legacy67,minmax,0.4761904761904763,0.45238095238095233,-0.023809523809523947,1.0,1.0,0.0,0.47619047619047616,0.4523809523809524,-0.02380952380952378,3,2
31,0.036138942712165265,-1.4420245573918327,legacy67,minmax,0.4761904761904763,0.45238095238095233,-0.023809523809523947,1.0,1.0,0.0,0.47619047619047616,0.4523809523809524,-0.02380952380952378,3,2
31,0.03661819220392428,-1.4363031001009494,legacy67,minmax,0.4761904761904763,0.45238095238095233,-0.023809523809523947,1.0,1.0,0.0,0.47619047619047616,0.4523809523809524,-0.02380952380952378,3,2
31,0.04207053950287936,-1.3760219186551894,legacy67,minmax,0.5,0.5,0.0,1.0,1.0,0.0,0.5,0.5,0.0,3,3
31,0.04207988669606635,-1.375925438230254,legacy67,minmax,0.5,0.5,0.0,1.0,1.0,0.0,0.5,0.5,0.0,3,3
31,0.04809461967501572,-1.3179035052508339,legacy67,minmax,0.5714285714285714,0.5476190476190477,-0.023809523809523725,1.0,1.0,0.0,0.5714285714285714,0.5476190476190477,-0.023809523809523725,3,3
31,0.05337032762603955,-1.2727001311715975,legacy67,minmax,0.5714285714285714,0.5476190476190477,-0.023809523809523725,1.0,1.0,0.0,0.5714285714285714,0.5476190476190477,-0.023809523809523725,4,4
31,0.05415244119402536,-1.2663819605862647,legacy67,minmax,0.5714285714285714,0.5476190476190477,-0.023809523809523725,1.0,1.0,0.0,0.5714285714285714,0.5476190476190477,-0.023809523809523725,4,4
31,0.05488047000766042,-1.2605821778978918,legacy67,minmax,0.5714285714285714,0.5476190476190477,-0.023809523809523725,1.0,1.0,0.0,0.5714285714285714,0.5476190476190477,-0.023809523809523725,4,4
31,0.060803901902965994,-1.2160685503234192,legacy67,minmax,0.5714285714285714,0.5476190476190477,-0.023809523809523725,1.0,1.0,0.0,0.5714285714285714,0.5476190476190477,-0.023809523809523725,4,5
31,0.06235377135673155,-1.2051372738633104,legacy67,minmax,0.5714285714285714,0.5476190476190477,-0.023809523809523725,1.0,1.0,0.0,0.5714285714285714,0.5476190476190477,-0.023809523809523725,4,5
31,0.06290644294586147,-1.201304871366561,legacy67,minmax,0.5714285714285714,0.5476190476190477,-0.023809523809523725,1.0,1.0,0.0,0.5714285714285714,0.5476190476190477,-0.023809523809523725,4,5
31,0.07068974950624601,-1.1506435572868954,legacy67,minmax,0.5952380952380953,0.5476190476190477,-0.04761904761904767,1.0,1.0,0.0,0.5952380952380952,0.5476190476190477,-0.04761904761904756,5,5
31,0.10842262717330158,-0.9648800735999323,legacy67,minmax,0.5819047619047619,0.6190476190476191,0.037142857142857144,0.9866666666666667,1.0,0.013333333333333308,0.5952380952380952,0.6190476190476191,0.023809523809523836,7,7
31,0.12172958098369964,-0.9146038729044164,legacy67,minmax,0.6295238095238096,0.6190476190476191,-0.010476190476190528,0.9866666666666667,1.0,0.013333333333333308,0.6428571428571429,0.6190476190476191,-0.023809523809523836,7,7
31,0.1329652145729951,-0.876261961250477,legacy67,minmax,0.6295238095238096,0.6428571428571428,0.013333333333333197,0.9866666666666667,1.0,0.013333333333333308,0.6428571428571429,0.6428571428571429,0.0,7,8
31,0.14618962793704957,-0.8350834392078323,legacy67,minmax,0.6295238095238096,0.6666666666666665,0.03714285714285692,0.9866666666666667,1.0,0.013333333333333308,0.6428571428571429,0.6666666666666666,0.023809523809523725,8,8
31,0.14742753159914665,-0.8314214058591274,legacy67,minmax,0.6295238095238096,0.6666666666666665,0.03714285714285692,0.9866666666666667,1.0,0.013333333333333308,0.6428571428571429,0.6666666666666666,0.023809523809523725,8,8
31,0.16480446427978968,-0.7830310281618491,legacy67,minmax,0.6295238095238096,0.6666666666666665,0.03714285714285692,0.9866666666666667,1.0,0.013333333333333308,0.6428571428571429,0.6666666666666666,0.023809523809523725,9,8
31,0.16536937182824418,-0.7815449233065173,legacy67,minmax,0.6295238095238096,0.6666666666666665,0.03714285714285692,0.9866666666666667,1.0,0.013333333333333308,0.6428571428571429,0.6666666666666666,0.023809523809523725,9,8
31,0.1753594952976441,-0.7560707131373512,legacy67,minmax,0.6295238095238096,0.6666666666666665,0.03714285714285692,0.9866666666666667,1.0,0.013333333333333308,0.6428571428571429,0.6666666666666666,0.023809523809523725,10,8
31,0.17654048052495064,-0.7531556956423562,legacy67,minmax,0.6295238095238096,0.6666666666666665,0.03714285714285692,0.9866666666666667,1.0,0.013333333333333308,0.6428571428571429,0.6666666666666666,0.023809523809523725,10,8
31,0.1998634077852887,-0.6992667118930118,legacy67,minmax,0.6295238095238096,0.7142857142857144,0.08476190476190482,0.9866666666666667,1.0,0.013333333333333308,0.6428571428571429,0.7142857142857143,0.0714285714285714,11,8
31,0.2001342062287997,-0.6986786769469426,legacy67,minmax,0.6295238095238096,0.7142857142857144,0.08476190476190482,0.9866666666666667,1.0,0.013333333333333308,0.6428571428571429,0.7142857142857143,0.0714285714285714,11,8
31,0.21066486017042194,-0.6764079005894033,legacy67,minmax,0.6295238095238096,0.7142857142857144,0.08476190476190482,0.9866666666666667,1.0,0.013333333333333308,0.6428571428571429,0.7142857142857143,0.0714285714285714,11,8
31,0.2673088310781669,-0.5729866932256429,legacy67,minmax,0.6295238095238096,0.7380952380952381,0.10857142857142854,0.9866666666666667,1.0,0.013333333333333308,0.6428571428571429,0.7380952380952381,0.09523809523809523,12,8
31,0.2715581955282939,-0.5661370858229096,legacy67,minmax,0.6295238095238096,0.7380952380952381,0.10857142857142854,0.9866666666666667,1.0,0.013333333333333308,0.6428571428571429,0.7380952380952381,0.09523809523809523,12,8
31,0.292043384718141,-0.5345526268252332,legacy67,minmax,0.6295238095238096,0.7380952380952381,0.10857142857142854,0.9866666666666667,1.0,0.013333333333333308,0.6428571428571429,0.7380952380952381,0.09523809523809523,13,8
31,0.314891164795686,-0.50183952461055,legacy67,minmax,0.6533333333333333,0.7380952380952381,0.08476190476190482,0.9866666666666667,1.0,0.013333333333333308,0.6666666666666666,0.7380952380952381,0.07142857142857151,14,8
31,0.35868164986275475,-0.44529084124207197,legacy67,minmax,0.6533333333333333,0.7380952380952381,0.08476190476190482,0.9866666666666667,1.0,0.013333333333333308,0.6666666666666666,0.7380952380952381,0.07142857142857151,15,9
31,0.5130551760589832,-0.2898359265658015,legacy67,minmax,0.6400000000000001,0.7485714285714287,0.10857142857142854,0.9733333333333334,0.9866666666666667,0.013333333333333308,0.6666666666666666,0.7619047619047619,0.09523809523809523,17,9
31,0.5342937261279772,-0.27221992543153695,legacy67,minmax,0.6400000000000001,0.7485714285714287,0.10857142857142854,0.9733333333333334,0.9866666666666667,0.013333333333333308,0.6666666666666666,0.7619047619047619,0.09523809523809523,17,8
31,0.5762487216478598,-0.23939002504159476,legacy67,minmax,0.6400000000000001,0.7485714285714287,0.10857142857142854,0.9733333333333334,0.9866666666666667,0.013333333333333308,0.6666666666666666,0.7619047619047619,0.09523809523809523,17,8
31,0.6672367170464204,-0.17572006313185626,legacy67,minmax,0.6400000000000001,0.7485714285714287,0.10857142857142854,0.9733333333333334,0.9866666666666667,0.013333333333333308,0.6666666666666666,0.7619047619047619,0.09523809523809523,20,8
31,0.7742116473996242,-0.1111402993522028,legacy67,minmax,0.6400000000000001,0.7485714285714287,0.10857142857142854,0.9733333333333334,0.9866666666666667,0.013333333333333308,0.6666666666666666,0.7619047619047619,0.09523809523809523,23,8
31,0.9444574254983555,-0.02481761454243703,legacy67,minmax,0.6876190476190476,0.7485714285714287,0.06095238095238109,0.9733333333333334,0.9866666666666667,0.013333333333333308,0.7142857142857143,0.7619047619047619,0.04761904761904756,25,8
31,0.9565499215943818,-0.019292359554919238,legacy67,minmax,0.6876190476190476,0.7485714285714287,0.06095238095238109,0.9733333333333334,0.9866666666666667,0.013333333333333308,0.7142857142857143,0.7619047619047619,0.04761904761904756,25,8
31,1.1400863701127315,0.0569377536544464,legacy67,minmax,0.6400000000000001,0.7723809523809524,0.13238095238095227,0.9733333333333334,0.9866666666666667,0.013333333333333308,0.6666666666666666,0.7857142857142857,0.11904761904761907,25,8
31,1.2030178871154662,0.08027208471124325,legacy67,minmax,0.6400000000000001,0.7723809523809524,0.13238095238095227,0.9733333333333334,0.9866666666666667,0.013333333333333308,0.6666666666666666,0.7857142857142857,0.11904761904761907,26,8
31,1.2329098365270508,0.0909313175279762,legacy67,minmax,0.6400000000000001,0.7723809523809524,0.13238095238095227,0.9733333333333334,0.9866666666666667,0.013333333333333308,0.6666666666666666,0.7857142857142857,0.11904761904761907,26,8
31,1.2561043700013554,0.09902572652895136,legacy67,minmax,0.6400000000000001,0.7723809523809524,0.13238095238095227,0.9733333333333334,0.9866666666666667,0.013333333333333308,0.6666666666666666,0.7857142857142857,0.11904761904761907,27,8
31,1.4817820606039076,0.17078433263299386,legacy67,minmax,0.6638095238095238,0.7723809523809524,0.10857142857142854,0.9733333333333334,0.9866666666666667,0.013333333333333308,0.6904761904761905,0.7857142857142857,0.09523809523809523,27,8
31,1.5375920235481748,0.1868411173731186,legacy67,minmax,0.6876190476190476,0.7723809523809524,0.08476190476190482,0.9733333333333334,0.9866666666666667,0.013333333333333308,0.7142857142857143,0.7857142857142857,0.0714285714285714,27,8
31,1.7583640270008503,0.24510879027798493,legacy67,minmax,0.6876190476190476,0.7723809523809524,0.08476190476190482,0.9733333333333334,0.9866666666666667,0.013333333333333308,0.7142857142857143,0.7857142857142857,0.0714285714285714,28,8
31,2.34238498471129,0.36965827544816987,legacy67,minmax,0.6847619047619049,0.7723809523809524,0.08761904761904749,0.9466666666666667,0.9866666666666667,0.040000000000000036,0.7380952380952381,0.7857142857142857,0.04761904761904756,28,8
31,2.4637685958997446,0.39159991524434057,legacy67,minmax,0.6847619047619049,0.7723809523809524,0.08761904761904749,0.9466666666666667,0.9866666666666667,0.040000000000000036,0.7380952380952381,0.7857142857142857,0.04761904761904756,28,8
31,2.4810409748678097,0.3946339367881464,legacy67,minmax,0.6847619047619049,0.7723809523809524,0.08761904761904749,0.9466666666666667,0.9866666666666667,0.040000000000000036,0.7380952380952381,0.7857142857142857,0.04761904761904756,28,8
31,2.5378155082656626,0.40446004697283516,legacy67,minmax,0.6847619047619049,0.7723809523809524,0.08761904761904749,0.9466666666666667,0.9866666666666667,0.040000000000000036,0.7380952380952381,0.7857142857142857,0.04761904761904756,28,8
31,2.692646910086177,0.43017940760575346,legacy67,minmax,0.7085714285714286,0.7723809523809524,0.06380952380952376,0.9466666666666667,0.9866666666666667,0.040000000000000036,0.7619047619047619,0.7857142857142857,0.023809523809523836,28,8
31,2.801635158716258,0.4474115788895179,legacy67,minmax,0.7085714285714286,0.7723809523809524,0.06380952380952376,0.9466666666666667,0.9866666666666667,0.040000000000000036,0.7619047619047619,0.7857142857142857,0.023809523809523836,28,8
31,3.113095956122122,0.4931925073102317,legacy67,minmax,0.7085714285714286,0.7723809523809524,0.06380952380952376,0.9466666666666667,0.9866666666666667,0.040000000000000036,0.7619047619047619,0.7857142857142857,0.023809523809523836,29,9
31,3.550012525851159,0.5502298854208525,legacy67,minmax,0.7085714285714286,0.7723809523809524,0.06380952380952376,0.9466666666666667,0.9866666666666667,0.040000000000000036,0.7619047619047619,0.7857142857142857,0.023809523809523836,29,8
31,4.467752817973904,0.6500891374159279,legacy67,minmax,0.7323809523809524,0.7723809523809524,0.040000000000000036,0.9466666666666667,0.9866666666666667,0.040000000000000036,0.7857142857142857,0.7857142857142857,0.0,29,8
31,5.456725485601473,0.7369321060486276,legacy67,minmax,0.7323809523809524,0.7723809523809524,0.040000000000000036,0.9466666666666667,0.9866666666666667,0.040000000000000036,0.7857142857142857,0.7857142857142857,0.0,29,8
31,6.72093005015611,0.8274293753904685,legacy67,minmax,0.7323809523809524,0.7723809523809524,0.040000000000000036,0.9466666666666667,0.9866666666666667,0.040000000000000036,0.7857142857142857,0.7857142857142857,0.0,30,30
31,6.7965780907581514,0.832290311184182,legacy67,minmax,0.7323809523809524,0.7723809523809524,0.040000000000000036,0.9466666666666667,0.9866666666666667,0.040000000000000036,0.7857142857142857,0.7857142857142857,0.0,30,30
31,7.128188058401357,0.85297914889198,legacy67,minmax,0.7323809523809524,0.7723809523809524,0.040000000000000036,0.9466666666666667,0.9866666666666667,0.040000000000000036,0.7857142857142857,0.7857142857142857,0.0,30,30
31,8.241925264876443,0.9160286721639492,legacy67,minmax,0.7323809523809524,0.7723809523809524,0.040000000000000036,0.9466666666666667,0.9866666666666667,0.040000000000000036,0.7857142857142857,0.7857142857142857,0.0,30,30
31,8.287522363768153,0.9184247133522563,legacy67,minmax,0.7323809523809524,0.7723809523809524,0.040000000000000036,0.9466666666666667,0.9866666666666667,0.040000000000000036,0.7857142857142857,0.7857142857142857,0.0,30,30
31,8.471801418819974,0.9279757672456204,legacy67,minmax,0.7323809523809524,0.7723809523809524,0.040000000000000036,0.9466666666666667,0.9866666666666667,0.040000000000000036,0.7857142857142857,0.7857142857142857,0.0,30,30
31,11.044350847124681,1.0431401944675898,legacy67,minmax,0.7323809523809524,0.7961904761904761,0.06380952380952376,0.9466666666666667,0.9866666666666667,0.040000000000000036,0.7857142857142857,0.8095238095238095,0.023809523809523836,32,30
31,12.130221181165155,1.083868719818244,legacy67,minmax,0.7323809523809524,0.7961904761904761,0.06380952380952376,0.9466666666666667,0.9866666666666667,0.040000000000000036,0.7857142857142857,0.8095238095238095,0.023809523809523836,32,30
31,12.164139351417056,1.085081386743783,legacy67,minmax,0.7323809523809524,0.7961904761904761,0.06380952380952376,0.9466666666666667,0.9866666666666667,0.040000000000000036,0.7857142857142857,0.8095238095238095,0.023809523809523836,32,30
31,12.273800987852958,1.0889790771866297,legacy67,minmax,0.7323809523809524,0.7961904761904761,0.06380952380952376,0.9466666666666667,0.9866666666666667,0.040000000000000036,0.7857142857142857,0.8095238095238095,0.023809523809523836,32,30
31,12.604664585649452,1.1005312934444582,legacy67,minmax,0.7323809523809524,0.7961904761904761,0.06380952380952376,0.9466666666666667,0.9866666666666667,0.040000000000000036,0.7857142857142857,0.8095238095238095,0.023809523809523836,32,30
31,13.826232179369853,1.1407038455720544,legacy67,minmax,0.7323809523809524,0.7961904761904761,0.06380952380952376,0.9466666666666667,0.9866666666666667,0.040000000000000036,0.7857142857142857,0.8095238095238095,0.023809523809523836,32,30
31,16.172900811143133,1.2087879230161587,legacy67,minmax,0.7323809523809524,0.7961904761904761,0.06380952380952376,0.9466666666666667,0.9866666666666667,0.040000000000000036,0.7857142857142857,0.8095238095238095,0.023809523809523836,31,30
31,17.123375973163967,1.2335893924658445,legacy67,minmax,0.7323809523809524,0.7961904761904761,0.06380952380952376,0.9466666666666667,0.9866666666666667,0.040000000000000036,0.7857142857142857,0.8095238095238095,0.023809523809523836,31,30
31,18.274508859816006,1.2618457138193366,legacy67,minmax,0.7457142857142856,0.7961904761904761,0.05047619047619056,0.96,0.9866666666666667,0.026666666666666727,0.7857142857142857,0.8095238095238095,0.023809523809523836,31,30
31,20.65142557895924,1.3149500366077174,legacy67,minmax,0.7457142857142856,0.7961904761904761,0.05047619047619056,0.96,0.9866666666666667,0.026666666666666727,0.7857142857142857,0.8095238095238095,0.023809523809523836,31,30
31,21.36832907235874,1.329770563201687,legacy67,minmax,0.7457142857142856,0.7961904761904761,0.05047619047619056,0.96,0.9866666666666667,0.026666666666666727,0.7857142857142857,0.8095238095238095,0.023809523809523836,31,30
31,28.340904295147727,1.452413703502374,legacy67,minmax,0.7457142857142856,0.7961904761904761,0.05047619047619056,0.96,0.9866666666666667,0.026666666666666727,0.7857142857142857,0.8095238095238095,0.023809523809523836,31,30
31,29.154431891537524,1.4647045830997407,legacy67,minmax,0.7457142857142856,0.7961904761904761,0.05047619047619056,0.96,0.9866666666666667,0.026666666666666727,0.7857142857142857,0.8095238095238095,0.023809523809523836,31,31
31,35.387588647792384,1.5488509703053062,legacy67,minmax,0.7323809523809524,0.7961904761904761,0.06380952380952376,0.9466666666666667,0.9866666666666667,0.040000000000000036,0.7857142857142857,0.8095238095238095,0.023809523809523836,31,31
31,37.95853142670639,1.5793094017105953,legacy67,minmax,0.7323809523809524,0.7961904761904761,0.06380952380952376,0.9466666666666667,0.9866666666666667,0.040000000000000036,0.7857142857142857,0.8095238095238095,0.023809523809523836,32,31
31,43.37920697490936,1.6372816083151283,legacy67,minmax,0.7323809523809524,0.7961904761904761,0.06380952380952376,0.9466666666666667,0.9866666666666667,0.040000000000000036,0.7857142857142857,0.8095238095238095,0.023809523809523836,32,31
31,48.69640941520897,1.6874969400924673,legacy67,minmax,0.7323809523809524,0.7961904761904761,0.06380952380952376,0.9466666666666667,0.9866666666666667,0.040000000000000036,0.7857142857142857,0.8095238095238095,0.023809523809523836,32,31
31,57.279044707996185,1.7579957662567565,legacy67,minmax,0.7323809523809524,0.7961904761904761,0.06380952380952376,0.9466666666666667,0.9866666666666667,0.040000000000000036,0.7857142857142857,0.8095238095238095,0.023809523809523836,32,32
31,62.45139574743064,1.795542149013333,legacy67,minmax,0.7323809523809524,0.7961904761904761,0.06380952380952376,0.9466666666666667,0.9866666666666667,0.040000000000000036,0.7857142857142857,0.8095238095238095,0.023809523809523836,32,32
31,63.512210106406926,1.8028572256396647,legacy67,minmax,0.7323809523809524,0.7961904761904761,0.06380952380952376,0.9466666666666667,0.9866666666666667,0.040000000000000036,0.7857142857142857,0.8095238095238095,0.023809523809523836,32,32
31,72.86653737491037,1.8625281322982374,legacy67,minmax,0.7323809523809524,0.7961904761904761,0.06380952380952376,0.9466666666666667,0.9866666666666667,0.040000000000000036,0.7857142857142857,0.8095238095238095,0.023809523809523836,32,32
31,75.56810141274423,1.8783385110582342,legacy67,minmax,0.7323809523809524,0.7961904761904761,0.06380952380952376,0.9466666666666667,0.9866666666666667,0.040000000000000036,0.7857142857142857,0.8095238095238095,0.023809523809523836,32,32
31,75.79479953347995,1.8796394086479773,legacy67,minmax,0.7323809523809524,0.7961904761904761,0.06380952380952376,0.9466666666666667,0.9866666666666667,0.040000000000000036,0.7857142857142857,0.8095238095238095,0.023809523809523836,32,32
31,88.62326508576248,1.9475477464020692,legacy67,minmax,0.7323809523809524,0.7961904761904761,0.06380952380952376,0.9466666666666667,0.9866666666666667,0.040000000000000036,0.7857142857142857,0.8095238095238095,0.023809523809523836,33,32
32,0.010521761868451128,-1.9779115315055904,legacy67,minmax,0.0,0.0,0.0,1.0,1.0,0.0,0.0,0.0,0.0,0,0
32,0.012087541473056955,-1.9176620228167902,legacy67,minmax,0.0,0.0,0.0,1.0,1.0,0.0,0.0,0.0,0.0,0,0
32,0.01263794633808287,-1.8983234930236192,legacy67,minmax,0.0,0.0,0.0,1.0,1.0,0.0,0.0,0.0,0.0,0,0
32,0.013726318898045865,-1.8624459155391264,legacy67,minmax,0.0,0.0,0.0,1.0,1.0,0.0,0.0,0.0,0.0,0,0
32,0.0151673306880762,-1.8190908443578477,legacy67,minmax,0.0,0.0,0.0,1.0,1.0,0.0,0.0,0.0,0.0,0,0
32,0.015339162591163618,-1.814198349120009,legacy67,minmax,0.0,0.0,0.0,1.0,1.0,0.0,0.0,0.0,0.0,0,0
32,0.017073967431528118,-1.7676655513272022,legacy67,minmax,0.0,0.0,0.0,1.0,1.0,0.0,0.0,0.0,0.0,1,1
32,0.017956984225677628,-1.7457665988559055,legacy67,minmax,0.0,0.0,0.0,1.0,1.0,0.0,0.0,0.0,0.0,1,1
32,0.018205657658407252,-1.739793628058882,legacy67,minmax,0.0,0.0,0.0,1.0,1.0,0.0,0.0,0.0,0.0,1,1
32,0.019777828512462715,-1.7038213930636386,legacy67,minmax,0.0714285714285714,0.0,-0.0714285714285714,1.0,1.0,0.0,0.07142857142857142,0.0,-0.07142857142857142,2,1
32,0.01987021538542862,-1.7017974252809167,legacy67,minmax,0.0714285714285714,0.0,-0.0714285714285714,1.0,1.0,0.0,0.07142857142857142,0.0,-0.07142857142857142,2,1
32,0.022592797420156945,-1.646029991792322,legacy67,minmax,0.1428571428571428,0.46285714285714286,0.32000000000000006,1.0,0.9866666666666667,-0.013333333333333308,0.14285714285714285,0.47619047619047616,0.3333333333333333,3,1
32,0.024586032763280048,-1.6093115439744645,legacy67,minmax,0.19047619047619047,0.46285714285714286,0.2723809523809524,1.0,0.9866666666666667,-0.013333333333333308,0.19047619047619047,0.47619047619047616,0.2857142857142857,4,1
32,0.027012557725439066,-1.5684342920267822,legacy67,minmax,0.23809523809523814,0.46285714285714286,0.22476190476190472,1.0,0.9866666666666667,-0.013333333333333308,0.23809523809523808,0.47619047619047616,0.23809523809523808,4,1
32,0.029072088906598435,-1.5365237618994811,legacy67,minmax,0.30952380952380953,0.46285714285714286,0.15333333333333332,1.0,0.9866666666666667,-0.013333333333333308,0.30952380952380953,0.47619047619047616,0.16666666666666663,4,2
32,0.030086868214458433,-1.5216230162467932,legacy67,minmax,0.3571428571428572,0.46285714285714286,0.10571428571428565,1.0,0.9866666666666667,-0.013333333333333308,0.35714285714285715,0.47619047619047616,0.11904761904761901,4,2
32,0.030771802712506853,-1.5118470606208847,legacy67,minmax,0.4285714285714286,0.46285714285714286,0.03428571428571425,1.0,0.9866666666666667,-0.013333333333333308,0.42857142857142855,0.47619047619047616,0.047619047619047616,4,2
32,0.036138942712165265,-1.4420245573918327,legacy67,minmax,0.46285714285714286,0.46285714285714286,0.0,0.9866666666666667,0.9866666666666667,0.0,0.47619047619047616,0.47619047619047616,0.0,4,2
32,0.03661819220392428,-1.4363031001009494,legacy67,minmax,0.46285714285714286,0.46285714285714286,0.0,0.9866666666666667,0.9866666666666667,0.0,0.47619047619047616,0.47619047619047616,0.0,4,2
32,0.04207053950287936,-1.3760219186551894,legacy67,minmax,0.46285714285714286,0.46285714285714286,0.0,0.9866666666666667,0.9866666666666667,0.0,0.47619047619047616,0.47619047619047616,0.0,4,2
32,0.04207988669606635,-1.375925438230254,legacy67,minmax,0.46285714285714286,0.46285714285714286,0.0,0.9866666666666667,0.9866666666666667,0.0,0.47619047619047616,0.47619047619047616,0.0,4,2
32,0.04809461967501572,-1.3179035052508339,legacy67,minmax,0.4866666666666668,0.46285714285714286,-0.023809523809523947,0.9866666666666667,0.9866666666666667,0.0,0.5,0.47619047619047616,-0.023809523809523836,5,3
32,0.05337032762603955,-1.2727001311715975,legacy67,minmax,0.5104761904761905,0.46285714285714286,-0.04761904761904767,0.9866666666666667,0.9866666666666667,0.0,0.5238095238095238,0.47619047619047616,-0.04761904761904767,5,4
32,0.05415244119402536,-1.2663819605862647,legacy67,minmax,0.5104761904761905,0.46285714285714286,-0.04761904761904767,0.9866666666666667,0.9866666666666667,0.0,0.5238095238095238,0.47619047619047616,-0.04761904761904767,5,4
32,0.05488047000766042,-1.2605821778978918,legacy67,minmax,0.5819047619047619,0.46285714285714286,-0.11904761904761907,0.9866666666666667,0.9866666666666667,0.0,0.5952380952380952,0.47619047619047616,-0.11904761904761907,5,4
32,0.060803901902965994,-1.2160685503234192,legacy67,minmax,0.5685714285714285,0.558095238095238,-0.010476190476190528,0.9733333333333334,0.9866666666666667,0.013333333333333308,0.5952380952380952,0.5714285714285714,-0.023809523809523836,6,5
32,0.06235377135673155,-1.2051372738633104,legacy67,minmax,0.5685714285714285,0.558095238095238,-0.010476190476190528,0.9733333333333334,0.9866666666666667,0.013333333333333308,0.5952380952380952,0.5714285714285714,-0.023809523809523836,6,5
32,0.06290644294586147,-1.201304871366561,legacy67,minmax,0.5685714285714285,0.558095238095238,-0.010476190476190528,0.9733333333333334,0.9866666666666667,0.013333333333333308,0.5952380952380952,0.5714285714285714,-0.023809523809523836,6,5
32,0.07068974950624601,-1.1506435572868954,legacy67,minmax,0.5685714285714285,0.6057142857142859,0.037142857142857366,0.9733333333333334,0.9866666666666667,0.013333333333333308,0.5952380952380952,0.6190476190476191,0.023809523809523836,6,5
32,0.10842262717330158,-0.9648800735999323,legacy67,minmax,0.6161904761904764,0.700952380952381,0.0847619047619046,0.9733333333333334,0.9866666666666667,0.013333333333333308,0.6428571428571429,0.7142857142857143,0.0714285714285714,9,7
32,0.12172958098369964,-0.9146038729044164,legacy67,minmax,0.6876190476190476,0.7485714285714287,0.06095238095238109,0.9733333333333334,0.9866666666666667,0.013333333333333308,0.7142857142857143,0.7619047619047619,0.04761904761904756,9,7
32,0.1329652145729951,-0.876261961250477,legacy67,minmax,0.6876190476190476,0.7485714285714287,0.06095238095238109,0.9733333333333334,0.9866666666666667,0.013333333333333308,0.7142857142857143,0.7619047619047619,0.04761904761904756,9,7
32,0.14618962793704957,-0.8350834392078323,legacy67,minmax,0.6876190476190476,0.7961904761904761,0.10857142857142854,0.9733333333333334,0.9866666666666667,0.013333333333333308,0.7142857142857143,0.8095238095238095,0.09523809523809523,9,7
32,0.14742753159914665,-0.8314214058591274,legacy67,minmax,0.6876190476190476,0.7961904761904761,0.10857142857142854,0.9733333333333334,0.9866666666666667,0.013333333333333308,0.7142857142857143,0.8095238095238095,0.09523809523809523,9,8
32,0.16480446427978968,-0.7830310281618491,legacy67,minmax,0.6876190476190476,0.8066666666666666,0.11904761904761907,0.9733333333333334,0.9733333333333334,0.0,0.7142857142857143,0.8333333333333334,0.11904761904761907,9,8
32,0.16536937182824418,-0.7815449233065173,legacy67,minmax,0.6876190476190476,0.8066666666666666,0.11904761904761907,0.9733333333333334,0.9733333333333334,0.0,0.7142857142857143,0.8333333333333334,0.11904761904761907,9,8
32,0.1753594952976441,-0.7560707131373512,legacy67,minmax,0.6876190476190476,0.8304761904761904,0.1428571428571428,0.9733333333333334,0.9733333333333334,0.0,0.7142857142857143,0.8571428571428571,0.1428571428571428,10,9
32,0.17654048052495064,-0.7531556956423562,legacy67,minmax,0.6876190476190476,0.8304761904761904,0.1428571428571428,0.9733333333333334,0.9733333333333334,0.0,0.7142857142857143,0.8571428571428571,0.1428571428571428,10,9
32,0.1998634077852887,-0.6992667118930118,legacy67,minmax,0.6876190476190476,0.8304761904761904,0.1428571428571428,0.9733333333333334,0.9733333333333334,0.0,0.7142857142857143,0.8571428571428571,0.1428571428571428,10,9
32,0.2001342062287997,-0.6986786769469426,legacy67,minmax,0.6876190476190476,0.8304761904761904,0.1428571428571428,0.9733333333333334,0.9733333333333334,0.0,0.7142857142857143,0.8571428571428571,0.1428571428571428,11,9
32,0.21066486017042194,-0.6764079005894033,legacy67,minmax,0.6876190476190476,0.8304761904761904,0.1428571428571428,0.9733333333333334,0.9733333333333334,0.0,0.7142857142857143,0.8571428571428571,0.1428571428571428,11,8
32,0.2673088310781669,-0.5729866932256429,legacy67,minmax,0.6876190476190476,0.8304761904761904,0.1428571428571428,0.9733333333333334,0.9733333333333334,0.0,0.7142857142857143,0.8571428571428571,0.1428571428571428,11,8
32,0.2715581955282939,-0.5661370858229096,legacy67,minmax,0.6876190476190476,0.8304761904761904,0.1428571428571428,0.9733333333333334,0.9733333333333334,0.0,0.7142857142857143,0.8571428571428571,0.1428571428571428,11,8
32,0.292043384718141,-0.5345526268252332,legacy67,minmax,0.7352380952380952,0.8304761904761904,0.09523809523809512,0.9733333333333334,0.9733333333333334,0.0,0.7619047619047619,0.8571428571428571,0.09523809523809523,12,8
32,0.314891164795686,-0.50183952461055,legacy67,minmax,0.7352380952380952,0.8304761904761904,0.09523809523809512,0.9733333333333334,0.9733333333333334,0.0,0.7619047619047619,0.8571428571428571,0.09523809523809523,14,8
32,0.35868164986275475,-0.44529084124207197,legacy67,minmax,0.7114285714285715,0.8304761904761904,0.11904761904761885,0.9733333333333334,0.9733333333333334,0.0,0.7380952380952381,0.8571428571428571,0.11904761904761896,15,9
32,0.5130551760589832,-0.2898359265658015,legacy67,minmax,0.660952380952381,0.8304761904761904,0.1695238095238094,0.9466666666666667,0.9733333333333334,0.026666666666666727,0.7142857142857143,0.8571428571428571,0.1428571428571428,18,10
32,0.5342937261279772,-0.27221992543153695,legacy67,minmax,0.6742857142857144,0.8304761904761904,0.156190476190476,0.96,0.9733333333333334,0.01333333333333342,0.7142857142857143,0.8571428571428571,0.1428571428571428,18,10
32,0.5762487216478598,-0.23939002504159476,legacy67,minmax,0.6742857142857144,0.8304761904761904,0.156190476190476,0.96,0.9733333333333334,0.01333333333333342,0.7142857142857143,0.8571428571428571,0.1428571428571428,18,10
32,0.6672367170464204,-0.17572006313185626,legacy67,minmax,0.6742857142857144,0.8542857142857143,0.17999999999999994,0.96,0.9733333333333334,0.01333333333333342,0.7142857142857143,0.8809523809523809,0.16666666666666663,19,10
32,0.7742116473996242,-0.1111402993522028,legacy67,minmax,0.6980952380952381,0.8542857142857143,0.1561904761904762,0.96,0.9733333333333334,0.01333333333333342,0.7380952380952381,0.8809523809523809,0.1428571428571428,19,10
32,0.9444574254983555,-0.02481761454243703,legacy67,minmax,0.6742857142857144,0.8542857142857143,0.17999999999999994,0.96,0.9733333333333334,0.01333333333333342,0.7142857142857143,0.8809523809523809,0.16666666666666663,20,10
32,0.9565499215943818,-0.019292359554919238,legacy67,minmax,0.6742857142857144,0.8542857142857143,0.17999999999999994,0.96,0.9733333333333334,0.01333333333333342,0.7142857142857143,0.8809523809523809,0.16666666666666663,20,10
32,1.1400863701127315,0.0569377536544464,legacy67,minmax,0.6980952380952381,0.8780952380952383,0.18000000000000016,0.96,0.9733333333333334,0.01333333333333342,0.7380952380952381,0.9047619047619048,0.16666666666666663,22,10
32,1.2030178871154662,0.08027208471124325,legacy67,minmax,0.6980952380952381,0.8780952380952383,0.18000000000000016,0.96,0.9733333333333334,0.01333333333333342,0.7380952380952381,0.9047619047619048,0.16666666666666663,22,10
32,1.2329098365270508,0.0909313175279762,legacy67,minmax,0.6980952380952381,0.8780952380952383,0.18000000000000016,0.96,0.9733333333333334,0.01333333333333342,0.7380952380952381,0.9047619047619048,0.16666666666666663,22,10
32,1.2561043700013554,0.09902572652895136,legacy67,minmax,0.6980952380952381,0.8780952380952383,0.18000000000000016,0.96,0.9733333333333334,0.01333333333333342,0.7380952380952381,0.9047619047619048,0.16666666666666663,22,10
32,1.4817820606039076,0.17078433263299386,legacy67,minmax,0.7352380952380952,0.8780952380952383,0.14285714285714302,0.9733333333333334,0.9733333333333334,0.0,0.7619047619047619,0.9047619047619048,0.1428571428571429,25,10
32,1.5375920235481748,0.1868411173731186,legacy67,minmax,0.7352380952380952,0.8780952380952383,0.14285714285714302,0.9733333333333334,0.9733333333333334,0.0,0.7619047619047619,0.9047619047619048,0.1428571428571429,25,10
32,1.7583640270008503,0.24510879027798493,legacy67,minmax,0.7352380952380952,0.8780952380952383,0.14285714285714302,0.9733333333333334,0.9733333333333334,0.0,0.7619047619047619,0.9047619047619048,0.1428571428571429,26,10
32,2.34238498471129,0.36965827544816987,legacy67,minmax,0.7352380952380952,0.8780952380952383,0.14285714285714302,0.9733333333333334,0.9733333333333334,0.0,0.7619047619047619,0.9047619047619048,0.1428571428571429,27,10
32,2.4637685958997446,0.39159991524434057,legacy67,minmax,0.7352380952380952,0.8780952380952383,0.14285714285714302,0.9733333333333334,0.9733333333333334,0.0,0.7619047619047619,0.9047619047619048,0.1428571428571429,28,10
32,2.4810409748678097,0.3946339367881464,legacy67,minmax,0.7352380952380952,0.8780952380952383,0.14285714285714302,0.9733333333333334,0.9733333333333334,0.0,0.7619047619047619,0.9047619047619048,0.1428571428571429,28,10
32,2.5378155082656626,0.40446004697283516,legacy67,minmax,0.7352380952380952,0.8780952380952383,0.14285714285714302,0.9733333333333334,0.9733333333333334,0.0,0.7619047619047619,0.9047619047619048,0.1428571428571429,28,10
32,2.692646910086177,0.43017940760575346,legacy67,minmax,0.7352380952380952,0.8780952380952383,0.14285714285714302,0.9733333333333334,0.9733333333333334,0.0,0.7619047619047619,0.9047619047619048,0.1428571428571429,28,10
32,2.801635158716258,0.4474115788895179,legacy67,minmax,0.7352380952380952,0.8780952380952383,0.14285714285714302,0.9733333333333334,0.9733333333333334,0.0,0.7619047619047619,0.9047619047619048,0.1428571428571429,28,10
32,3.113095956122122,0.4931925073102317,legacy67,minmax,0.7590476190476192,0.8780952380952383,0.11904761904761907,0.9733333333333334,0.9733333333333334,0.0,0.7857142857142857,0.9047619047619048,0.11904761904761907,30,10
32,3.550012525851159,0.5502298854208525,legacy67,minmax,0.7590476190476192,0.8780952380952383,0.11904761904761907,0.9733333333333334,0.9733333333333334,0.0,0.7857142857142857,0.9047619047619048,0.11904761904761907,30,10
32,4.467752817973904,0.6500891374159279,legacy67,minmax,0.7457142857142856,0.8780952380952383,0.1323809523809527,0.96,0.9733333333333334,0.01333333333333342,0.7857142857142857,0.9047619047619048,0.11904761904761907,31,10
32,5.456725485601473,0.7369321060486276,legacy67,minmax,0.7457142857142856,0.8780952380952383,0.1323809523809527,0.96,0.9733333333333334,0.01333333333333342,0.7857142857142857,0.9047619047619048,0.11904761904761907,33,10
32,6.72093005015611,0.8274293753904685,legacy67,minmax,0.7457142857142856,0.8780952380952383,0.1323809523809527,0.96,0.9733333333333334,0.01333333333333342,0.7857142857142857,0.9047619047619048,0.11904761904761907,33,10
32,6.7965780907581514,0.832290311184182,legacy67,minmax,0.7457142857142856,0.8780952380952383,0.1323809523809527,0.96,0.9733333333333334,0.01333333333333342,0.7857142857142857,0.9047619047619048,0.11904761904761907,33,10
32,7.128188058401357,0.85297914889198,legacy67,minmax,0.7457142857142856,0.8780952380952383,0.1323809523809527,0.96,0.9733333333333334,0.01333333333333342,0.7857142857142857,0.9047619047619048,0.11904761904761907,33,10
32,8.241925264876443,0.9160286721639492,legacy67,minmax,0.7695238095238095,0.8780952380952383,0.10857142857142876,0.96,0.9733333333333334,0.01333333333333342,0.8095238095238095,0.9047619047619048,0.09523809523809523,32,30
32,8.287522363768153,0.9184247133522563,legacy67,minmax,0.7695238095238095,0.8780952380952383,0.10857142857142876,0.96,0.9733333333333334,0.01333333333333342,0.8095238095238095,0.9047619047619048,0.09523809523809523,32,30
32,8.471801418819974,0.9279757672456204,legacy67,minmax,0.7695238095238095,0.8780952380952383,0.10857142857142876,0.96,0.9733333333333334,0.01333333333333342,0.8095238095238095,0.9047619047619048,0.09523809523809523,32,30
32,11.044350847124681,1.0431401944675898,legacy67,minmax,0.7695238095238095,0.8780952380952383,0.10857142857142876,0.96,0.9733333333333334,0.01333333333333342,0.8095238095238095,0.9047619047619048,0.09523809523809523,32,30
32,12.130221181165155,1.083868719818244,legacy67,minmax,0.7695238095238095,0.8780952380952383,0.10857142857142876,0.96,0.9733333333333334,0.01333333333333342,0.8095238095238095,0.9047619047619048,0.09523809523809523,32,30
32,12.164139351417056,1.085081386743783,legacy67,minmax,0.7695238095238095,0.8780952380952383,0.10857142857142876,0.96,0.9733333333333334,0.01333333333333342,0.8095238095238095,0.9047619047619048,0.09523809523809523,32,30
32,12.273800987852958,1.0889790771866297,legacy67,minmax,0.7695238095238095,0.8780952380952383,0.10857142857142876,0.96,0.9733333333333334,0.01333333333333342,0.8095238095238095,0.9047619047619048,0.09523809523809523,32,30
32,12.604664585649452,1.1005312934444582,legacy67,minmax,0.7695238095238095,0.8780952380952383,0.10857142857142876,0.96,0.9733333333333334,0.01333333333333342,0.8095238095238095,0.9047619047619048,0.09523809523809523,32,30
32,13.826232179369853,1.1407038455720544,legacy67,minmax,0.7695238095238095,0.8780952380952383,0.10857142857142876,0.96,0.9733333333333334,0.01333333333333342,0.8095238095238095,0.9047619047619048,0.09523809523809523,32,30
32,16.172900811143133,1.2087879230161587,legacy67,minmax,0.7695238095238095,0.8780952380952383,0.10857142857142876,0.96,0.9733333333333334,0.01333333333333342,0.8095238095238095,0.9047619047619048,0.09523809523809523,32,30
32,17.123375973163967,1.2335893924658445,legacy67,minmax,0.7695238095238095,0.8780952380952383,0.10857142857142876,0.96,0.9733333333333334,0.01333333333333342,0.8095238095238095,0.9047619047619048,0.09523809523809523,32,30
32,18.274508859816006,1.2618457138193366,legacy67,minmax,0.7695238095238095,0.8780952380952383,0.10857142857142876,0.96,0.9733333333333334,0.01333333333333342,0.8095238095238095,0.9047619047619048,0.09523809523809523,32,30
32,20.65142557895924,1.3149500366077174,legacy67,minmax,0.7695238095238095,0.8780952380952383,0.10857142857142876,0.96,0.9733333333333334,0.01333333333333342,0.8095238095238095,0.9047619047619048,0.09523809523809523,32,30
32,21.36832907235874,1.329770563201687,legacy67,minmax,0.7695238095238095,0.8780952380952383,0.10857142857142876,0.96,0.9733333333333334,0.01333333333333342,0.8095238095238095,0.9047619047619048,0.09523809523809523,32,30
32,28.340904295147727,1.452413703502374,legacy67,minmax,0.7695238095238095,0.8780952380952383,0.10857142857142876,0.96,0.9733333333333334,0.01333333333333342,0.8095238095238095,0.9047619047619048,0.09523809523809523,33,31
32,29.154431891537524,1.4647045830997407,legacy67,minmax,0.7695238095238095,0.8780952380952383,0.10857142857142876,0.96,0.9733333333333334,0.01333333333333342,0.8095238095238095,0.9047619047619048,0.09523809523809523,33,31
32,35.387588647792384,1.5488509703053062,legacy67,minmax,0.7695238095238095,0.8780952380952383,0.10857142857142876,0.96,0.9733333333333334,0.01333333333333342,0.8095238095238095,0.9047619047619048,0.09523809523809523,33,31
32,37.95853142670639,1.5793094017105953,legacy67,minmax,0.7695238095238095,0.8780952380952383,0.10857142857142876,0.96,0.9733333333333334,0.01333333333333342,0.8095238095238095,0.9047619047619048,0.09523809523809523,33,31
32,43.37920697490936,1.6372816083151283,legacy67,minmax,0.7695238095238095,0.8780952380952383,0.10857142857142876,0.96,0.9733333333333334,0.01333333333333342,0.8095238095238095,0.9047619047619048,0.09523809523809523,33,31
32,48.69640941520897,1.6874969400924673,legacy67,minmax,0.7695238095238095,0.8780952380952383,0.10857142857142876,0.96,0.9733333333333334,0.01333333333333342,0.8095238095238095,0.9047619047619048,0.09523809523809523,33,31
32,57.279044707996185,1.7579957662567565,legacy67,minmax,0.7695238095238095,0.8780952380952383,0.10857142857142876,0.96,0.9733333333333334,0.01333333333333342,0.8095238095238095,0.9047619047619048,0.09523809523809523,33,32
32,62.45139574743064,1.795542149013333,legacy67,minmax,0.7695238095238095,0.8780952380952383,0.10857142857142876,0.96,0.9733333333333334,0.01333333333333342,0.8095238095238095,0.9047619047619048,0.09523809523809523,33,32
32,63.512210106406926,1.8028572256396647,legacy67,minmax,0.7695238095238095,0.8780952380952383,0.10857142857142876,0.96,0.9733333333333334,0.01333333333333342,0.8095238095238095,0.9047619047619048,0.09523809523809523,33,32
32,72.86653737491037,1.8625281322982374,legacy67,minmax,0.7695238095238095,0.8780952380952383,0.10857142857142876,0.96,0.9733333333333334,0.01333333333333342,0.8095238095238095,0.9047619047619048,0.09523809523809523,33,32
32,75.56810141274423,1.8783385110582342,legacy67,minmax,0.7695238095238095,0.8780952380952383,0.10857142857142876,0.96,0.9733333333333334,0.01333333333333342,0.8095238095238095,0.9047619047619048,0.09523809523809523,33,33
32,75.79479953347995,1.8796394086479773,legacy67,minmax,0.7695238095238095,0.8780952380952383,0.10857142857142876,0.96,0.9733333333333334,0.01333333333333342,0.8095238095238095,0.9047619047619048,0.09523809523809523,33,33
32,88.62326508576248,1.9475477464020692,legacy67,minmax,0.7695238095238095,0.8780952380952383,0.10857142857142876,0.96,0.9733333333333334,0.01333333333333342,0.8095238095238095,0.9047619047619048,0.09523809523809523,33,33
33,0.010521761868451128,-1.9779115315055904,legacy67,minmax,0.0,0.0,0.0,1.0,1.0,0.0,0.0,0.0,0.0,0,0
33,0.012087541473056955,-1.9176620228167902,legacy67,minmax,0.0,0.0,0.0,1.0,1.0,0.0,0.0,0.0,0.0,0,0
33,0.01263794633808287,-1.8983234930236192,legacy67,minmax,0.0,0.0,0.0,1.0,1.0,0.0,0.0,0.0,0.0,0,0
33,0.013726318898045865,-1.8624459155391264,legacy67,minmax,0.0,0.0,0.0,1.0,1.0,0.0,0.0,0.0,0.0,0,0
33,0.0151673306880762,-1.8190908443578477,legacy67,minmax,0.0,0.0,0.0,1.0,1.0,0.0,0.0,0.0,0.0,0,0
33,0.015339162591163618,-1.814198349120009,legacy67,minmax,0.0,0.0,0.0,1.0,1.0,0.0,0.0,0.0,0.0,0,0
33,0.017073967431528118,-1.7676655513272022,legacy67,minmax,0.0,0.0,0.0,1.0,1.0,0.0,0.0,0.0,0.0,0,0
33,0.017956984225677628,-1.7457665988559055,legacy67,minmax,0.0,0.0,0.0,1.0,1.0,0.0,0.0,0.0,0.0,2,1
33,0.018205657658407252,-1.739793628058882,legacy67,minmax,0.0,0.0,0.0,1.0,1.0,0.0,0.0,0.0,0.0,2,1
33,0.019777828512462715,-1.7038213930636386,legacy67,minmax,0.0,0.0,0.0,1.0,1.0,0.0,0.0,0.0,0.0,3,1
33,0.01987021538542862,-1.7017974252809167,legacy67,minmax,0.0,0.0,0.0,1.0,1.0,0.0,0.0,0.0,0.0,3,1
33,0.022592797420156945,-1.646029991792322,legacy67,minmax,0.2142857142857142,0.0,-0.2142857142857142,1.0,1.0,0.0,0.21428571428571427,0.0,-0.21428571428571427,3,1
33,0.024586032763280048,-1.6093115439744645,legacy67,minmax,0.2857142857142856,0.5476190476190477,0.2619047619047621,1.0,1.0,0.0,0.2857142857142857,0.5476190476190477,0.261904761904762,3,2
33,0.027012557725439066,-1.5684342920267822,legacy67,minmax,0.3571428571428572,0.5476190476190477,0.19047619047619047,1.0,1.0,0.0,0.35714285714285715,0.5476190476190477,0.19047619047619052,3,2
33,0.029072088906598435,-1.5365237618994811,legacy67,minmax,0.38095238095238093,0.5476190476190477,0.16666666666666674,1.0,1.0,0.0,0.38095238095238093,0.5476190476190477,0.16666666666666674,4,2
33,0.030086868214458433,-1.5216230162467932,legacy67,minmax,0.40476190476190466,0.5476190476190477,0.14285714285714302,1.0,1.0,0.0,0.40476190476190477,0.5476190476190477,0.1428571428571429,4,2
33,0.030771802712506853,-1.5118470606208847,legacy67,minmax,0.40476190476190466,0.5476190476190477,0.14285714285714302,1.0,1.0,0.0,0.40476190476190477,0.5476190476190477,0.1428571428571429,4,2
33,0.036138942712165265,-1.4420245573918327,legacy67,minmax,0.5,0.5476190476190477,0.04761904761904767,1.0,1.0,0.0,0.5,0.5476190476190477,0.04761904761904767,4,2
33,0.03661819220392428,-1.4363031001009494,legacy67,minmax,0.5,0.5476190476190477,0.04761904761904767,1.0,1.0,0.0,0.5,0.5476190476190477,0.04761904761904767,4,2
33,0.04207053950287936,-1.3760219186551894,legacy67,minmax,0.5238095238095237,0.5476190476190477,0.023809523809523947,1.0,1.0,0.0,0.5238095238095238,0.5476190476190477,0.023809523809523836,5,2
33,0.04207988669606635,-1.375925438230254,legacy67,minmax,0.5238095238095237,0.5476190476190477,0.023809523809523947,1.0,1.0,0.0,0.5238095238095238,0.5476190476190477,0.023809523809523836,5,2
33,0.04809461967501572,-1.3179035052508339,legacy67,minmax,0.5476190476190477,0.6190476190476191,0.0714285714285714,1.0,1.0,0.0,0.5476190476190477,0.6190476190476191,0.0714285714285714,5,4
33,0.05337032762603955,-1.2727001311715975,legacy67,minmax,0.5714285714285714,0.6190476190476191,0.04761904761904767,1.0,1.0,0.0,0.5714285714285714,0.6190476190476191,0.04761904761904767,5,4
33,0.05415244119402536,-1.2663819605862647,legacy67,minmax,0.5714285714285714,0.6190476190476191,0.04761904761904767,1.0,1.0,0.0,0.5714285714285714,0.6190476190476191,0.04761904761904767,5,4
33,0.05488047000766042,-1.2605821778978918,legacy67,minmax,0.5714285714285714,0.6190476190476191,0.04761904761904767,1.0,1.0,0.0,0.5714285714285714,0.6190476190476191,0.04761904761904767,5,4
33,0.060803901902965994,-1.2160685503234192,legacy67,minmax,0.6190476190476191,0.7380952380952381,0.11904761904761907,1.0,1.0,0.0,0.6190476190476191,0.7380952380952381,0.11904761904761907,5,5
33,0.06235377135673155,-1.2051372738633104,legacy67,minmax,0.6190476190476191,0.7380952380952381,0.11904761904761907,1.0,1.0,0.0,0.6190476190476191,0.7380952380952381,0.11904761904761907,5,5
33,0.06290644294586147,-1.201304871366561,legacy67,minmax,0.6190476190476191,0.7380952380952381,0.11904761904761907,1.0,1.0,0.0,0.6190476190476191,0.7380952380952381,0.11904761904761907,5,5
33,0.07068974950624601,-1.1506435572868954,legacy67,minmax,0.6057142857142859,0.7619047619047619,0.156190476190476,0.9866666666666667,1.0,0.013333333333333308,0.6190476190476191,0.7619047619047619,0.1428571428571428,6,8
33,0.10842262717330158,-0.9648800735999323,legacy67,minmax,0.6742857142857144,0.7961904761904761,0.12190476190476174,0.96,0.9866666666666667,0.026666666666666727,0.7142857142857143,0.8095238095238095,0.09523809523809523,7,9
33,0.12172958098369964,-0.9146038729044164,legacy67,minmax,0.6980952380952381,0.8676190476190477,0.16952380952380963,0.96,0.9866666666666667,0.026666666666666727,0.7380952380952381,0.8809523809523809,0.1428571428571428,10,8
33,0.1329652145729951,-0.876261961250477,legacy67,minmax,0.7219047619047618,0.8676190476190477,0.1457142857142859,0.96,0.9866666666666667,0.026666666666666727,0.7619047619047619,0.8809523809523809,0.11904761904761907,10,8
33,0.14618962793704957,-0.8350834392078323,legacy67,minmax,0.7457142857142856,0.8676190476190477,0.12190476190476218,0.96,0.9866666666666667,0.026666666666666727,0.7857142857142857,0.8809523809523809,0.09523809523809523,11,8
33,0.14742753159914665,-0.8314214058591274,legacy67,minmax,0.7457142857142856,0.8676190476190477,0.12190476190476218,0.96,0.9866666666666667,0.026666666666666727,0.7857142857142857,0.8809523809523809,0.09523809523809523,11,8
33,0.16480446427978968,-0.7830310281618491,legacy67,minmax,0.7457142857142856,0.8676190476190477,0.12190476190476218,0.96,0.9866666666666667,0.026666666666666727,0.7857142857142857,0.8809523809523809,0.09523809523809523,12,8
33,0.16536937182824418,-0.7815449233065173,legacy67,minmax,0.7457142857142856,0.8676190476190477,0.12190476190476218,0.96,0.9866666666666667,0.026666666666666727,0.7857142857142857,0.8809523809523809,0.09523809523809523,12,8
33,0.1753594952976441,-0.7560707131373512,legacy67,minmax,0.7457142857142856,0.8676190476190477,0.12190476190476218,0.96,0.9866666666666667,0.026666666666666727,0.7857142857142857,0.8809523809523809,0.09523809523809523,12,8
33,0.17654048052495064,-0.7531556956423562,legacy67,minmax,0.7457142857142856,0.8676190476190477,0.12190476190476218,0.96,0.9866666666666667,0.026666666666666727,0.7857142857142857,0.8809523809523809,0.09523809523809523,12,8
33,0.1998634077852887,-0.6992667118930118,legacy67,minmax,0.7457142857142856,0.8676190476190477,0.12190476190476218,0.96,0.9866666666666667,0.026666666666666727,0.7857142857142857,0.8809523809523809,0.09523809523809523,14,8
33,0.2001342062287997,-0.6986786769469426,legacy67,minmax,0.7457142857142856,0.8676190476190477,0.12190476190476218,0.96,0.9866666666666667,0.026666666666666727,0.7857142857142857,0.8809523809523809,0.09523809523809523,14,8
33,0.21066486017042194,-0.6764079005894033,legacy67,minmax,0.7323809523809524,0.8780952380952383,0.1457142857142859,0.9466666666666667,0.9733333333333334,0.026666666666666727,0.7857142857142857,0.9047619047619048,0.11904761904761907,14,8
33,0.2673088310781669,-0.5729866932256429,legacy67,minmax,0.7561904761904761,0.8780952380952383,0.12190476190476218,0.9466666666666667,0.9733333333333334,0.026666666666666727,0.8095238095238095,0.9047619047619048,0.09523809523809523,14,8
33,0.2715581955282939,-0.5661370858229096,legacy67,minmax,0.7561904761904761,0.8780952380952383,0.12190476190476218,0.9466666666666667,0.9733333333333334,0.026666666666666727,0.8095238095238095,0.9047619047619048,0.09523809523809523,14,8
33,0.292043384718141,-0.5345526268252332,legacy67,minmax,0.7561904761904761,0.8780952380952383,0.12190476190476218,0.9466666666666667,0.9733333333333334,0.026666666666666727,0.8095238095238095,0.9047619047619048,0.09523809523809523,14,9
33,0.314891164795686,-0.50183952461055,legacy67,minmax,0.7561904761904761,0.8780952380952383,0.12190476190476218,0.9466666666666667,0.9733333333333334,0.026666666666666727,0.8095238095238095,0.9047619047619048,0.09523809523809523,14,9
33,0.35868164986275475,-0.44529084124207197,legacy67,minmax,0.78,0.8780952380952383,0.09809523809523824,0.9466666666666667,0.9733333333333334,0.026666666666666727,0.8333333333333334,0.9047619047619048,0.0714285714285714,15,10
33,0.5130551760589832,-0.2898359265658015,legacy67,minmax,0.8038095238095238,0.8514285714285714,0.04761904761904767,0.9466666666666667,0.9466666666666667,0.0,0.8571428571428571,0.9047619047619048,0.04761904761904767,17,10
33,0.5342937261279772,-0.27221992543153695,legacy67,minmax,0.8038095238095238,0.8514285714285714,0.04761904761904767,0.9466666666666667,0.9466666666666667,0.0,0.8571428571428571,0.9047619047619048,0.04761904761904767,17,10
33,0.5762487216478598,-0.23939002504159476,legacy67,minmax,0.8276190476190477,0.8514285714285714,0.023809523809523725,0.9466666666666667,0.9466666666666667,0.0,0.8809523809523809,0.9047619047619048,0.023809523809523836,17,10
33,0.6672367170464204,-0.17572006313185626,legacy67,minmax,0.8514285714285714,0.8514285714285714,0.0,0.9466666666666667,0.9466666666666667,0.0,0.9047619047619048,0.9047619047619048,0.0,19,10
33,0.7742116473996242,-0.1111402993522028,legacy67,minmax,0.8514285714285714,0.861904761904762,0.010476190476190528,0.9466666666666667,0.9333333333333333,-0.013333333333333308,0.9047619047619048,0.9285714285714286,0.023809523809523836,22,11
33,0.9444574254983555,-0.02481761454243703,legacy67,minmax,0.8514285714285714,0.861904761904762,0.010476190476190528,0.9466666666666667,0.9333333333333333,-0.013333333333333308,0.9047619047619048,0.9285714285714286,0.023809523809523836,24,11
33,0.9565499215943818,-0.019292359554919238,legacy67,minmax,0.8514285714285714,0.861904761904762,0.010476190476190528,0.9466666666666667,0.9333333333333333,-0.013333333333333308,0.9047619047619048,0.9285714285714286,0.023809523809523836,25,11
33,1.1400863701127315,0.0569377536544464,legacy67,minmax,0.8380952380952382,0.861904761904762,0.023809523809523725,0.9333333333333333,0.9333333333333333,0.0,0.9047619047619048,0.9285714285714286,0.023809523809523836,25,11
33,1.2030178871154662,0.08027208471124325,legacy67,minmax,0.8380952380952382,0.861904761904762,0.023809523809523725,0.9333333333333333,0.9333333333333333,0.0,0.9047619047619048,0.9285714285714286,0.023809523809523836,25,11
33,1.2329098365270508,0.0909313175279762,legacy67,minmax,0.8380952380952382,0.861904761904762,0.023809523809523725,0.9333333333333333,0.9333333333333333,0.0,0.9047619047619048,0.9285714285714286,0.023809523809523836,25,11
33,1.2561043700013554,0.09902572652895136,legacy67,minmax,0.8380952380952382,0.861904761904762,0.023809523809523725,0.9333333333333333,0.9333333333333333,0.0,0.9047619047619048,0.9285714285714286,0.023809523809523836,25,11
33,1.4817820606039076,0.17078433263299386,legacy67,minmax,0.8380952380952382,0.861904761904762,0.023809523809523725,0.9333333333333333,0.9333333333333333,0.0,0.9047619047619048,0.9285714285714286,0.023809523809523836,26,11
33,1.5375920235481748,0.1868411173731186,legacy67,minmax,0.8380952380952382,0.861904761904762,0.023809523809523725,0.9333333333333333,0.9333333333333333,0.0,0.9047619047619048,0.9285714285714286,0.023809523809523836,25,11
33,1.7583640270008503,0.24510879027798493,legacy67,minmax,0.8380952380952382,0.861904761904762,0.023809523809523725,0.9333333333333333,0.9333333333333333,0.0,0.9047619047619048,0.9285714285714286,0.023809523809523836,25,11
33,2.34238498471129,0.36965827544816987,legacy67,minmax,0.7904761904761903,0.861904761904762,0.07142857142857162,0.9333333333333333,0.9333333333333333,0.0,0.8571428571428571,0.9285714285714286,0.07142857142857151,28,11
33,2.4637685958997446,0.39159991524434057,legacy67,minmax,0.7904761904761903,0.861904761904762,0.07142857142857162,0.9333333333333333,0.9333333333333333,0.0,0.8571428571428571,0.9285714285714286,0.07142857142857151,28,11
33,2.4810409748678097,0.3946339367881464,legacy67,minmax,0.7904761904761903,0.861904761904762,0.07142857142857162,0.9333333333333333,0.9333333333333333,0.0,0.8571428571428571,0.9285714285714286,0.07142857142857151,28,11
33,2.5378155082656626,0.40446004697283516,legacy67,minmax,0.7904761904761903,0.861904761904762,0.07142857142857162,0.9333333333333333,0.9333333333333333,0.0,0.8571428571428571,0.9285714285714286,0.07142857142857151,28,11
33,2.692646910086177,0.43017940760575346,legacy67,minmax,0.7904761904761903,0.861904761904762,0.07142857142857162,0.9333333333333333,0.9333333333333333,0.0,0.8571428571428571,0.9285714285714286,0.07142857142857151,28,11
33,2.801635158716258,0.4474115788895179,legacy67,minmax,0.7904761904761903,0.861904761904762,0.07142857142857162,0.9333333333333333,0.9333333333333333,0.0,0.8571428571428571,0.9285714285714286,0.07142857142857151,28,11
33,3.113095956122122,0.4931925073102317,legacy67,minmax,0.7904761904761903,0.861904761904762,0.07142857142857162,0.9333333333333333,0.9333333333333333,0.0,0.8571428571428571,0.9285714285714286,0.07142857142857151,29,11
33,3.550012525851159,0.5502298854208525,legacy67,minmax,0.7771428571428571,0.861904761904762,0.08476190476190482,0.92,0.9333333333333333,0.013333333333333308,0.8571428571428571,0.9285714285714286,0.07142857142857151,29,11
33,4.467752817973904,0.6500891374159279,legacy67,minmax,0.7771428571428571,0.861904761904762,0.08476190476190482,0.92,0.9333333333333333,0.013333333333333308,0.8571428571428571,0.9285714285714286,0.07142857142857151,29,11
33,5.456725485601473,0.7369321060486276,legacy67,minmax,0.7771428571428571,0.861904761904762,0.08476190476190482,0.92,0.9333333333333333,0.013333333333333308,0.8571428571428571,0.9285714285714286,0.07142857142857151,29,11
33,6.72093005015611,0.8274293753904685,legacy67,minmax,0.7638095238095237,0.861904761904762,0.09809523809523824,0.9066666666666666,0.9333333333333333,0.026666666666666727,0.8571428571428571,0.9285714285714286,0.07142857142857151,29,11
33,6.7965780907581514,0.832290311184182,legacy67,minmax,0.7638095238095237,0.861904761904762,0.09809523809523824,0.9066666666666666,0.9333333333333333,0.026666666666666727,0.8571428571428571,0.9285714285714286,0.07142857142857151,29,11
33,7.128188058401357,0.85297914889198,legacy67,minmax,0.7504761904761903,0.861904761904762,0.11142857142857165,0.8933333333333333,0.9333333333333333,0.040000000000000036,0.8571428571428571,0.9285714285714286,0.07142857142857151,29,11
33,8.241925264876443,0.9160286721639492,legacy67,minmax,0.7371428571428571,0.861904761904762,0.12476190476190485,0.88,0.9333333333333333,0.053333333333333344,0.8571428571428571,0.9285714285714286,0.07142857142857151,31,11
33,8.287522363768153,0.9184247133522563,legacy67,minmax,0.7371428571428571,0.861904761904762,0.12476190476190485,0.88,0.9333333333333333,0.053333333333333344,0.8571428571428571,0.9285714285714286,0.07142857142857151,31,11
33,8.471801418819974,0.9279757672456204,legacy67,minmax,0.7371428571428571,0.861904761904762,0.12476190476190485,0.88,0.9333333333333333,0.053333333333333344,0.8571428571428571,0.9285714285714286,0.07142857142857151,31,28
33,11.044350847124681,1.0431401944675898,legacy67,minmax,0.7133333333333334,0.861904761904762,0.14857142857142858,0.88,0.9333333333333333,0.053333333333333344,0.8333333333333334,0.9285714285714286,0.09523809523809523,32,29
33,12.130221181165155,1.083868719818244,legacy67,minmax,0.7133333333333334,0.8485714285714288,0.13523809523809538,0.88,0.92,0.040000000000000036,0.8333333333333334,0.9285714285714286,0.09523809523809523,32,29
33,12.164139351417056,1.085081386743783,legacy67,minmax,0.7133333333333334,0.8485714285714288,0.13523809523809538,0.88,0.92,0.040000000000000036,0.8333333333333334,0.9285714285714286,0.09523809523809523,32,29
33,12.273800987852958,1.0889790771866297,legacy67,minmax,0.7133333333333334,0.8485714285714288,0.13523809523809538,0.88,0.92,0.040000000000000036,0.8333333333333334,0.9285714285714286,0.09523809523809523,32,29
33,12.604664585649452,1.1005312934444582,legacy67,minmax,0.7133333333333334,0.8485714285714288,0.13523809523809538,0.88,0.92,0.040000000000000036,0.8333333333333334,0.9285714285714286,0.09523809523809523,32,29
33,13.826232179369853,1.1407038455720544,legacy67,minmax,0.7133333333333334,0.8352380952380951,0.12190476190476174,0.88,0.9066666666666666,0.026666666666666616,0.8333333333333334,0.9285714285714286,0.09523809523809523,32,29
33,16.172900811143133,1.2087879230161587,legacy67,minmax,0.6866666666666668,0.8352380952380951,0.14857142857142835,0.8533333333333334,0.9066666666666666,0.05333333333333323,0.8333333333333334,0.9285714285714286,0.09523809523809523,33,29
33,17.123375973163967,1.2335893924658445,legacy67,minmax,0.6866666666666668,0.8352380952380951,0.14857142857142835,0.8533333333333334,0.9066666666666666,0.05333333333333323,0.8333333333333334,0.9285714285714286,0.09523809523809523,33,29
33,18.274508859816006,1.2618457138193366,legacy67,minmax,0.7104761904761905,0.8352380952380951,0.12476190476190463,0.8533333333333334,0.9066666666666666,0.05333333333333323,0.8571428571428571,0.9285714285714286,0.07142857142857151,33,29
33,20.65142557895924,1.3149500366077174,legacy67,minmax,0.7104761904761905,0.8352380952380951,0.12476190476190463,0.8533333333333334,0.9066666666666666,0.05333333333333323,0.8571428571428571,0.9285714285714286,0.07142857142857151,33,29
33,21.36832907235874,1.329770563201687,legacy67,minmax,0.7104761904761905,0.8352380952380951,0.12476190476190463,0.8533333333333334,0.9066666666666666,0.05333333333333323,0.8571428571428571,0.9285714285714286,0.07142857142857151,33,29
33,28.340904295147727,1.452413703502374,legacy67,minmax,0.6971428571428571,0.8352380952380951,0.13809523809523805,0.84,0.9066666666666666,0.06666666666666665,0.8571428571428571,0.9285714285714286,0.07142857142857151,33,29
33,29.154431891537524,1.4647045830997407,legacy67,minmax,0.6971428571428571,0.8352380952380951,0.13809523809523805,0.84,0.9066666666666666,0.06666666666666665,0.8571428571428571,0.9285714285714286,0.07142857142857151,33,29
33,35.387588647792384,1.5488509703053062,legacy67,minmax,0.6971428571428571,0.8352380952380951,0.13809523809523805,0.84,0.9066666666666666,0.06666666666666665,0.8571428571428571,0.9285714285714286,0.07142857142857151,33,29
33,37.95853142670639,1.5793094017105953,legacy67,minmax,0.6971428571428571,0.8352380952380951,0.13809523809523805,0.84,0.9066666666666666,0.06666666666666665,0.8571428571428571,0.9285714285714286,0.07142857142857151,33,29
33,43.37920697490936,1.6372816083151283,legacy67,minmax,0.6971428571428571,0.8352380952380951,0.13809523809523805,0.84,0.9066666666666666,0.06666666666666665,0.8571428571428571,0.9285714285714286,0.07142857142857151,33,30
33,48.69640941520897,1.6874969400924673,legacy67,minmax,0.6971428571428571,0.8352380952380951,0.13809523809523805,0.84,0.9066666666666666,0.06666666666666665,0.8571428571428571,0.9285714285714286,0.07142857142857151,33,30
33,57.279044707996185,1.7579957662567565,legacy67,minmax,0.6971428571428571,0.8352380952380951,0.13809523809523805,0.84,0.9066666666666666,0.06666666666666665,0.8571428571428571,0.9285714285714286,0.07142857142857151,33,30
33,62.45139574743064,1.795542149013333,legacy67,minmax,0.6971428571428571,0.8352380952380951,0.13809523809523805,0.84,0.9066666666666666,0.06666666666666665,0.8571428571428571,0.9285714285714286,0.07142857142857151,33,30
33,63.512210106406926,1.8028572256396647,legacy67,minmax,0.6971428571428571,0.8352380952380951,0.13809523809523805,0.84,0.9066666666666666,0.06666666666666665,0.8571428571428571,0.9285714285714286,0.07142857142857151,33,30
33,72.86653737491037,1.8625281322982374,legacy67,minmax,0.6971428571428571,0.8352380952380951,0.13809523809523805,0.84,0.9066666666666666,0.06666666666666665,0.8571428571428571,0.9285714285714286,0.07142857142857151,33,30
33,75.56810141274423,1.8783385110582342,legacy67,minmax,0.6971428571428571,0.8352380952380951,0.13809523809523805,0.84,0.9066666666666666,0.06666666666666665,0.8571428571428571,0.9285714285714286,0.07142857142857151,33,30
33,75.79479953347995,1.8796394086479773,legacy67,minmax,0.6971428571428571,0.8352380952380951,0.13809523809523805,0.84,0.9066666666666666,0.06666666666666665,0.8571428571428571,0.9285714285714286,0.07142857142857151,33,30
33,88.62326508576248,1.9475477464020692,legacy67,minmax,0.6971428571428571,0.8352380952380951,0.13809523809523805,0.84,0.9066666666666666,0.06666666666666665,0.8571428571428571,0.9285714285714286,0.07142857142857151,33,31
34,0.010521761868451128,-1.9779115315055904,legacy67,minmax,0.0,0.0,0.0,1.0,1.0,0.0,0.0,0.0,0.0,0,0
34,0.012087541473056955,-1.9176620228167902,legacy67,minmax,0.0,0.0,0.0,1.0,1.0,0.0,0.0,0.0,0.0,0,0
34,0.01263794633808287,-1.8983234930236192,legacy67,minmax,0.0,0.0,0.0,1.0,1.0,0.0,0.0,0.0,0.0,0,0
34,0.013726318898045865,-1.8624459155391264,legacy67,minmax,0.0,0.0,0.0,1.0,1.0,0.0,0.0,0.0,0.0,0,0
34,0.0151673306880762,-1.8190908443578477,legacy67,minmax,0.0,0.0,0.0,1.0,1.0,0.0,0.0,0.0,0.0,0,0
34,0.015339162591163618,-1.814198349120009,legacy67,minmax,0.0,0.0,0.0,1.0,1.0,0.0,0.0,0.0,0.0,0,0
34,0.017073967431528118,-1.7676655513272022,legacy67,minmax,0.0,0.0,0.0,1.0,1.0,0.0,0.0,0.0,0.0,1,0
34,0.017956984225677628,-1.7457665988559055,legacy67,minmax,0.0,0.0,0.0,1.0,1.0,0.0,0.0,0.0,0.0,2,1
34,0.018205657658407252,-1.739793628058882,legacy67,minmax,0.0,0.0,0.0,1.0,1.0,0.0,0.0,0.0,0.0,2,1
34,0.019777828512462715,-1.7038213930636386,legacy67,minmax,0.0,0.0,0.0,1.0,1.0,0.0,0.0,0.0,0.0,2,1
34,0.01987021538542862,-1.7017974252809167,legacy67,minmax,0.0,0.0,0.0,1.0,1.0,0.0,0.0,0.0,0.0,2,1
34,0.022592797420156945,-1.646029991792322,legacy67,minmax,0.09523809523809534,0.3571428571428572,0.26190476190476186,1.0,1.0,0.0,0.09523809523809523,0.35714285714285715,0.2619047619047619,3,2
34,0.024586032763280048,-1.6093115439744645,legacy67,minmax,0.19047619047619047,0.5476190476190477,0.3571428571428572,1.0,1.0,0.0,0.19047619047619047,0.5476190476190477,0.3571428571428572,3,2
34,0.027012557725439066,-1.5684342920267822,legacy67,minmax,0.19047619047619047,0.5476190476190477,0.3571428571428572,1.0,1.0,0.0,0.19047619047619047,0.5476190476190477,0.3571428571428572,3,2
34,0.029072088906598435,-1.5365237618994811,legacy67,minmax,0.26190476190476186,0.5476190476190477,0.2857142857142858,1.0,1.0,0.0,0.2619047619047619,0.5476190476190477,0.28571428571428575,3,2
34,0.030086868214458433,-1.5216230162467932,legacy67,minmax,0.30952380952380953,0.5476190476190477,0.23809523809523814,1.0,1.0,0.0,0.30952380952380953,0.5476190476190477,0.23809523809523814,3,2
34,0.030771802712506853,-1.5118470606208847,legacy67,minmax,0.4285714285714286,0.5476190476190477,0.11904761904761907,1.0,1.0,0.0,0.42857142857142855,0.5476190476190477,0.11904761904761912,4,2
34,0.036138942712165265,-1.4420245573918327,legacy67,minmax,0.5,0.5476190476190477,0.04761904761904767,1.0,1.0,0.0,0.5,0.5476190476190477,0.04761904761904767,5,3
34,0.03661819220392428,-1.4363031001009494,legacy67,minmax,0.5476190476190477,0.5476190476190477,0.0,1.0,1.0,0.0,0.5476190476190477,0.5476190476190477,0.0,5,3
34,0.04207053950287936,-1.3760219186551894,legacy67,minmax,0.5952380952380953,0.5714285714285714,-0.023809523809523947,1.0,1.0,0.0,0.5952380952380952,0.5714285714285714,-0.023809523809523836,5,3
34,0.04207988669606635,-1.375925438230254,legacy67,minmax,0.5952380952380953,0.5714285714285714,-0.023809523809523947,1.0,1.0,0.0,0.5952380952380952,0.5714285714285714,-0.023809523809523836,5,3
34,0.04809461967501572,-1.3179035052508339,legacy67,minmax,0.6190476190476191,0.5714285714285714,-0.04761904761904767,1.0,1.0,0.0,0.6190476190476191,0.5714285714285714,-0.04761904761904767,5,3
34,0.05337032762603955,-1.2727001311715975,legacy67,minmax,0.6190476190476191,0.6666666666666665,0.04761904761904745,1.0,1.0,0.0,0.6190476190476191,0.6666666666666666,0.04761904761904756,5,3
34,0.05415244119402536,-1.2663819605862647,legacy67,minmax,0.6190476190476191,0.6666666666666665,0.04761904761904745,1.0,1.0,0.0,0.6190476190476191,0.6666666666666666,0.04761904761904756,5,4
34,0.05488047000766042,-1.2605821778978918,legacy67,minmax,0.6190476190476191,0.6666666666666665,0.04761904761904745,1.0,1.0,0.0,0.6190476190476191,0.6666666666666666,0.04761904761904756,5,4
34,0.060803901902965994,-1.2160685503234192,legacy67,minmax,0.6295238095238096,0.7142857142857144,0.08476190476190482,0.9866666666666667,1.0,0.013333333333333308,0.6428571428571429,0.7142857142857143,0.0714285714285714,5,4
34,0.06235377135673155,-1.2051372738633104,legacy67,minmax,0.6295238095238096,0.7142857142857144,0.08476190476190482,0.9866666666666667,1.0,0.013333333333333308,0.6428571428571429,0.7142857142857143,0.0714285714285714,6,4
34,0.06290644294586147,-1.201304871366561,legacy67,minmax,0.6295238095238096,0.7142857142857144,0.08476190476190482,0.9866666666666667,1.0,0.013333333333333308,0.6428571428571429,0.7142857142857143,0.0714285714285714,6,4
34,0.07068974950624601,-1.1506435572868954,legacy67,minmax,0.6295238095238096,0.7142857142857144,0.08476190476190482,0.9866666666666667,1.0,0.013333333333333308,0.6428571428571429,0.7142857142857143,0.0714285714285714,6,5
34,0.10842262717330158,-0.9648800735999323,legacy67,minmax,0.6028571428571428,0.7857142857142856,0.18285714285714283,0.96,1.0,0.040000000000000036,0.6428571428571429,0.7857142857142857,0.1428571428571428,6,7
34,0.12172958098369964,-0.9146038729044164,legacy67,minmax,0.660952380952381,0.7857142857142856,0.12476190476190463,0.9466666666666667,1.0,0.053333333333333344,0.7142857142857143,0.7857142857142857,0.0714285714285714,7,7
34,0.1329652145729951,-0.876261961250477,legacy67,minmax,0.660952380952381,0.7857142857142856,0.12476190476190463,0.9466666666666667,1.0,0.053333333333333344,0.7142857142857143,0.7857142857142857,0.0714285714285714,7,7
34,0.14618962793704957,-0.8350834392078323,legacy67,minmax,0.660952380952381,0.8095238095238095,0.14857142857142858,0.9466666666666667,1.0,0.053333333333333344,0.7142857142857143,0.8095238095238095,0.09523809523809523,10,8
34,0.14742753159914665,-0.8314214058591274,legacy67,minmax,0.660952380952381,0.8095238095238095,0.14857142857142858,0.9466666666666667,1.0,0.053333333333333344,0.7142857142857143,0.8095238095238095,0.09523809523809523,10,8
34,0.16480446427978968,-0.7830310281618491,legacy67,minmax,0.660952380952381,0.8095238095238095,0.14857142857142858,0.9466666666666667,1.0,0.053333333333333344,0.7142857142857143,0.8095238095238095,0.09523809523809523,12,8
34,0.16536937182824418,-0.7815449233065173,legacy67,minmax,0.660952380952381,0.8095238095238095,0.14857142857142858,0.9466666666666667,1.0,0.053333333333333344,0.7142857142857143,0.8095238095238095,0.09523809523809523,12,8
34,0.1753594952976441,-0.7560707131373512,legacy67,minmax,0.6847619047619049,0.8095238095238095,0.12476190476190463,0.9466666666666667,1.0,0.053333333333333344,0.7380952380952381,0.8095238095238095,0.0714285714285714,14,9
34,0.17654048052495064,-0.7531556956423562,legacy67,minmax,0.6714285714285715,0.8095238095238095,0.13809523809523805,0.9333333333333333,1.0,0.06666666666666665,0.7380952380952381,0.8095238095238095,0.0714285714285714,14,9
34,0.1998634077852887,-0.6992667118930118,legacy67,minmax,0.6847619047619049,0.8095238095238095,0.12476190476190463,0.9466666666666667,1.0,0.053333333333333344,0.7380952380952381,0.8095238095238095,0.0714285714285714,15,9
34,0.2001342062287997,-0.6986786769469426,legacy67,minmax,0.6847619047619049,0.8095238095238095,0.12476190476190463,0.9466666666666667,1.0,0.053333333333333344,0.7380952380952381,0.8095238095238095,0.0714285714285714,15,9
34,0.21066486017042194,-0.6764079005894033,legacy67,minmax,0.6847619047619049,0.8333333333333335,0.14857142857142858,0.9466666666666667,1.0,0.053333333333333344,0.7380952380952381,0.8333333333333334,0.09523809523809523,16,9
34,0.2673088310781669,-0.5729866932256429,legacy67,minmax,0.7085714285714286,0.8333333333333335,0.12476190476190485,0.9466666666666667,1.0,0.053333333333333344,0.7619047619047619,0.8333333333333334,0.07142857142857151,16,9
34,0.2715581955282939,-0.5661370858229096,legacy67,minmax,0.7085714285714286,0.8333333333333335,0.12476190476190485,0.9466666666666667,1.0,0.053333333333333344,0.7619047619047619,0.8333333333333334,0.07142857142857151,16,9
34,0.292043384718141,-0.5345526268252332,legacy67,minmax,0.7085714285714286,0.8438095238095238,0.13523809523809516,0.9466666666666667,0.9866666666666667,0.040000000000000036,0.7619047619047619,0.8571428571428571,0.09523809523809523,16,9
34,0.314891164795686,-0.50183952461055,legacy67,minmax,0.6952380952380952,0.8438095238095238,0.14857142857142858,0.9333333333333333,0.9866666666666667,0.053333333333333344,0.7619047619047619,0.8571428571428571,0.09523809523809523,16,8
34,0.35868164986275475,-0.44529084124207197,legacy67,minmax,0.6952380952380952,0.8438095238095238,0.14857142857142858,0.9333333333333333,0.9866666666666667,0.053333333333333344,0.7619047619047619,0.8571428571428571,0.09523809523809523,16,8
34,0.5130551760589832,-0.2898359265658015,legacy67,minmax,0.7057142857142857,0.8514285714285714,0.14571428571428569,0.92,0.9466666666666667,0.026666666666666616,0.7857142857142857,0.9047619047619048,0.11904761904761907,19,9
34,0.5342937261279772,-0.27221992543153695,legacy67,minmax,0.7057142857142857,0.8514285714285714,0.14571428571428569,0.92,0.9466666666666667,0.026666666666666616,0.7857142857142857,0.9047619047619048,0.11904761904761907,19,9
34,0.5762487216478598,-0.23939002504159476,legacy67,minmax,0.7057142857142857,0.8514285714285714,0.14571428571428569,0.92,0.9466666666666667,0.026666666666666616,0.7857142857142857,0.9047619047619048,0.11904761904761907,19,9
34,0.6672367170464204,-0.17572006313185626,legacy67,minmax,0.7057142857142857,0.8514285714285714,0.14571428571428569,0.92,0.9466666666666667,0.026666666666666616,0.7857142857142857,0.9047619047619048,0.11904761904761907,20,10
34,0.7742116473996242,-0.1111402993522028,legacy67,minmax,0.6685714285714286,0.8752380952380951,0.20666666666666655,0.9066666666666666,0.9466666666666667,0.040000000000000036,0.7619047619047619,0.9285714285714286,0.16666666666666674,23,10
34,0.9444574254983555,-0.02481761454243703,legacy67,minmax,0.6447619047619049,0.8752380952380951,0.23047619047619028,0.9066666666666666,0.9466666666666667,0.040000000000000036,0.7380952380952381,0.9285714285714286,0.19047619047619047,24,10
34,0.9565499215943818,-0.019292359554919238,legacy67,minmax,0.6447619047619049,0.8752380952380951,0.23047619047619028,0.9066666666666666,0.9466666666666667,0.040000000000000036,0.7380952380952381,0.9285714285714286,0.19047619047619047,24,10
34,1.1400863701127315,0.0569377536544464,legacy67,minmax,0.6076190476190475,0.861904761904762,0.25428571428571445,0.8933333333333333,0.9333333333333333,0.040000000000000036,0.7142857142857143,0.9285714285714286,0.2142857142857143,25,10
34,1.2030178871154662,0.08027208471124325,legacy67,minmax,0.6076190476190475,0.861904761904762,0.25428571428571445,0.8933333333333333,0.9333333333333333,0.040000000000000036,0.7142857142857143,0.9285714285714286,0.2142857142857143,26,10
34,1.2329098365270508,0.0909313175279762,legacy67,minmax,0.6076190476190475,0.861904761904762,0.25428571428571445,0.8933333333333333,0.9333333333333333,0.040000000000000036,0.7142857142857143,0.9285714285714286,0.2142857142857143,27,10
34,1.2561043700013554,0.09902572652895136,legacy67,minmax,0.6076190476190475,0.861904761904762,0.25428571428571445,0.8933333333333333,0.9333333333333333,0.040000000000000036,0.7142857142857143,0.9285714285714286,0.2142857142857143,27,10
34,1.4817820606039076,0.17078433263299386,legacy67,minmax,0.6076190476190475,0.861904761904762,0.25428571428571445,0.8933333333333333,0.9333333333333333,0.040000000000000036,0.7142857142857143,0.9285714285714286,0.2142857142857143,27,10
34,1.5375920235481748,0.1868411173731186,legacy67,minmax,0.6076190476190475,0.861904761904762,0.25428571428571445,0.8933333333333333,0.9333333333333333,0.040000000000000036,0.7142857142857143,0.9285714285714286,0.2142857142857143,27,10
34,1.7583640270008503,0.24510879027798493,legacy67,minmax,0.6076190476190475,0.861904761904762,0.25428571428571445,0.8933333333333333,0.9333333333333333,0.040000000000000036,0.7142857142857143,0.9285714285714286,0.2142857142857143,29,10
34,2.34238498471129,0.36965827544816987,legacy67,minmax,0.6342857142857143,0.861904761904762,0.2276190476190476,0.92,0.9333333333333333,0.013333333333333308,0.7142857142857143,0.9285714285714286,0.2142857142857143,29,10
34,2.4637685958997446,0.39159991524434057,legacy67,minmax,0.6342857142857143,0.861904761904762,0.2276190476190476,0.92,0.9333333333333333,0.013333333333333308,0.7142857142857143,0.9285714285714286,0.2142857142857143,29,10
34,2.4810409748678097,0.3946339367881464,legacy67,minmax,0.6342857142857143,0.861904761904762,0.2276190476190476,0.92,0.9333333333333333,0.013333333333333308,0.7142857142857143,0.9285714285714286,0.2142857142857143,29,10
34,2.5378155082656626,0.40446004697283516,legacy67,minmax,0.6342857142857143,0.861904761904762,0.2276190476190476,0.92,0.9333333333333333,0.013333333333333308,0.7142857142857143,0.9285714285714286,0.2142857142857143,29,10
34,2.692646910086177,0.43017940760575346,legacy67,minmax,0.6342857142857143,0.861904761904762,0.2276190476190476,0.92,0.9333333333333333,0.013333333333333308,0.7142857142857143,0.9285714285714286,0.2142857142857143,29,10
34,2.801635158716258,0.4474115788895179,legacy67,minmax,0.6342857142857143,0.861904761904762,0.2276190476190476,0.92,0.9333333333333333,0.013333333333333308,0.7142857142857143,0.9285714285714286,0.2142857142857143,29,10
34,3.113095956122122,0.4931925073102317,legacy67,minmax,0.6342857142857143,0.861904761904762,0.2276190476190476,0.92,0.9333333333333333,0.013333333333333308,0.7142857142857143,0.9285714285714286,0.2142857142857143,29,10
34,3.550012525851159,0.5502298854208525,legacy67,minmax,0.6342857142857143,0.861904761904762,0.2276190476190476,0.92,0.9333333333333333,0.013333333333333308,0.7142857142857143,0.9285714285714286,0.2142857142857143,29,10
34,4.467752817973904,0.6500891374159279,legacy67,minmax,0.6209523809523809,0.861904761904762,0.24095238095238103,0.9066666666666666,0.9333333333333333,0.026666666666666727,0.7142857142857143,0.9285714285714286,0.2142857142857143,29,10
34,5.456725485601473,0.7369321060486276,legacy67,minmax,0.6209523809523809,0.861904761904762,0.24095238095238103,0.9066666666666666,0.9333333333333333,0.026666666666666727,0.7142857142857143,0.9285714285714286,0.2142857142857143,30,10
34,6.72093005015611,0.8274293753904685,legacy67,minmax,0.6209523809523809,0.861904761904762,0.24095238095238103,0.9066666666666666,0.9333333333333333,0.026666666666666727,0.7142857142857143,0.9285714285714286,0.2142857142857143,30,10
34,6.7965780907581514,0.832290311184182,legacy67,minmax,0.6209523809523809,0.861904761904762,0.24095238095238103,0.9066666666666666,0.9333333333333333,0.026666666666666727,0.7142857142857143,0.9285714285714286,0.2142857142857143,30,10
34,7.128188058401357,0.85297914889198,legacy67,minmax,0.6209523809523809,0.861904761904762,0.24095238095238103,0.9066666666666666,0.9333333333333333,0.026666666666666727,0.7142857142857143,0.9285714285714286,0.2142857142857143,30,10
34,8.241925264876443,0.9160286721639492,legacy67,minmax,0.6209523809523809,0.861904761904762,0.24095238095238103,0.9066666666666666,0.9333333333333333,0.026666666666666727,0.7142857142857143,0.9285714285714286,0.2142857142857143,30,10
34,8.287522363768153,0.9184247133522563,legacy67,minmax,0.6209523809523809,0.861904761904762,0.24095238095238103,0.9066666666666666,0.9333333333333333,0.026666666666666727,0.7142857142857143,0.9285714285714286,0.2142857142857143,30,10
34,8.471801418819974,0.9279757672456204,legacy67,minmax,0.6209523809523809,0.861904761904762,0.24095238095238103,0.9066666666666666,0.9333333333333333,0.026666666666666727,0.7142857142857143,0.9285714285714286,0.2142857142857143,30,10
34,11.044350847124681,1.0431401944675898,legacy67,minmax,0.6447619047619049,0.861904761904762,0.21714285714285708,0.9066666666666666,0.9333333333333333,0.026666666666666727,0.7380952380952381,0.9285714285714286,0.19047619047619047,30,24
34,12.130221181165155,1.083868719818244,legacy67,minmax,0.6447619047619049,0.8485714285714288,0.20380952380952388,0.9066666666666666,0.92,0.01333333333333342,0.7380952380952381,0.9285714285714286,0.19047619047619047,31,24
34,12.164139351417056,1.085081386743783,legacy67,minmax,0.6447619047619049,0.8485714285714288,0.20380952380952388,0.9066666666666666,0.92,0.01333333333333342,0.7380952380952381,0.9285714285714286,0.19047619047619047,31,24
34,12.273800987852958,1.0889790771866297,legacy67,minmax,0.6447619047619049,0.8485714285714288,0.20380952380952388,0.9066666666666666,0.92,0.01333333333333342,0.7380952380952381,0.9285714285714286,0.19047619047619047,31,24
34,12.604664585649452,1.1005312934444582,legacy67,minmax,0.6447619047619049,0.8485714285714288,0.20380952380952388,0.9066666666666666,0.92,0.01333333333333342,0.7380952380952381,0.9285714285714286,0.19047619047619047,31,24
34,13.826232179369853,1.1407038455720544,legacy67,minmax,0.6447619047619049,0.8485714285714288,0.20380952380952388,0.9066666666666666,0.92,0.01333333333333342,0.7380952380952381,0.9285714285714286,0.19047619047619047,31,24
34,16.172900811143133,1.2087879230161587,legacy67,minmax,0.6447619047619049,0.8485714285714288,0.20380952380952388,0.9066666666666666,0.92,0.01333333333333342,0.7380952380952381,0.9285714285714286,0.19047619047619047,32,24
34,17.123375973163967,1.2335893924658445,legacy67,minmax,0.6447619047619049,0.8485714285714288,0.20380952380952388,0.9066666666666666,0.92,0.01333333333333342,0.7380952380952381,0.9285714285714286,0.19047619047619047,32,24
34,18.274508859816006,1.2618457138193366,legacy67,minmax,0.6447619047619049,0.8485714285714288,0.20380952380952388,0.9066666666666666,0.92,0.01333333333333342,0.7380952380952381,0.9285714285714286,0.19047619047619047,32,24
34,20.65142557895924,1.3149500366077174,legacy67,minmax,0.6447619047619049,0.8485714285714288,0.20380952380952388,0.9066666666666666,0.92,0.01333333333333342,0.7380952380952381,0.9285714285714286,0.19047619047619047,32,24
34,21.36832907235874,1.329770563201687,legacy67,minmax,0.6447619047619049,0.8485714285714288,0.20380952380952388,0.9066666666666666,0.92,0.01333333333333342,0.7380952380952381,0.9285714285714286,0.19047619047619047,32,24
34,28.340904295147727,1.452413703502374,legacy67,minmax,0.6447619047619049,0.8352380952380951,0.19047619047619024,0.9066666666666666,0.9066666666666666,0.0,0.7380952380952381,0.9285714285714286,0.19047619047619047,32,24
34,29.154431891537524,1.4647045830997407,legacy67,minmax,0.6447619047619049,0.8352380952380951,0.19047619047619024,0.9066666666666666,0.9066666666666666,0.0,0.7380952380952381,0.9285714285714286,0.19047619047619047,32,24
34,35.387588647792384,1.5488509703053062,legacy67,minmax,0.6447619047619049,0.8352380952380951,0.19047619047619024,0.9066666666666666,0.9066666666666666,0.0,0.7380952380952381,0.9285714285714286,0.19047619047619047,32,24
34,37.95853142670639,1.5793094017105953,legacy67,minmax,0.6447619047619049,0.8352380952380951,0.19047619047619024,0.9066666666666666,0.9066666666666666,0.0,0.7380952380952381,0.9285714285714286,0.19047619047619047,33,24
34,43.37920697490936,1.6372816083151283,legacy67,minmax,0.6447619047619049,0.8352380952380951,0.19047619047619024,0.9066666666666666,0.9066666666666666,0.0,0.7380952380952381,0.9285714285714286,0.19047619047619047,32,24
34,48.69640941520897,1.6874969400924673,legacy67,minmax,0.6447619047619049,0.8352380952380951,0.19047619047619024,0.9066666666666666,0.9066666666666666,0.0,0.7380952380952381,0.9285714285714286,0.19047619047619047,32,24
34,57.279044707996185,1.7579957662567565,legacy67,minmax,0.6447619047619049,0.8352380952380951,0.19047619047619024,0.9066666666666666,0.9066666666666666,0.0,0.7380952380952381,0.9285714285714286,0.19047619047619047,33,25
34,62.45139574743064,1.795542149013333,legacy67,minmax,0.6447619047619049,0.8352380952380951,0.19047619047619024,0.9066666666666666,0.9066666666666666,0.0,0.7380952380952381,0.9285714285714286,0.19047619047619047,33,25
34,63.512210106406926,1.8028572256396647,legacy67,minmax,0.6447619047619049,0.8352380952380951,0.19047619047619024,0.9066666666666666,0.9066666666666666,0.0,0.7380952380952381,0.9285714285714286,0.19047619047619047,33,25
34,72.86653737491037,1.8625281322982374,legacy67,minmax,0.6447619047619049,0.8352380952380951,0.19047619047619024,0.9066666666666666,0.9066666666666666,0.0,0.7380952380952381,0.9285714285714286,0.19047619047619047,33,25
34,75.56810141274423,1.8783385110582342,legacy67,minmax,0.6447619047619049,0.8352380952380951,0.19047619047619024,0.9066666666666666,0.9066666666666666,0.0,0.7380952380952381,0.9285714285714286,0.19047619047619047,33,25
34,75.79479953347995,1.8796394086479773,legacy67,minmax,0.6447619047619049,0.8352380952380951,0.19047619047619024,0.9066666666666666,0.9066666666666666,0.0,0.7380952380952381,0.9285714285714286,0.19047619047619047,33,25
34,88.62326508576248,1.9475477464020692,legacy67,minmax,0.6447619047619049,0.8352380952380951,0.19047619047619024,0.9066666666666666,0.9066666666666666,0.0,0.7380952380952381,0.9285714285714286,0.19047619047619047,33,26
35,0.010521761868451128,-1.9779115315055904,legacy67,minmax,0.0,0.0,0.0,1.0,1.0,0.0,0.0,0.0,0.0,0,0
35,0.012087541473056955,-1.9176620228167902,legacy67,minmax,0.0,0.0,0.0,1.0,1.0,0.0,0.0,0.0,0.0,0,0
35,0.01263794633808287,-1.8983234930236192,legacy67,minmax,0.0,0.0,0.0,1.0,1.0,0.0,0.0,0.0,0.0,0,0
35,0.013726318898045865,-1.8624459155391264,legacy67,minmax,0.0,0.0,0.0,1.0,1.0,0.0,0.0,0.0,0.0,0,0
35,0.0151673306880762,-1.8190908443578477,legacy67,minmax,0.0,0.0,0.0,1.0,1.0,0.0,0.0,0.0,0.0,0,0
35,0.015339162591163618,-1.814198349120009,legacy67,minmax,0.0,0.0,0.0,1.0,1.0,0.0,0.0,0.0,0.0,0,0
35,0.017073967431528118,-1.7676655513272022,legacy67,minmax,0.0,0.0,0.0,1.0,1.0,0.0,0.0,0.0,0.0,2,1
35,0.017956984225677628,-1.7457665988559055,legacy67,minmax,0.023809523809523725,0.0,-0.023809523809523725,1.0,1.0,0.0,0.023809523809523808,0.0,-0.023809523809523808,2,1
35,0.018205657658407252,-1.739793628058882,legacy67,minmax,0.023809523809523725,0.0,-0.023809523809523725,1.0,1.0,0.0,0.023809523809523808,0.0,-0.023809523809523808,2,1
35,0.019777828512462715,-1.7038213930636386,legacy67,minmax,0.04761904761904767,0.0,-0.04761904761904767,1.0,1.0,0.0,0.047619047619047616,0.0,-0.047619047619047616,2,2
35,0.01987021538542862,-1.7017974252809167,legacy67,minmax,0.04761904761904767,0.0,-0.04761904761904767,1.0,1.0,0.0,0.047619047619047616,0.0,-0.047619047619047616,2,2
35,0.022592797420156945,-1.646029991792322,legacy67,minmax,0.09523809523809534,0.24857142857142867,0.15333333333333332,1.0,0.9866666666666667,-0.013333333333333308,0.09523809523809523,0.2619047619047619,0.16666666666666669,2,2
35,0.024586032763280048,-1.6093115439744645,legacy67,minmax,0.30952380952380953,0.4733333333333334,0.16380952380952385,1.0,0.9733333333333334,-0.026666666666666616,0.30952380952380953,0.5,0.19047619047619047,3,2
35,0.027012557725439066,-1.5684342920267822,legacy67,minmax,0.3571428571428572,0.4733333333333334,0.11619047619047618,1.0,0.9733333333333334,-0.026666666666666616,0.35714285714285715,0.5,0.14285714285714285,3,2
35,0.029072088906598435,-1.5365237618994811,legacy67,minmax,0.38095238095238093,0.4733333333333334,0.09238095238095245,1.0,0.9733333333333334,-0.026666666666666616,0.38095238095238093,0.5,0.11904761904761907,3,2
35,0.030086868214458433,-1.5216230162467932,legacy67,minmax,0.36761904761904773,0.4733333333333334,0.10571428571428565,0.9866666666666667,0.9733333333333334,-0.013333333333333308,0.38095238095238093,0.5,0.11904761904761907,3,2
35,0.030771802712506853,-1.5118470606208847,legacy67,minmax,0.36761904761904773,0.4733333333333334,0.10571428571428565,0.9866666666666667,0.9733333333333334,-0.013333333333333308,0.38095238095238093,0.5,0.11904761904761907,3,2
35,0.036138942712165265,-1.4420245573918327,legacy67,minmax,0.43904761904761913,0.4733333333333334,0.03428571428571425,0.9866666666666667,0.9733333333333334,-0.013333333333333308,0.4523809523809524,0.5,0.047619047619047616,4,2
35,0.03661819220392428,-1.4363031001009494,legacy67,minmax,0.43904761904761913,0.4733333333333334,0.03428571428571425,0.9866666666666667,0.9733333333333334,-0.013333333333333308,0.4523809523809524,0.5,0.047619047619047616,4,2
35,0.04207053950287936,-1.3760219186551894,legacy67,minmax,0.46285714285714286,0.4733333333333334,0.010476190476190528,0.9866666666666667,0.9733333333333334,-0.013333333333333308,0.47619047619047616,0.5,0.023809523809523836,4,2
35,0.04207988669606635,-1.375925438230254,legacy67,minmax,0.46285714285714286,0.4733333333333334,0.010476190476190528,0.9866666666666667,0.9733333333333334,-0.013333333333333308,0.47619047619047616,0.5,0.023809523809523836,4,2
35,0.04809461967501572,-1.3179035052508339,legacy67,minmax,0.46285714285714286,0.5447619047619048,0.08190476190476192,0.9866666666666667,0.9733333333333334,-0.013333333333333308,0.47619047619047616,0.5714285714285714,0.09523809523809523,5,2
35,0.05337032762603955,-1.2727001311715975,legacy67,minmax,0.46285714285714286,0.5447619047619048,0.08190476190476192,0.9866666666666667,0.9733333333333334,-0.013333333333333308,0.47619047619047616,0.5714285714285714,0.09523809523809523,5,2
35,0.05415244119402536,-1.2663819605862647,legacy67,minmax,0.46285714285714286,0.5447619047619048,0.08190476190476192,0.9866666666666667,0.9733333333333334,-0.013333333333333308,0.47619047619047616,0.5714285714285714,0.09523809523809523,5,2
35,0.05488047000766042,-1.2605821778978918,legacy67,minmax,0.44952380952380944,0.5447619047619048,0.09523809523809534,0.9733333333333334,0.9733333333333334,0.0,0.47619047619047616,0.5714285714285714,0.09523809523809523,5,3
35,0.060803901902965994,-1.2160685503234192,legacy67,minmax,0.45999999999999996,0.5447619047619048,0.08476190476190482,0.96,0.9733333333333334,0.01333333333333342,0.5,0.5714285714285714,0.0714285714285714,5,3
35,0.06235377135673155,-1.2051372738633104,legacy67,minmax,0.45999999999999996,0.5447619047619048,0.08476190476190482,0.96,0.9733333333333334,0.01333333333333342,0.5,0.5714285714285714,0.0714285714285714,5,3
35,0.06290644294586147,-1.201304871366561,legacy67,minmax,0.45999999999999996,0.5447619047619048,0.08476190476190482,0.96,0.9733333333333334,0.01333333333333342,0.5,0.5714285714285714,0.0714285714285714,5,4
35,0.07068974950624601,-1.1506435572868954,legacy67,minmax,0.43619047619047624,0.5447619047619048,0.10857142857142854,0.96,0.9733333333333334,0.01333333333333342,0.47619047619047616,0.5714285714285714,0.09523809523809523,6,5
35,0.10842262717330158,-0.9648800735999323,legacy67,minmax,0.5314285714285714,0.6504761904761904,0.11904761904761907,0.96,0.96,0.0,0.5714285714285714,0.6904761904761905,0.11904761904761907,8,8
35,0.12172958098369964,-0.9146038729044164,legacy67,minmax,0.5314285714285714,0.6742857142857144,0.14285714285714302,0.96,0.96,0.0,0.5714285714285714,0.7142857142857143,0.1428571428571429,8,8
35,0.1329652145729951,-0.876261961250477,legacy67,minmax,0.5314285714285714,0.6742857142857144,0.14285714285714302,0.96,0.96,0.0,0.5714285714285714,0.7142857142857143,0.1428571428571429,8,9
35,0.14618962793704957,-0.8350834392078323,legacy67,minmax,0.5552380952380953,0.6980952380952381,0.1428571428571428,0.96,0.96,0.0,0.5952380952380952,0.7380952380952381,0.1428571428571429,8,9
35,0.14742753159914665,-0.8314214058591274,legacy67,minmax,0.5552380952380953,0.6980952380952381,0.1428571428571428,0.96,0.96,0.0,0.5952380952380952,0.7380952380952381,0.1428571428571429,8,9
35,0.16480446427978968,-0.7830310281618491,legacy67,minmax,0.5419047619047619,0.7457142857142856,0.20380952380952366,0.9466666666666667,0.96,0.013333333333333308,0.5952380952380952,0.7857142857142857,0.19047619047619047,9,9
35,0.16536937182824418,-0.7815449233065173,legacy67,minmax,0.5419047619047619,0.7457142857142856,0.20380952380952366,0.9466666666666667,0.96,0.013333333333333308,0.5952380952380952,0.7857142857142857,0.19047619047619047,9,9
35,0.1753594952976441,-0.7560707131373512,legacy67,minmax,0.5419047619047619,0.7457142857142856,0.20380952380952366,0.9466666666666667,0.96,0.013333333333333308,0.5952380952380952,0.7857142857142857,0.19047619047619047,10,9
35,0.17654048052495064,-0.7531556956423562,legacy67,minmax,0.5419047619047619,0.7457142857142856,0.20380952380952366,0.9466666666666667,0.96,0.013333333333333308,0.5952380952380952,0.7857142857142857,0.19047619047619047,10,10
35,0.1998634077852887,-0.6992667118930118,legacy67,minmax,0.5419047619047619,0.7457142857142856,0.20380952380952366,0.9466666666666667,0.96,0.013333333333333308,0.5952380952380952,0.7857142857142857,0.19047619047619047,12,10
35,0.2001342062287997,-0.6986786769469426,legacy67,minmax,0.5419047619047619,0.7457142857142856,0.20380952380952366,0.9466666666666667,0.96,0.013333333333333308,0.5952380952380952,0.7857142857142857,0.19047619047619047,12,10
35,0.21066486017042194,-0.6764079005894033,legacy67,minmax,0.5419047619047619,0.7457142857142856,0.20380952380952366,0.9466666666666667,0.96,0.013333333333333308,0.5952380952380952,0.7857142857142857,0.19047619047619047,12,10
35,0.2673088310781669,-0.5729866932256429,legacy67,minmax,0.5419047619047619,0.7457142857142856,0.20380952380952366,0.9466666666666667,0.96,0.013333333333333308,0.5952380952380952,0.7857142857142857,0.19047619047619047,14,9
35,0.2715581955282939,-0.5661370858229096,legacy67,minmax,0.5419047619047619,0.7457142857142856,0.20380952380952366,0.9466666666666667,0.96,0.013333333333333308,0.5952380952380952,0.7857142857142857,0.19047619047619047,15,9
35,0.292043384718141,-0.5345526268252332,legacy67,minmax,0.579047619047619,0.7457142857142856,0.16666666666666652,0.96,0.96,0.0,0.6190476190476191,0.7857142857142857,0.16666666666666663,15,9
35,0.314891164795686,-0.50183952461055,legacy67,minmax,0.579047619047619,0.7457142857142856,0.16666666666666652,0.96,0.96,0.0,0.6190476190476191,0.7857142857142857,0.16666666666666663,15,9
35,0.35868164986275475,-0.44529084124207197,legacy67,minmax,0.579047619047619,0.7695238095238095,0.19047619047619047,0.96,0.96,0.0,0.6190476190476191,0.8095238095238095,0.19047619047619047,14,9
35,0.5130551760589832,-0.2898359265658015,legacy67,minmax,0.6028571428571428,0.7695238095238095,0.16666666666666674,0.96,0.96,0.0,0.6428571428571429,0.8095238095238095,0.16666666666666663,18,9
35,0.5342937261279772,-0.27221992543153695,legacy67,minmax,0.6266666666666665,0.7695238095238095,0.14285714285714302,0.96,0.96,0.0,0.6666666666666666,0.8095238095238095,0.1428571428571429,18,9
35,0.5762487216478598,-0.23939002504159476,legacy67,minmax,0.6266666666666665,0.7695238095238095,0.14285714285714302,0.96,0.96,0.0,0.6666666666666666,0.8095238095238095,0.1428571428571429,19,9
35,0.6672367170464204,-0.17572006313185626,legacy67,minmax,0.6266666666666665,0.7933333333333334,0.16666666666666696,0.96,0.96,0.0,0.6666666666666666,0.8333333333333334,0.16666666666666674,19,9
35,0.7742116473996242,-0.1111402993522028,legacy67,minmax,0.6266666666666665,0.7933333333333334,0.16666666666666696,0.96,0.96,0.0,0.6666666666666666,0.8333333333333334,0.16666666666666674,21,9
35,0.9444574254983555,-0.02481761454243703,legacy67,minmax,0.6266666666666665,0.8171428571428572,0.1904761904761907,0.96,0.96,0.0,0.6666666666666666,0.8571428571428571,0.19047619047619047,21,9
35,0.9565499215943818,-0.019292359554919238,legacy67,minmax,0.6266666666666665,0.8171428571428572,0.1904761904761907,0.96,0.96,0.0,0.6666666666666666,0.8571428571428571,0.19047619047619047,21,9
35,1.1400863701127315,0.0569377536544464,legacy67,minmax,0.6504761904761904,0.8142857142857143,0.16380952380952385,0.96,0.9333333333333333,-0.026666666666666616,0.6904761904761905,0.8809523809523809,0.19047619047619047,22,9
35,1.2030178871154662,0.08027208471124325,legacy67,minmax,0.6504761904761904,0.8142857142857143,0.16380952380952385,0.96,0.9333333333333333,-0.026666666666666616,0.6904761904761905,0.8809523809523809,0.19047619047619047,22,9
35,1.2329098365270508,0.0909313175279762,legacy67,minmax,0.6504761904761904,0.8142857142857143,0.16380952380952385,0.96,0.9333333333333333,-0.026666666666666616,0.6904761904761905,0.8809523809523809,0.19047619047619047,22,9
35,1.2561043700013554,0.09902572652895136,legacy67,minmax,0.6504761904761904,0.8142857142857143,0.16380952380952385,0.96,0.9333333333333333,-0.026666666666666616,0.6904761904761905,0.8809523809523809,0.19047619047619047,22,9
35,1.4817820606039076,0.17078433263299386,legacy67,minmax,0.6504761904761904,0.8142857142857143,0.16380952380952385,0.96,0.9333333333333333,-0.026666666666666616,0.6904761904761905,0.8809523809523809,0.19047619047619047,23,9
35,1.5375920235481748,0.1868411173731186,legacy67,minmax,0.6504761904761904,0.8142857142857143,0.16380952380952385,0.96,0.9333333333333333,-0.026666666666666616,0.6904761904761905,0.8809523809523809,0.19047619047619047,23,9
35,1.7583640270008503,0.24510879027798493,legacy67,minmax,0.6504761904761904,0.8142857142857143,0.16380952380952385,0.96,0.9333333333333333,-0.026666666666666616,0.6904761904761905,0.8809523809523809,0.19047619047619047,24,9
35,2.34238498471129,0.36965827544816987,legacy67,minmax,0.6533333333333333,0.8142857142857143,0.16095238095238096,0.9866666666666667,0.9333333333333333,-0.053333333333333344,0.6666666666666666,0.8809523809523809,0.2142857142857143,27,9
35,2.4637685958997446,0.39159991524434057,legacy67,minmax,0.6666666666666665,0.8142857142857143,0.14761904761904776,1.0,0.9333333333333333,-0.06666666666666665,0.6666666666666666,0.8809523809523809,0.2142857142857143,27,9
35,2.4810409748678097,0.3946339367881464,legacy67,minmax,0.6666666666666665,0.8142857142857143,0.14761904761904776,1.0,0.9333333333333333,-0.06666666666666665,0.6666666666666666,0.8809523809523809,0.2142857142857143,27,9
35,2.5378155082656626,0.40446004697283516,legacy67,minmax,0.6666666666666665,0.8142857142857143,0.14761904761904776,1.0,0.9333333333333333,-0.06666666666666665,0.6666666666666666,0.8809523809523809,0.2142857142857143,27,9
35,2.692646910086177,0.43017940760575346,legacy67,minmax,0.6666666666666665,0.8142857142857143,0.14761904761904776,1.0,0.9333333333333333,-0.06666666666666665,0.6666666666666666,0.8809523809523809,0.2142857142857143,27,9
35,2.801635158716258,0.4474115788895179,legacy67,minmax,0.6666666666666665,0.8142857142857143,0.14761904761904776,1.0,0.9333333333333333,-0.06666666666666665,0.6666666666666666,0.8809523809523809,0.2142857142857143,28,9
35,3.113095956122122,0.4931925073102317,legacy67,minmax,0.6666666666666665,0.8142857142857143,0.14761904761904776,1.0,0.9333333333333333,-0.06666666666666665,0.6666666666666666,0.8809523809523809,0.2142857142857143,28,9
35,3.550012525851159,0.5502298854208525,legacy67,minmax,0.6904761904761905,0.8142857142857143,0.12380952380952381,1.0,0.9333333333333333,-0.06666666666666665,0.6904761904761905,0.8809523809523809,0.19047619047619047,28,9
35,4.467752817973904,0.6500891374159279,legacy67,minmax,0.6904761904761905,0.8142857142857143,0.12380952380952381,1.0,0.9333333333333333,-0.06666666666666665,0.6904761904761905,0.8809523809523809,0.19047619047619047,29,9
35,5.456725485601473,0.7369321060486276,legacy67,minmax,0.6904761904761905,0.8142857142857143,0.12380952380952381,1.0,0.9333333333333333,-0.06666666666666665,0.6904761904761905,0.8809523809523809,0.19047619047619047,29,9
35,6.72093005015611,0.8274293753904685,legacy67,minmax,0.6904761904761905,0.8142857142857143,0.12380952380952381,1.0,0.9333333333333333,-0.06666666666666665,0.6904761904761905,0.8809523809523809,0.19047619047619047,27,30
35,6.7965780907581514,0.832290311184182,legacy67,minmax,0.6904761904761905,0.8142857142857143,0.12380952380952381,1.0,0.9333333333333333,-0.06666666666666665,0.6904761904761905,0.8809523809523809,0.19047619047619047,27,30
35,7.128188058401357,0.85297914889198,legacy67,minmax,0.6904761904761905,0.8142857142857143,0.12380952380952381,1.0,0.9333333333333333,-0.06666666666666665,0.6904761904761905,0.8809523809523809,0.19047619047619047,26,30
35,8.241925264876443,0.9160286721639492,legacy67,minmax,0.677142857142857,0.8142857142857143,0.13714285714285723,0.9866666666666667,0.9333333333333333,-0.053333333333333344,0.6904761904761905,0.8809523809523809,0.19047619047619047,27,30
35,8.287522363768153,0.9184247133522563,legacy67,minmax,0.677142857142857,0.8142857142857143,0.13714285714285723,0.9866666666666667,0.9333333333333333,-0.053333333333333344,0.6904761904761905,0.8809523809523809,0.19047619047619047,27,30
35,8.471801418819974,0.9279757672456204,legacy67,minmax,0.677142857142857,0.8142857142857143,0.13714285714285723,0.9866666666666667,0.9333333333333333,-0.053333333333333344,0.6904761904761905,0.8809523809523809,0.19047619047619047,27,30
35,11.044350847124681,1.0431401944675898,legacy67,minmax,0.677142857142857,0.8142857142857143,0.13714285714285723,0.9866666666666667,0.9333333333333333,-0.053333333333333344,0.6904761904761905,0.8809523809523809,0.19047619047619047,28,30
35,12.130221181165155,1.083868719818244,legacy67,minmax,0.677142857142857,0.8142857142857143,0.13714285714285723,0.9866666666666667,0.9333333333333333,-0.053333333333333344,0.6904761904761905,0.8809523809523809,0.19047619047619047,28,30
35,12.164139351417056,1.085081386743783,legacy67,minmax,0.677142857142857,0.8142857142857143,0.13714285714285723,0.9866666666666667,0.9333333333333333,-0.053333333333333344,0.6904761904761905,0.8809523809523809,0.19047619047619047,28,30
35,12.273800987852958,1.0889790771866297,legacy67,minmax,0.677142857142857,0.8142857142857143,0.13714285714285723,0.9866666666666667,0.9333333333333333,-0.053333333333333344,0.6904761904761905,0.8809523809523809,0.19047619047619047,28,30
35,12.604664585649452,1.1005312934444582,legacy67,minmax,0.677142857142857,0.8142857142857143,0.13714285714285723,0.9866666666666667,0.9333333333333333,-0.053333333333333344,0.6904761904761905,0.8809523809523809,0.19047619047619047,29,30
35,13.826232179369853,1.1407038455720544,legacy67,minmax,0.677142857142857,0.8142857142857143,0.13714285714285723,0.9866666666666667,0.9333333333333333,-0.053333333333333344,0.6904761904761905,0.8809523809523809,0.19047619047619047,29,30
35,16.172900811143133,1.2087879230161587,legacy67,minmax,0.677142857142857,0.8142857142857143,0.13714285714285723,0.9866666666666667,0.9333333333333333,-0.053333333333333344,0.6904761904761905,0.8809523809523809,0.19047619047619047,31,30
35,17.123375973163967,1.2335893924658445,legacy67,minmax,0.677142857142857,0.8142857142857143,0.13714285714285723,0.9866666666666667,0.9333333333333333,-0.053333333333333344,0.6904761904761905,0.8809523809523809,0.19047619047619047,31,30
35,18.274508859816006,1.2618457138193366,legacy67,minmax,0.677142857142857,0.8142857142857143,0.13714285714285723,0.9866666666666667,0.9333333333333333,-0.053333333333333344,0.6904761904761905,0.8809523809523809,0.19047619047619047,32,30
35,20.65142557895924,1.3149500366077174,legacy67,minmax,0.677142857142857,0.8142857142857143,0.13714285714285723,0.9866666666666667,0.9333333333333333,-0.053333333333333344,0.6904761904761905,0.8809523809523809,0.19047619047619047,32,30
35,21.36832907235874,1.329770563201687,legacy67,minmax,0.677142857142857,0.8142857142857143,0.13714285714285723,0.9866666666666667,0.9333333333333333,-0.053333333333333344,0.6904761904761905,0.8809523809523809,0.19047619047619047,33,30
35,28.340904295147727,1.452413703502374,legacy67,minmax,0.677142857142857,0.8142857142857143,0.13714285714285723,0.9866666666666667,0.9333333333333333,-0.053333333333333344,0.6904761904761905,0.8809523809523809,0.19047619047619047,33,30
35,29.154431891537524,1.4647045830997407,legacy67,minmax,0.677142857142857,0.8142857142857143,0.13714285714285723,0.9866666666666667,0.9333333333333333,-0.053333333333333344,0.6904761904761905,0.8809523809523809,0.19047619047619047,33,30
35,35.387588647792384,1.5488509703053062,legacy67,minmax,0.677142857142857,0.8142857142857143,0.13714285714285723,0.9866666666666667,0.9333333333333333,-0.053333333333333344,0.6904761904761905,0.8809523809523809,0.19047619047619047,33,30
35,37.95853142670639,1.5793094017105953,legacy67,minmax,0.677142857142857,0.8142857142857143,0.13714285714285723,0.9866666666666667,0.9333333333333333,-0.053333333333333344,0.6904761904761905,0.8809523809523809,0.19047619047619047,33,30
35,43.37920697490936,1.6372816083151283,legacy67,minmax,0.677142857142857,0.8142857142857143,0.13714285714285723,0.9866666666666667,0.9333333333333333,-0.053333333333333344,0.6904761904761905,0.8809523809523809,0.19047619047619047,33,30
35,48.69640941520897,1.6874969400924673,legacy67,minmax,0.677142857142857,0.8142857142857143,0.13714285714285723,0.9866666666666667,0.9333333333333333,-0.053333333333333344,0.6904761904761905,0.8809523809523809,0.19047619047619047,33,30
35,57.279044707996185,1.7579957662567565,legacy67,minmax,0.6638095238095238,0.8142857142857143,0.15047619047619043,0.9733333333333334,0.9333333333333333,-0.040000000000000036,0.6904761904761905,0.8809523809523809,0.19047619047619047,33,30
35,62.45139574743064,1.795542149013333,legacy67,minmax,0.6638095238095238,0.8142857142857143,0.15047619047619043,0.9733333333333334,0.9333333333333333,-0.040000000000000036,0.6904761904761905,0.8809523809523809,0.19047619047619047,33,30
35,63.512210106406926,1.8028572256396647,legacy67,minmax,0.6638095238095238,0.8142857142857143,0.15047619047619043,0.9733333333333334,0.9333333333333333,-0.040000000000000036,0.6904761904761905,0.8809523809523809,0.19047619047619047,33,30
35,72.86653737491037,1.8625281322982374,legacy67,minmax,0.6638095238095238,0.8142857142857143,0.15047619047619043,0.9733333333333334,0.9333333333333333,-0.040000000000000036,0.6904761904761905,0.8809523809523809,0.19047619047619047,33,31
35,75.56810141274423,1.8783385110582342,legacy67,minmax,0.6638095238095238,0.8142857142857143,0.15047619047619043,0.9733333333333334,0.9333333333333333,-0.040000000000000036,0.6904761904761905,0.8809523809523809,0.19047619047619047,33,31
35,75.79479953347995,1.8796394086479773,legacy67,minmax,0.6638095238095238,0.8142857142857143,0.15047619047619043,0.9733333333333334,0.9333333333333333,-0.040000000000000036,0.6904761904761905,0.8809523809523809,0.19047619047619047,33,31
35,88.62326508576248,1.9475477464020692,legacy67,minmax,0.6638095238095238,0.8142857142857143,0.15047619047619043,0.9733333333333334,0.9333333333333333,-0.040000000000000036,0.6904761904761905,0.8809523809523809,0.19047619047619047,33,31
36,0.010521761868451128,-1.9779115315055904,legacy67,minmax,0.0,0.0,0.0,1.0,1.0,0.0,0.0,0.0,0.0,0,0
36,0.012087541473056955,-1.9176620228167902,legacy67,minmax,0.0,0.0,0.0,1.0,1.0,0.0,0.0,0.0,0.0,0,0
36,0.01263794633808287,-1.8983234930236192,legacy67,minmax,0.0,0.0,0.0,1.0,1.0,0.0,0.0,0.0,0.0,0,0
36,0.013726318898045865,-1.8624459155391264,legacy67,minmax,0.0,0.0,0.0,1.0,1.0,0.0,0.0,0.0,0.0,0,0
36,0.0151673306880762,-1.8190908443578477,legacy67,minmax,0.0,0.0,0.0,1.0,1.0,0.0,0.0,0.0,0.0,0,0
36,0.015339162591163618,-1.814198349120009,legacy67,minmax,0.0,0.0,0.0,1.0,1.0,0.0,0.0,0.0,0.0,0,0
36,0.017073967431528118,-1.7676655513272022,legacy67,minmax,0.0,0.0,0.0,1.0,1.0,0.0,0.0,0.0,0.0,2,1
36,0.017956984225677628,-1.7457665988559055,legacy67,minmax,0.0,0.0,0.0,1.0,1.0,0.0,0.0,0.0,0.0,2,1
36,0.018205657658407252,-1.739793628058882,legacy67,minmax,0.0,0.0,0.0,1.0,1.0,0.0,0.0,0.0,0.0,2,1
36,0.019777828512462715,-1.7038213930636386,legacy67,minmax,0.09523809523809534,0.0,-0.09523809523809534,1.0,1.0,0.0,0.09523809523809523,0.0,-0.09523809523809523,3,1
36,0.01987021538542862,-1.7017974252809167,legacy67,minmax,0.09523809523809534,0.0,-0.09523809523809534,1.0,1.0,0.0,0.09523809523809523,0.0,-0.09523809523809523,3,1
36,0.022592797420156945,-1.646029991792322,legacy67,minmax,0.1428571428571428,0.44952380952380944,0.30666666666666664,1.0,0.9733333333333334,-0.026666666666666616,0.14285714285714285,0.47619047619047616,0.3333333333333333,3,1
36,0.024586032763280048,-1.6093115439744645,legacy67,minmax,0.2142857142857142,0.44952380952380944,0.23523809523809525,1.0,0.9733333333333334,-0.026666666666666616,0.21428571428571427,0.47619047619047616,0.26190476190476186,3,1
36,0.027012557725439066,-1.5684342920267822,legacy67,minmax,0.2142857142857142,0.44952380952380944,0.23523809523809525,1.0,0.9733333333333334,-0.026666666666666616,0.21428571428571427,0.47619047619047616,0.26190476190476186,3,2
36,0.029072088906598435,-1.5365237618994811,legacy67,minmax,0.33333333333333326,0.44952380952380944,0.11619047619047618,1.0,0.9733333333333334,-0.026666666666666616,0.3333333333333333,0.47619047619047616,0.14285714285714285,3,2
36,0.030086868214458433,-1.5216230162467932,legacy67,minmax,0.3571428571428572,0.44952380952380944,0.09238095238095223,1.0,0.9733333333333334,-0.026666666666666616,0.35714285714285715,0.47619047619047616,0.11904761904761901,3,2
36,0.030771802712506853,-1.5118470606208847,legacy67,minmax,0.3571428571428572,0.44952380952380944,0.09238095238095223,1.0,0.9733333333333334,-0.026666666666666616,0.35714285714285715,0.47619047619047616,0.11904761904761901,3,2
36,0.036138942712165265,-1.4420245573918327,legacy67,minmax,0.39142857142857146,0.44952380952380944,0.05809523809523798,0.9866666666666667,0.9733333333333334,-0.013333333333333308,0.40476190476190477,0.47619047619047616,0.0714285714285714,4,2
36,0.03661819220392428,-1.4363031001009494,legacy67,minmax,0.39142857142857146,0.44952380952380944,0.05809523809523798,0.9866666666666667,0.9733333333333334,-0.013333333333333308,0.40476190476190477,0.47619047619047616,0.0714285714285714,4,2
36,0.04207053950287936,-1.3760219186551894,legacy67,minmax,0.43904761904761913,0.44952380952380944,0.010476190476190306,0.9866666666666667,0.9733333333333334,-0.013333333333333308,0.4523809523809524,0.47619047619047616,0.02380952380952378,5,3
36,0.04207988669606635,-1.375925438230254,legacy67,minmax,0.43904761904761913,0.44952380952380944,0.010476190476190306,0.9866666666666667,0.9733333333333334,-0.013333333333333308,0.4523809523809524,0.47619047619047616,0.02380952380952378,5,3
36,0.04809461967501572,-1.3179035052508339,legacy67,minmax,0.4866666666666668,0.44952380952380944,-0.037142857142857366,0.9866666666666667,0.9733333333333334,-0.013333333333333308,0.5,0.47619047619047616,-0.023809523809523836,5,3
36,0.05337032762603955,-1.2727001311715975,legacy67,minmax,0.5104761904761905,0.4733333333333334,-0.037142857142857144,0.9866666666666667,0.9733333333333334,-0.013333333333333308,0.5238095238095238,0.5,-0.023809523809523836,5,3
36,0.05415244119402536,-1.2663819605862647,legacy67,minmax,0.5104761904761905,0.4733333333333334,-0.037142857142857144,0.9866666666666667,0.9733333333333334,-0.013333333333333308,0.5238095238095238,0.5,-0.023809523809523836,5,3
36,0.05488047000766042,-1.2605821778978918,legacy67,minmax,0.5104761904761905,0.4733333333333334,-0.037142857142857144,0.9866666666666667,0.9733333333333334,-0.013333333333333308,0.5238095238095238,0.5,-0.023809523809523836,5,3
36,0.060803901902965994,-1.2160685503234192,legacy67,minmax,0.49714285714285733,0.4733333333333334,-0.023809523809523947,0.9733333333333334,0.9733333333333334,0.0,0.5238095238095238,0.5,-0.023809523809523836,6,4
36,0.06235377135673155,-1.2051372738633104,legacy67,minmax,0.49714285714285733,0.4733333333333334,-0.023809523809523947,0.9733333333333334,0.9733333333333334,0.0,0.5238095238095238,0.5,-0.023809523809523836,6,4
36,0.06290644294586147,-1.201304871366561,legacy67,minmax,0.49714285714285733,0.4733333333333334,-0.023809523809523947,0.9733333333333334,0.9733333333333334,0.0,0.5238095238095238,0.5,-0.023809523809523836,6,4
36,0.07068974950624601,-1.1506435572868954,legacy67,minmax,0.5447619047619048,0.49714285714285733,-0.04761904761904745,0.9733333333333334,0.9733333333333334,0.0,0.5714285714285714,0.5238095238095238,-0.04761904761904756,6,5
36,0.10842262717330158,-0.9648800735999323,legacy67,minmax,0.5419047619047619,0.6400000000000001,0.09809523809523824,0.9466666666666667,0.9733333333333334,0.026666666666666727,0.5952380952380952,0.6666666666666666,0.0714285714285714,8,7
36,0.12172958098369964,-0.9146038729044164,legacy67,minmax,0.5657142857142858,0.6400000000000001,0.07428571428571429,0.9466666666666667,0.9733333333333334,0.026666666666666727,0.6190476190476191,0.6666666666666666,0.04761904761904756,10,7
36,0.1329652145729951,-0.876261961250477,legacy67,minmax,0.5657142857142858,0.6400000000000001,0.07428571428571429,0.9466666666666667,0.9733333333333334,0.026666666666666727,0.6190476190476191,0.6666666666666666,0.04761904761904756,10,7
36,0.14618962793704957,-0.8350834392078323,legacy67,minmax,0.5895238095238096,0.6638095238095238,0.07428571428571429,0.9466666666666667,0.9733333333333334,0.026666666666666727,0.6428571428571429,0.6904761904761905,0.04761904761904756,11,7
36,0.14742753159914665,-0.8314214058591274,legacy67,minmax,0.5895238095238096,0.6638095238095238,0.07428571428571429,0.9466666666666667,0.9733333333333334,0.026666666666666727,0.6428571428571429,0.6904761904761905,0.04761904761904756,11,7
36,0.16480446427978968,-0.7830310281618491,legacy67,minmax,0.6133333333333333,0.6638095238095238,0.05047619047619056,0.9466666666666667,0.9733333333333334,0.026666666666666727,0.6666666666666666,0.6904761904761905,0.023809523809523836,12,8
36,0.16536937182824418,-0.7815449233065173,legacy67,minmax,0.6133333333333333,0.6638095238095238,0.05047619047619056,0.9466666666666667,0.9733333333333334,0.026666666666666727,0.6666666666666666,0.6904761904761905,0.023809523809523836,12,8
36,0.1753594952976441,-0.7560707131373512,legacy67,minmax,0.6133333333333333,0.6638095238095238,0.05047619047619056,0.9466666666666667,0.9733333333333334,0.026666666666666727,0.6666666666666666,0.6904761904761905,0.023809523809523836,12,8
36,0.17654048052495064,-0.7531556956423562,legacy67,minmax,0.6133333333333333,0.6638095238095238,0.05047619047619056,0.9466666666666667,0.9733333333333334,0.026666666666666727,0.6666666666666666,0.6904761904761905,0.023809523809523836,12,8
36,0.1998634077852887,-0.6992667118930118,legacy67,minmax,0.6133333333333333,0.7114285714285715,0.09809523809523824,0.9466666666666667,0.9733333333333334,0.026666666666666727,0.6666666666666666,0.7380952380952381,0.07142857142857151,14,8
36,0.2001342062287997,-0.6986786769469426,legacy67,minmax,0.6133333333333333,0.7114285714285715,0.09809523809523824,0.9466666666666667,0.9733333333333334,0.026666666666666727,0.6666666666666666,0.7380952380952381,0.07142857142857151,14,8
36,0.21066486017042194,-0.6764079005894033,legacy67,minmax,0.5657142857142858,0.7114285714285715,0.14571428571428569,0.9466666666666667,0.9733333333333334,0.026666666666666727,0.6190476190476191,0.7380952380952381,0.11904761904761907,14,8
36,0.2673088310781669,-0.5729866932256429,legacy67,minmax,0.5657142857142858,0.7590476190476192,0.19333333333333336,0.9466666666666667,0.9733333333333334,0.026666666666666727,0.6190476190476191,0.7857142857142857,0.16666666666666663,15,9
36,0.2715581955282939,-0.5661370858229096,legacy67,minmax,0.5657142857142858,0.7590476190476192,0.19333333333333336,0.9466666666666667,0.9733333333333334,0.026666666666666727,0.6190476190476191,0.7857142857142857,0.16666666666666663,15,9
36,0.292043384718141,-0.5345526268252332,legacy67,minmax,0.5657142857142858,0.7590476190476192,0.19333333333333336,0.9466666666666667,0.9733333333333334,0.026666666666666727,0.6190476190476191,0.7857142857142857,0.16666666666666663,15,8
36,0.314891164795686,-0.50183952461055,legacy67,minmax,0.5895238095238096,0.7590476190476192,0.16952380952380963,0.9466666666666667,0.9733333333333334,0.026666666666666727,0.6428571428571429,0.7857142857142857,0.1428571428571428,16,8
36,0.35868164986275475,-0.44529084124207197,legacy67,minmax,0.5419047619047619,0.7590476190476192,0.2171428571428573,0.9466666666666667,0.9733333333333334,0.026666666666666727,0.5952380952380952,0.7857142857142857,0.19047619047619047,17,8
36,0.5130551760589832,-0.2898359265658015,legacy67,minmax,0.5657142857142858,0.8066666666666666,0.2409523809523808,0.9466666666666667,0.9733333333333334,0.026666666666666727,0.6190476190476191,0.8333333333333334,0.2142857142857143,19,8
36,0.5342937261279772,-0.27221992543153695,legacy67,minmax,0.5657142857142858,0.8066666666666666,0.2409523809523808,0.9466666666666667,0.9733333333333334,0.026666666666666727,0.6190476190476191,0.8333333333333334,0.2142857142857143,19,8
36,0.5762487216478598,-0.23939002504159476,legacy67,minmax,0.5657142857142858,0.8066666666666666,0.2409523809523808,0.9466666666666667,0.9733333333333334,0.026666666666666727,0.6190476190476191,0.8333333333333334,0.2142857142857143,19,8
36,0.6672367170464204,-0.17572006313185626,legacy67,minmax,0.5657142857142858,0.8066666666666666,0.2409523809523808,0.9466666666666667,0.9733333333333334,0.026666666666666727,0.6190476190476191,0.8333333333333334,0.2142857142857143,20,8
36,0.7742116473996242,-0.1111402993522028,legacy67,minmax,0.5657142857142858,0.8066666666666666,0.2409523809523808,0.9466666666666667,0.9733333333333334,0.026666666666666727,0.6190476190476191,0.8333333333333334,0.2142857142857143,21,8
36,0.9444574254983555,-0.02481761454243703,legacy67,minmax,0.6000000000000001,0.8409523809523809,0.2409523809523808,0.9333333333333333,0.96,0.026666666666666616,0.6666666666666666,0.8809523809523809,0.2142857142857143,24,8
36,0.9565499215943818,-0.019292359554919238,legacy67,minmax,0.6000000000000001,0.8409523809523809,0.2409523809523808,0.9333333333333333,0.96,0.026666666666666616,0.6666666666666666,0.8809523809523809,0.2142857142857143,24,8
36,1.1400863701127315,0.0569377536544464,legacy67,minmax,0.5761904761904764,0.8409523809523809,0.26476190476190453,0.9333333333333333,0.96,0.026666666666666616,0.6428571428571429,0.8809523809523809,0.23809523809523803,26,8
36,1.2030178871154662,0.08027208471124325,legacy67,minmax,0.5761904761904764,0.8409523809523809,0.26476190476190453,0.9333333333333333,0.96,0.026666666666666616,0.6428571428571429,0.8809523809523809,0.23809523809523803,26,8
36,1.2329098365270508,0.0909313175279762,legacy67,minmax,0.5761904761904764,0.8409523809523809,0.26476190476190453,0.9333333333333333,0.96,0.026666666666666616,0.6428571428571429,0.8809523809523809,0.23809523809523803,26,8
36,1.2561043700013554,0.09902572652895136,legacy67,minmax,0.5761904761904764,0.8409523809523809,0.26476190476190453,0.9333333333333333,0.96,0.026666666666666616,0.6428571428571429,0.8809523809523809,0.23809523809523803,26,8
36,1.4817820606039076,0.17078433263299386,legacy67,minmax,0.637142857142857,0.8409523809523809,0.20380952380952388,0.9466666666666667,0.96,0.013333333333333308,0.6904761904761905,0.8809523809523809,0.19047619047619047,27,8
36,1.5375920235481748,0.1868411173731186,legacy67,minmax,0.637142857142857,0.8409523809523809,0.20380952380952388,0.9466666666666667,0.96,0.013333333333333308,0.6904761904761905,0.8809523809523809,0.19047619047619047,27,8
36,1.7583640270008503,0.24510879027798493,legacy67,minmax,0.637142857142857,0.8409523809523809,0.20380952380952388,0.9466666666666667,0.96,0.013333333333333308,0.6904761904761905,0.8809523809523809,0.19047619047619047,27,8
36,2.34238498471129,0.36965827544816987,legacy67,minmax,0.6133333333333333,0.8409523809523809,0.2276190476190476,0.9466666666666667,0.96,0.013333333333333308,0.6666666666666666,0.8809523809523809,0.2142857142857143,28,9
36,2.4637685958997446,0.39159991524434057,legacy67,minmax,0.6133333333333333,0.8409523809523809,0.2276190476190476,0.9466666666666667,0.96,0.013333333333333308,0.6666666666666666,0.8809523809523809,0.2142857142857143,27,9
36,2.4810409748678097,0.3946339367881464,legacy67,minmax,0.6133333333333333,0.8409523809523809,0.2276190476190476,0.9466666666666667,0.96,0.013333333333333308,0.6666666666666666,0.8809523809523809,0.2142857142857143,27,9
36,2.5378155082656626,0.40446004697283516,legacy67,minmax,0.6133333333333333,0.8409523809523809,0.2276190476190476,0.9466666666666667,0.96,0.013333333333333308,0.6666666666666666,0.8809523809523809,0.2142857142857143,27,9
36,2.692646910086177,0.43017940760575346,legacy67,minmax,0.6133333333333333,0.8409523809523809,0.2276190476190476,0.9466666666666667,0.96,0.013333333333333308,0.6666666666666666,0.8809523809523809,0.2142857142857143,28,9
36,2.801635158716258,0.4474115788895179,legacy67,minmax,0.6133333333333333,0.8409523809523809,0.2276190476190476,0.9466666666666667,0.96,0.013333333333333308,0.6666666666666666,0.8809523809523809,0.2142857142857143,27,9
36,3.113095956122122,0.4931925073102317,legacy67,minmax,0.6133333333333333,0.8409523809523809,0.2276190476190476,0.9466666666666667,0.96,0.013333333333333308,0.6666666666666666,0.8809523809523809,0.2142857142857143,27,9
36,3.550012525851159,0.5502298854208525,legacy67,minmax,0.6133333333333333,0.8409523809523809,0.2276190476190476,0.9466666666666667,0.96,0.013333333333333308,0.6666666666666666,0.8809523809523809,0.2142857142857143,27,9
36,4.467752817973904,0.6500891374159279,legacy67,minmax,0.6504761904761904,0.8409523809523809,0.19047619047619047,0.96,0.96,0.0,0.6904761904761905,0.8809523809523809,0.19047619047619047,29,9
36,5.456725485601473,0.7369321060486276,legacy67,minmax,0.6638095238095238,0.8409523809523809,0.17714285714285705,0.9733333333333334,0.96,-0.01333333333333342,0.6904761904761905,0.8809523809523809,0.19047619047619047,29,9
36,6.72093005015611,0.8274293753904685,legacy67,minmax,0.6638095238095238,0.8409523809523809,0.17714285714285705,0.9733333333333334,0.96,-0.01333333333333342,0.6904761904761905,0.8809523809523809,0.19047619047619047,31,9
36,6.7965780907581514,0.832290311184182,legacy67,minmax,0.6638095238095238,0.8409523809523809,0.17714285714285705,0.9733333333333334,0.96,-0.01333333333333342,0.6904761904761905,0.8809523809523809,0.19047619047619047,31,9
36,7.128188058401357,0.85297914889198,legacy67,minmax,0.6638095238095238,0.8409523809523809,0.17714285714285705,0.9733333333333334,0.96,-0.01333333333333342,0.6904761904761905,0.8809523809523809,0.19047619047619047,32,9
36,8.241925264876443,0.9160286721639492,legacy67,minmax,0.6638095238095238,0.8409523809523809,0.17714285714285705,0.9733333333333334,0.96,-0.01333333333333342,0.6904761904761905,0.8809523809523809,0.19047619047619047,32,31
36,8.287522363768153,0.9184247133522563,legacy67,minmax,0.6638095238095238,0.8409523809523809,0.17714285714285705,0.9733333333333334,0.96,-0.01333333333333342,0.6904761904761905,0.8809523809523809,0.19047619047619047,32,31
36,8.471801418819974,0.9279757672456204,legacy67,minmax,0.6638095238095238,0.8409523809523809,0.17714285714285705,0.9733333333333334,0.96,-0.01333333333333342,0.6904761904761905,0.8809523809523809,0.19047619047619047,32,31
36,11.044350847124681,1.0431401944675898,legacy67,minmax,0.7352380952380952,0.8409523809523809,0.10571428571428565,0.9733333333333334,0.96,-0.01333333333333342,0.7619047619047619,0.8809523809523809,0.11904761904761907,32,32
36,12.130221181165155,1.083868719818244,legacy67,minmax,0.7114285714285715,0.8409523809523809,0.12952380952380937,0.9733333333333334,0.96,-0.01333333333333342,0.7380952380952381,0.8809523809523809,0.1428571428571428,32,32
36,12.164139351417056,1.085081386743783,legacy67,minmax,0.7114285714285715,0.8409523809523809,0.12952380952380937,0.9733333333333334,0.96,-0.01333333333333342,0.7380952380952381,0.8809523809523809,0.1428571428571428,32,32
36,12.273800987852958,1.0889790771866297,legacy67,minmax,0.7114285714285715,0.8409523809523809,0.12952380952380937,0.9733333333333334,0.96,-0.01333333333333342,0.7380952380952381,0.8809523809523809,0.1428571428571428,32,32
36,12.604664585649452,1.1005312934444582,legacy67,minmax,0.7114285714285715,0.8409523809523809,0.12952380952380937,0.9733333333333334,0.96,-0.01333333333333342,0.7380952380952381,0.8809523809523809,0.1428571428571428,32,32
36,13.826232179369853,1.1407038455720544,legacy67,minmax,0.7114285714285715,0.8409523809523809,0.12952380952380937,0.9733333333333334,0.96,-0.01333333333333342,0.7380952380952381,0.8809523809523809,0.1428571428571428,32,32
36,16.172900811143133,1.2087879230161587,legacy67,minmax,0.7114285714285715,0.8409523809523809,0.12952380952380937,0.9733333333333334,0.96,-0.01333333333333342,0.7380952380952381,0.8809523809523809,0.1428571428571428,32,32
36,17.123375973163967,1.2335893924658445,legacy67,minmax,0.7114285714285715,0.8409523809523809,0.12952380952380937,0.9733333333333334,0.96,-0.01333333333333342,0.7380952380952381,0.8809523809523809,0.1428571428571428,33,32
36,18.274508859816006,1.2618457138193366,legacy67,minmax,0.7114285714285715,0.8409523809523809,0.12952380952380937,0.9733333333333334,0.96,-0.01333333333333342,0.7380952380952381,0.8809523809523809,0.1428571428571428,33,32
36,20.65142557895924,1.3149500366077174,legacy67,minmax,0.7114285714285715,0.8409523809523809,0.12952380952380937,0.9733333333333334,0.96,-0.01333333333333342,0.7380952380952381,0.8809523809523809,0.1428571428571428,33,32
36,21.36832907235874,1.329770563201687,legacy67,minmax,0.7114285714285715,0.8409523809523809,0.12952380952380937,0.9733333333333334,0.96,-0.01333333333333342,0.7380952380952381,0.8809523809523809,0.1428571428571428,33,32
36,28.340904295147727,1.452413703502374,legacy67,minmax,0.6876190476190476,0.8409523809523809,0.15333333333333332,0.9733333333333334,0.96,-0.01333333333333342,0.7142857142857143,0.8809523809523809,0.16666666666666663,33,32
36,29.154431891537524,1.4647045830997407,legacy67,minmax,0.6876190476190476,0.8409523809523809,0.15333333333333332,0.9733333333333334,0.96,-0.01333333333333342,0.7142857142857143,0.8809523809523809,0.16666666666666663,33,32
36,35.387588647792384,1.5488509703053062,legacy67,minmax,0.6876190476190476,0.8409523809523809,0.15333333333333332,0.9733333333333334,0.96,-0.01333333333333342,0.7142857142857143,0.8809523809523809,0.16666666666666663,33,32
36,37.95853142670639,1.5793094017105953,legacy67,minmax,0.6876190476190476,0.8409523809523809,0.15333333333333332,0.9733333333333334,0.96,-0.01333333333333342,0.7142857142857143,0.8809523809523809,0.16666666666666663,33,32
36,43.37920697490936,1.6372816083151283,legacy67,minmax,0.6876190476190476,0.8409523809523809,0.15333333333333332,0.9733333333333334,0.96,-0.01333333333333342,0.7142857142857143,0.8809523809523809,0.16666666666666663,33,32
36,48.69640941520897,1.6874969400924673,legacy67,minmax,0.6876190476190476,0.8409523809523809,0.15333333333333332,0.9733333333333334,0.96,-0.01333333333333342,0.7142857142857143,0.8809523809523809,0.16666666666666663,33,32
36,57.279044707996185,1.7579957662567565,legacy67,minmax,0.6876190476190476,0.8409523809523809,0.15333333333333332,0.9733333333333334,0.96,-0.01333333333333342,0.7142857142857143,0.8809523809523809,0.16666666666666663,33,32
36,62.45139574743064,1.795542149013333,legacy67,minmax,0.6876190476190476,0.8409523809523809,0.15333333333333332,0.9733333333333334,0.96,-0.01333333333333342,0.7142857142857143,0.8809523809523809,0.16666666666666663,33,32
36,63.512210106406926,1.8028572256396647,legacy67,minmax,0.6876190476190476,0.8409523809523809,0.15333333333333332,0.9733333333333334,0.96,-0.01333333333333342,0.7142857142857143,0.8809523809523809,0.16666666666666663,33,32
36,72.86653737491037,1.8625281322982374,legacy67,minmax,0.6876190476190476,0.8409523809523809,0.15333333333333332,0.9733333333333334,0.96,-0.01333333333333342,0.7142857142857143,0.8809523809523809,0.16666666666666663,33,32
36,75.56810141274423,1.8783385110582342,legacy67,minmax,0.6876190476190476,0.8409523809523809,0.15333333333333332,0.9733333333333334,0.96,-0.01333333333333342,0.7142857142857143,0.8809523809523809,0.16666666666666663,33,32
36,75.79479953347995,1.8796394086479773,legacy67,minmax,0.6876190476190476,0.8409523809523809,0.15333333333333332,0.9733333333333334,0.96,-0.01333333333333342,0.7142857142857143,0.8809523809523809,0.16666666666666663,33,32
36,88.62326508576248,1.9475477464020692,legacy67,minmax,0.6876190476190476,0.8409523809523809,0.15333333333333332,0.9733333333333334,0.96,-0.01333333333333342,0.7142857142857143,0.8809523809523809,0.16666666666666663,33,33
37,0.010521761868451128,-1.9779115315055904,legacy67,minmax,0.0,0.0,0.0,1.0,1.0,0.0,0.0,0.0,0.0,0,0
37,0.012087541473056955,-1.9176620228167902,legacy67,minmax,0.0,0.0,0.0,1.0,1.0,0.0,0.0,0.0,0.0,0,0
37,0.01263794633808287,-1.8983234930236192,legacy67,minmax,0.0,0.0,0.0,1.0,1.0,0.0,0.0,0.0,0.0,0,0
37,0.013726318898045865,-1.8624459155391264,legacy67,minmax,0.0,0.0,0.0,1.0,1.0,0.0,0.0,0.0,0.0,0,0
37,0.0151673306880762,-1.8190908443578477,legacy67,minmax,0.0,0.0,0.0,1.0,1.0,0.0,0.0,0.0,0.0,0,0
37,0.015339162591163618,-1.814198349120009,legacy67,minmax,0.0,0.0,0.0,1.0,1.0,0.0,0.0,0.0,0.0,0,0
37,0.017073967431528118,-1.7676655513272022,legacy67,minmax,0.0,0.0,0.0,1.0,1.0,0.0,0.0,0.0,0.0,1,1
37,0.017956984225677628,-1.7457665988559055,legacy67,minmax,0.0,0.0,0.0,1.0,1.0,0.0,0.0,0.0,0.0,2,1
37,0.018205657658407252,-1.739793628058882,legacy67,minmax,0.0,0.0,0.0,1.0,1.0,0.0,0.0,0.0,0.0,2,1
37,0.019777828512462715,-1.7038213930636386,legacy67,minmax,0.0714285714285714,0.0,-0.0714285714285714,1.0,1.0,0.0,0.07142857142857142,0.0,-0.07142857142857142,2,1
37,0.01987021538542862,-1.7017974252809167,legacy67,minmax,0.0714285714285714,0.0,-0.0714285714285714,1.0,1.0,0.0,0.07142857142857142,0.0,-0.07142857142857142,2,1
37,0.022592797420156945,-1.646029991792322,legacy67,minmax,0.2142857142857142,0.4761904761904763,0.2619047619047621,1.0,1.0,0.0,0.21428571428571427,0.47619047619047616,0.26190476190476186,3,1
37,0.024586032763280048,-1.6093115439744645,legacy67,minmax,0.38095238095238093,0.4761904761904763,0.09523809523809534,1.0,1.0,0.0,0.38095238095238093,0.47619047619047616,0.09523809523809523,3,1
37,0.027012557725439066,-1.5684342920267822,legacy67,minmax,0.40476190476190466,0.4761904761904763,0.07142857142857162,1.0,1.0,0.0,0.40476190476190477,0.47619047619047616,0.0714285714285714,3,1
37,0.029072088906598435,-1.5365237618994811,legacy67,minmax,0.4761904761904763,0.4761904761904763,0.0,1.0,1.0,0.0,0.47619047619047616,0.47619047619047616,0.0,3,2
37,0.030086868214458433,-1.5216230162467932,legacy67,minmax,0.5238095238095237,0.4761904761904763,-0.04761904761904745,1.0,1.0,0.0,0.5238095238095238,0.47619047619047616,-0.04761904761904767,3,2
37,0.030771802712506853,-1.5118470606208847,legacy67,minmax,0.5238095238095237,0.4761904761904763,-0.04761904761904745,1.0,1.0,0.0,0.5238095238095238,0.47619047619047616,-0.04761904761904767,3,2
37,0.036138942712165265,-1.4420245573918327,legacy67,minmax,0.5476190476190477,0.4761904761904763,-0.0714285714285714,1.0,1.0,0.0,0.5476190476190477,0.47619047619047616,-0.07142857142857151,3,2
37,0.03661819220392428,-1.4363031001009494,legacy67,minmax,0.5476190476190477,0.4761904761904763,-0.0714285714285714,1.0,1.0,0.0,0.5476190476190477,0.47619047619047616,-0.07142857142857151,3,2
37,0.04207053950287936,-1.3760219186551894,legacy67,minmax,0.5952380952380953,0.4761904761904763,-0.11904761904761907,1.0,1.0,0.0,0.5952380952380952,0.47619047619047616,-0.11904761904761907,3,2
37,0.04207988669606635,-1.375925438230254,legacy67,minmax,0.5952380952380953,0.4761904761904763,-0.11904761904761907,1.0,1.0,0.0,0.5952380952380952,0.47619047619047616,-0.11904761904761907,3,2
37,0.04809461967501572,-1.3179035052508339,legacy67,minmax,0.5685714285714285,0.4761904761904763,-0.09238095238095223,0.9733333333333334,1.0,0.026666666666666616,0.5952380952380952,0.47619047619047616,-0.11904761904761907,4,2
37,0.05337032762603955,-1.2727001311715975,legacy67,minmax,0.6504761904761904,0.4761904761904763,-0.17428571428571416,0.96,1.0,0.040000000000000036,0.6904761904761905,0.47619047619047616,-0.2142857142857143,5,3
37,0.05415244119402536,-1.2663819605862647,legacy67,minmax,0.6504761904761904,0.4761904761904763,-0.17428571428571416,0.96,1.0,0.040000000000000036,0.6904761904761905,0.47619047619047616,-0.2142857142857143,5,4
37,0.05488047000766042,-1.2605821778978918,legacy67,minmax,0.6504761904761904,0.5476190476190477,-0.10285714285714276,0.96,1.0,0.040000000000000036,0.6904761904761905,0.5476190476190477,-0.1428571428571428,5,4
37,0.060803901902965994,-1.2160685503234192,legacy67,minmax,0.6638095238095238,0.5952380952380953,-0.0685714285714285,0.9733333333333334,1.0,0.026666666666666616,0.6904761904761905,0.5952380952380952,-0.09523809523809523,5,5
37,0.06235377135673155,-1.2051372738633104,legacy67,minmax,0.6504761904761904,0.6190476190476191,-0.03142857142857136,0.96,1.0,0.040000000000000036,0.6904761904761905,0.6190476190476191,-0.0714285714285714,5,5
37,0.06290644294586147,-1.201304871366561,legacy67,minmax,0.6504761904761904,0.6190476190476191,-0.03142857142857136,0.96,1.0,0.040000000000000036,0.6904761904761905,0.6190476190476191,-0.0714285714285714,5,5
37,0.07068974950624601,-1.1506435572868954,legacy67,minmax,0.6638095238095238,0.6666666666666665,0.0028571428571426694,0.9733333333333334,1.0,0.026666666666666616,0.6904761904761905,0.6666666666666666,-0.023809523809523836,6,6
37,0.10842262717330158,-0.9648800735999323,legacy67,minmax,0.6876190476190476,0.7723809523809524,0.08476190476190482,0.9733333333333334,0.9866666666666667,0.013333333333333308,0.7142857142857143,0.7857142857142857,0.0714285714285714,10,6
37,0.12172958098369964,-0.9146038729044164,legacy67,minmax,0.6876190476190476,0.7961904761904761,0.10857142857142854,0.9733333333333334,0.9866666666666667,0.013333333333333308,0.7142857142857143,0.8095238095238095,0.09523809523809523,10,7
37,0.1329652145729951,-0.876261961250477,legacy67,minmax,0.6876190476190476,0.7961904761904761,0.10857142857142854,0.9733333333333334,0.9866666666666667,0.013333333333333308,0.7142857142857143,0.8095238095238095,0.09523809523809523,10,7
37,0.14618962793704957,-0.8350834392078323,legacy67,minmax,0.6876190476190476,0.7961904761904761,0.10857142857142854,0.9733333333333334,0.9866666666666667,0.013333333333333308,0.7142857142857143,0.8095238095238095,0.09523809523809523,10,8
37,0.14742753159914665,-0.8314214058591274,legacy67,minmax,0.6876190476190476,0.7961904761904761,0.10857142857142854,0.9733333333333334,0.9866666666666667,0.013333333333333308,0.7142857142857143,0.8095238095238095,0.09523809523809523,10,8
37,0.16480446427978968,-0.7830310281618491,legacy67,minmax,0.6638095238095238,0.7961904761904761,0.13238095238095227,0.9733333333333334,0.9866666666666667,0.013333333333333308,0.6904761904761905,0.8095238095238095,0.11904761904761907,11,8
37,0.16536937182824418,-0.7815449233065173,legacy67,minmax,0.6638095238095238,0.7961904761904761,0.13238095238095227,0.9733333333333334,0.9866666666666667,0.013333333333333308,0.6904761904761905,0.8095238095238095,0.11904761904761907,12,8
37,0.1753594952976441,-0.7560707131373512,legacy67,minmax,0.6638095238095238,0.7961904761904761,0.13238095238095227,0.9733333333333334,0.9866666666666667,0.013333333333333308,0.6904761904761905,0.8095238095238095,0.11904761904761907,13,8
37,0.17654048052495064,-0.7531556956423562,legacy67,minmax,0.6638095238095238,0.7961904761904761,0.13238095238095227,0.9733333333333334,0.9866666666666667,0.013333333333333308,0.6904761904761905,0.8095238095238095,0.11904761904761907,13,8
37,0.1998634077852887,-0.6992667118930118,legacy67,minmax,0.6638095238095238,0.8200000000000001,0.1561904761904762,0.9733333333333334,0.9866666666666667,0.013333333333333308,0.6904761904761905,0.8333333333333334,0.1428571428571429,14,8
37,0.2001342062287997,-0.6986786769469426,legacy67,minmax,0.6638095238095238,0.8200000000000001,0.1561904761904762,0.9733333333333334,0.9866666666666667,0.013333333333333308,0.6904761904761905,0.8333333333333334,0.1428571428571429,14,8
37,0.21066486017042194,-0.6764079005894033,legacy67,minmax,0.6638095238095238,0.8200000000000001,0.1561904761904762,0.9733333333333334,0.9866666666666667,0.013333333333333308,0.6904761904761905,0.8333333333333334,0.1428571428571429,14,8
37,0.2673088310781669,-0.5729866932256429,legacy67,minmax,0.6638095238095238,0.8200000000000001,0.1561904761904762,0.9733333333333334,0.9866666666666667,0.013333333333333308,0.6904761904761905,0.8333333333333334,0.1428571428571429,15,8
37,0.2715581955282939,-0.5661370858229096,legacy67,minmax,0.6638095238095238,0.8200000000000001,0.1561904761904762,0.9733333333333334,0.9866666666666667,0.013333333333333308,0.6904761904761905,0.8333333333333334,0.1428571428571429,15,8
37,0.292043384718141,-0.5345526268252332,legacy67,minmax,0.6876190476190476,0.8304761904761904,0.1428571428571428,0.9733333333333334,0.9733333333333334,0.0,0.7142857142857143,0.8571428571428571,0.1428571428571428,16,8
37,0.314891164795686,-0.50183952461055,legacy67,minmax,0.6638095238095238,0.8304761904761904,0.16666666666666652,0.9733333333333334,0.9733333333333334,0.0,0.6904761904761905,0.8571428571428571,0.16666666666666663,16,8
37,0.35868164986275475,-0.44529084124207197,legacy67,minmax,0.6876190476190476,0.8304761904761904,0.1428571428571428,0.9733333333333334,0.9733333333333334,0.0,0.7142857142857143,0.8571428571428571,0.1428571428571428,17,8
37,0.5130551760589832,-0.2898359265658015,legacy67,minmax,0.6742857142857144,0.8542857142857143,0.17999999999999994,0.96,0.9733333333333334,0.01333333333333342,0.7142857142857143,0.8809523809523809,0.16666666666666663,20,8
37,0.5342937261279772,-0.27221992543153695,legacy67,minmax,0.6742857142857144,0.8542857142857143,0.17999999999999994,0.96,0.9733333333333334,0.01333333333333342,0.7142857142857143,0.8809523809523809,0.16666666666666663,20,8
37,0.5762487216478598,-0.23939002504159476,legacy67,minmax,0.6742857142857144,0.8542857142857143,0.17999999999999994,0.96,0.9733333333333334,0.01333333333333342,0.7142857142857143,0.8809523809523809,0.16666666666666663,19,8
37,0.6672367170464204,-0.17572006313185626,legacy67,minmax,0.6980952380952381,0.8542857142857143,0.1561904761904762,0.96,0.9733333333333334,0.01333333333333342,0.7380952380952381,0.8809523809523809,0.1428571428571428,19,8
37,0.7742116473996242,-0.1111402993522028,legacy67,minmax,0.6847619047619049,0.8542857142857143,0.1695238095238094,0.9466666666666667,0.9733333333333334,0.026666666666666727,0.7380952380952381,0.8809523809523809,0.1428571428571428,20,8
37,0.9444574254983555,-0.02481761454243703,legacy67,minmax,0.6847619047619049,0.8276190476190477,0.1428571428571428,0.9466666666666667,0.9466666666666667,0.0,0.7380952380952381,0.8809523809523809,0.1428571428571428,22,8
37,0.9565499215943818,-0.019292359554919238,legacy67,minmax,0.660952380952381,0.8276190476190477,0.16666666666666674,0.9466666666666667,0.9466666666666667,0.0,0.7142857142857143,0.8809523809523809,0.16666666666666663,22,8
37,1.1400863701127315,0.0569377536544464,legacy67,minmax,0.660952380952381,0.8276190476190477,0.16666666666666674,0.9466666666666667,0.9466666666666667,0.0,0.7142857142857143,0.8809523809523809,0.16666666666666663,24,8
37,1.2030178871154662,0.08027208471124325,legacy67,minmax,0.660952380952381,0.8276190476190477,0.16666666666666674,0.9466666666666667,0.9466666666666667,0.0,0.7142857142857143,0.8809523809523809,0.16666666666666663,24,8
37,1.2329098365270508,0.0909313175279762,legacy67,minmax,0.660952380952381,0.8276190476190477,0.16666666666666674,0.9466666666666667,0.9466666666666667,0.0,0.7142857142857143,0.8809523809523809,0.16666666666666663,24,8
37,1.2561043700013554,0.09902572652895136,legacy67,minmax,0.660952380952381,0.8276190476190477,0.16666666666666674,0.9466666666666667,0.9466666666666667,0.0,0.7142857142857143,0.8809523809523809,0.16666666666666663,24,8
37,1.4817820606039076,0.17078433263299386,legacy67,minmax,0.660952380952381,0.8276190476190477,0.16666666666666674,0.9466666666666667,0.9466666666666667,0.0,0.7142857142857143,0.8809523809523809,0.16666666666666663,24,8
37,1.5375920235481748,0.1868411173731186,legacy67,minmax,0.660952380952381,0.8276190476190477,0.16666666666666674,0.9466666666666667,0.9466666666666667,0.0,0.7142857142857143,0.8809523809523809,0.16666666666666663,24,8
37,1.7583640270008503,0.24510879027798493,legacy67,minmax,0.637142857142857,0.8276190476190477,0.1904761904761907,0.9466666666666667,0.9466666666666667,0.0,0.6904761904761905,0.8809523809523809,0.19047619047619047,25,8
37,2.34238498471129,0.36965827544816987,legacy67,minmax,0.637142857142857,0.8276190476190477,0.1904761904761907,0.9466666666666667,0.9466666666666667,0.0,0.6904761904761905,0.8809523809523809,0.19047619047619047,26,8
37,2.4637685958997446,0.39159991524434057,legacy67,minmax,0.637142857142857,0.8276190476190477,0.1904761904761907,0.9466666666666667,0.9466666666666667,0.0,0.6904761904761905,0.8809523809523809,0.19047619047619047,26,8
37,2.4810409748678097,0.3946339367881464,legacy67,minmax,0.6504761904761904,0.8276190476190477,0.17714285714285727,0.96,0.9466666666666667,-0.013333333333333308,0.6904761904761905,0.8809523809523809,0.19047619047619047,26,8
37,2.5378155082656626,0.40446004697283516,legacy67,minmax,0.6266666666666665,0.8276190476190477,0.20095238095238122,0.96,0.9466666666666667,-0.013333333333333308,0.6666666666666666,0.8809523809523809,0.2142857142857143,26,8
37,2.692646910086177,0.43017940760575346,legacy67,minmax,0.6266666666666665,0.8276190476190477,0.20095238095238122,0.96,0.9466666666666667,-0.013333333333333308,0.6666666666666666,0.8809523809523809,0.2142857142857143,26,8
37,2.801635158716258,0.4474115788895179,legacy67,minmax,0.6266666666666665,0.8276190476190477,0.20095238095238122,0.96,0.9466666666666667,-0.013333333333333308,0.6666666666666666,0.8809523809523809,0.2142857142857143,25,8
37,3.113095956122122,0.4931925073102317,legacy67,minmax,0.6266666666666665,0.8276190476190477,0.20095238095238122,0.96,0.9466666666666667,-0.013333333333333308,0.6666666666666666,0.8809523809523809,0.2142857142857143,25,8
37,3.550012525851159,0.5502298854208525,legacy67,minmax,0.6266666666666665,0.8276190476190477,0.20095238095238122,0.96,0.9466666666666667,-0.013333333333333308,0.6666666666666666,0.8809523809523809,0.2142857142857143,26,8
37,4.467752817973904,0.6500891374159279,legacy67,minmax,0.6266666666666665,0.8276190476190477,0.20095238095238122,0.96,0.9466666666666667,-0.013333333333333308,0.6666666666666666,0.8809523809523809,0.2142857142857143,27,8
37,5.456725485601473,0.7369321060486276,legacy67,minmax,0.6504761904761904,0.8276190476190477,0.17714285714285727,0.96,0.9466666666666667,-0.013333333333333308,0.6904761904761905,0.8809523809523809,0.19047619047619047,28,8
37,6.72093005015611,0.8274293753904685,legacy67,minmax,0.637142857142857,0.8276190476190477,0.1904761904761907,0.9466666666666667,0.9466666666666667,0.0,0.6904761904761905,0.8809523809523809,0.19047619047619047,28,8
37,6.7965780907581514,0.832290311184182,legacy67,minmax,0.637142857142857,0.8276190476190477,0.1904761904761907,0.9466666666666667,0.9466666666666667,0.0,0.6904761904761905,0.8809523809523809,0.19047619047619047,29,8
37,7.128188058401357,0.85297914889198,legacy67,minmax,0.637142857142857,0.8276190476190477,0.1904761904761907,0.9466666666666667,0.9466666666666667,0.0,0.6904761904761905,0.8809523809523809,0.19047619047619047,29,8
37,8.241925264876443,0.9160286721639492,legacy67,minmax,0.6238095238095238,0.8276190476190477,0.20380952380952388,0.9333333333333333,0.9466666666666667,0.013333333333333308,0.6904761904761905,0.8809523809523809,0.19047619047619047,31,8
37,8.287522363768153,0.9184247133522563,legacy67,minmax,0.6238095238095238,0.8276190476190477,0.20380952380952388,0.9333333333333333,0.9466666666666667,0.013333333333333308,0.6904761904761905,0.8809523809523809,0.19047619047619047,31,8
37,8.471801418819974,0.9279757672456204,legacy67,minmax,0.6238095238095238,0.8276190476190477,0.20380952380952388,0.9333333333333333,0.9466666666666667,0.013333333333333308,0.6904761904761905,0.8809523809523809,0.19047619047619047,32,8
37,11.044350847124681,1.0431401944675898,legacy67,minmax,0.6104761904761906,0.8276190476190477,0.21714285714285708,0.92,0.9466666666666667,0.026666666666666616,0.6904761904761905,0.8809523809523809,0.19047619047619047,32,26
37,12.130221181165155,1.083868719818244,legacy67,minmax,0.6342857142857143,0.8276190476190477,0.19333333333333336,0.92,0.9466666666666667,0.026666666666666616,0.7142857142857143,0.8809523809523809,0.16666666666666663,32,26
37,12.164139351417056,1.085081386743783,legacy67,minmax,0.6342857142857143,0.8276190476190477,0.19333333333333336,0.92,0.9466666666666667,0.026666666666666616,0.7142857142857143,0.8809523809523809,0.16666666666666663,32,26
37,12.273800987852958,1.0889790771866297,legacy67,minmax,0.6342857142857143,0.8276190476190477,0.19333333333333336,0.92,0.9466666666666667,0.026666666666666616,0.7142857142857143,0.8809523809523809,0.16666666666666663,32,26
37,12.604664585649452,1.1005312934444582,legacy67,minmax,0.6342857142857143,0.8276190476190477,0.19333333333333336,0.92,0.9466666666666667,0.026666666666666616,0.7142857142857143,0.8809523809523809,0.16666666666666663,32,26
37,13.826232179369853,1.1407038455720544,legacy67,minmax,0.6342857142857143,0.8276190476190477,0.19333333333333336,0.92,0.9466666666666667,0.026666666666666616,0.7142857142857143,0.8809523809523809,0.16666666666666663,32,26
37,16.172900811143133,1.2087879230161587,legacy67,minmax,0.6342857142857143,0.8276190476190477,0.19333333333333336,0.92,0.9466666666666667,0.026666666666666616,0.7142857142857143,0.8809523809523809,0.16666666666666663,32,26
37,17.123375973163967,1.2335893924658445,legacy67,minmax,0.6342857142857143,0.8276190476190477,0.19333333333333336,0.92,0.9466666666666667,0.026666666666666616,0.7142857142857143,0.8809523809523809,0.16666666666666663,32,26
37,18.274508859816006,1.2618457138193366,legacy67,minmax,0.6342857142857143,0.8276190476190477,0.19333333333333336,0.92,0.9466666666666667,0.026666666666666616,0.7142857142857143,0.8809523809523809,0.16666666666666663,32,26
37,20.65142557895924,1.3149500366077174,legacy67,minmax,0.6342857142857143,0.8276190476190477,0.19333333333333336,0.92,0.9466666666666667,0.026666666666666616,0.7142857142857143,0.8809523809523809,0.16666666666666663,32,26
37,21.36832907235874,1.329770563201687,legacy67,minmax,0.6342857142857143,0.8276190476190477,0.19333333333333336,0.92,0.9466666666666667,0.026666666666666616,0.7142857142857143,0.8809523809523809,0.16666666666666663,32,26
37,28.340904295147727,1.452413703502374,legacy67,minmax,0.6209523809523809,0.8276190476190477,0.20666666666666678,0.9066666666666666,0.9466666666666667,0.040000000000000036,0.7142857142857143,0.8809523809523809,0.16666666666666663,33,27
37,29.154431891537524,1.4647045830997407,legacy67,minmax,0.6209523809523809,0.8276190476190477,0.20666666666666678,0.9066666666666666,0.9466666666666667,0.040000000000000036,0.7142857142857143,0.8809523809523809,0.16666666666666663,33,27
37,35.387588647792384,1.5488509703053062,legacy67,minmax,0.5942857142857143,0.8276190476190477,0.2333333333333334,0.88,0.9466666666666667,0.06666666666666665,0.7142857142857143,0.8809523809523809,0.16666666666666663,33,27
37,37.95853142670639,1.5793094017105953,legacy67,minmax,0.5942857142857143,0.8276190476190477,0.2333333333333334,0.88,0.9466666666666667,0.06666666666666665,0.7142857142857143,0.8809523809523809,0.16666666666666663,33,27
37,43.37920697490936,1.6372816083151283,legacy67,minmax,0.5942857142857143,0.8276190476190477,0.2333333333333334,0.88,0.9466666666666667,0.06666666666666665,0.7142857142857143,0.8809523809523809,0.16666666666666663,33,29
37,48.69640941520897,1.6874969400924673,legacy67,minmax,0.5942857142857143,0.8276190476190477,0.2333333333333334,0.88,0.9466666666666667,0.06666666666666665,0.7142857142857143,0.8809523809523809,0.16666666666666663,33,29
37,57.279044707996185,1.7579957662567565,legacy67,minmax,0.5942857142857143,0.8276190476190477,0.2333333333333334,0.88,0.9466666666666667,0.06666666666666665,0.7142857142857143,0.8809523809523809,0.16666666666666663,33,29
37,62.45139574743064,1.795542149013333,legacy67,minmax,0.5942857142857143,0.8276190476190477,0.2333333333333334,0.88,0.9466666666666667,0.06666666666666665,0.7142857142857143,0.8809523809523809,0.16666666666666663,33,29
37,63.512210106406926,1.8028572256396647,legacy67,minmax,0.5942857142857143,0.8276190476190477,0.2333333333333334,0.88,0.9466666666666667,0.06666666666666665,0.7142857142857143,0.8809523809523809,0.16666666666666663,33,29
37,72.86653737491037,1.8625281322982374,legacy67,minmax,0.5942857142857143,0.8276190476190477,0.2333333333333334,0.88,0.9466666666666667,0.06666666666666665,0.7142857142857143,0.8809523809523809,0.16666666666666663,33,29
37,75.56810141274423,1.8783385110582342,legacy67,minmax,0.5942857142857143,0.8276190476190477,0.2333333333333334,0.88,0.9466666666666667,0.06666666666666665,0.7142857142857143,0.8809523809523809,0.16666666666666663,33,29
37,75.79479953347995,1.8796394086479773,legacy67,minmax,0.5942857142857143,0.8276190476190477,0.2333333333333334,0.88,0.9466666666666667,0.06666666666666665,0.7142857142857143,0.8809523809523809,0.16666666666666663,33,29
37,88.62326508576248,1.9475477464020692,legacy67,minmax,0.5942857142857143,0.8276190476190477,0.2333333333333334,0.88,0.9466666666666667,0.06666666666666665,0.7142857142857143,0.8809523809523809,0.16666666666666663,33,29
38,0.010521761868451128,-1.9779115315055904,legacy67,minmax,0.0,0.0,0.0,1.0,1.0,0.0,0.0,0.0,0.0,0,0
38,0.012087541473056955,-1.9176620228167902,legacy67,minmax,0.0,0.0,0.0,1.0,1.0,0.0,0.0,0.0,0.0,0,0
38,0.01263794633808287,-1.8983234930236192,legacy67,minmax,0.0,0.0,0.0,1.0,1.0,0.0,0.0,0.0,0.0,0,0
38,0.013726318898045865,-1.8624459155391264,legacy67,minmax,0.0,0.0,0.0,1.0,1.0,0.0,0.0,0.0,0.0,0,0
38,0.0151673306880762,-1.8190908443578477,legacy67,minmax,0.0,0.0,0.0,1.0,1.0,0.0,0.0,0.0,0.0,0,0
38,0.015339162591163618,-1.814198349120009,legacy67,minmax,0.0,0.0,0.0,1.0,1.0,0.0,0.0,0.0,0.0,0,0
38,0.017073967431528118,-1.7676655513272022,legacy67,minmax,0.0,0.0,0.0,1.0,1.0,0.0,0.0,0.0,0.0,1,1
38,0.017956984225677628,-1.7457665988559055,legacy67,minmax,0.0,0.0,0.0,1.0,1.0,0.0,0.0,0.0,0.0,1,1
38,0.018205657658407252,-1.739793628058882,legacy67,minmax,0.0,0.0,0.0,1.0,1.0,0.0,0.0,0.0,0.0,1,1
38,0.019777828512462715,-1.7038213930636386,legacy67,minmax,0.0,0.0,0.0,1.0,1.0,0.0,0.0,0.0,0.0,2,1
38,0.01987021538542862,-1.7017974252809167,legacy67,minmax,0.023809523809523725,0.0,-0.023809523809523725,1.0,1.0,0.0,0.023809523809523808,0.0,-0.023809523809523808,2,1
38,0.022592797420156945,-1.646029991792322,legacy67,minmax,0.11904761904761907,0.45238095238095233,0.33333333333333326,1.0,1.0,0.0,0.11904761904761904,0.4523809523809524,0.33333333333333337,3,1
38,0.024586032763280048,-1.6093115439744645,legacy67,minmax,0.23809523809523814,0.45238095238095233,0.2142857142857142,1.0,1.0,0.0,0.23809523809523808,0.4523809523809524,0.2142857142857143,3,1
38,0.027012557725439066,-1.5684342920267822,legacy67,minmax,0.3571428571428572,0.45238095238095233,0.09523809523809512,1.0,1.0,0.0,0.35714285714285715,0.4523809523809524,0.09523809523809523,3,1
38,0.029072088906598435,-1.5365237618994811,legacy67,minmax,0.3571428571428572,0.45238095238095233,0.09523809523809512,1.0,1.0,0.0,0.35714285714285715,0.4523809523809524,0.09523809523809523,3,1
38,0.030086868214458433,-1.5216230162467932,legacy67,minmax,0.3571428571428572,0.45238095238095233,0.09523809523809512,1.0,1.0,0.0,0.35714285714285715,0.4523809523809524,0.09523809523809523,4,1
38,0.030771802712506853,-1.5118470606208847,legacy67,minmax,0.3571428571428572,0.45238095238095233,0.09523809523809512,1.0,1.0,0.0,0.35714285714285715,0.4523809523809524,0.09523809523809523,4,1
38,0.036138942712165265,-1.4420245573918327,legacy67,minmax,0.5238095238095237,0.45238095238095233,-0.0714285714285714,1.0,1.0,0.0,0.5238095238095238,0.4523809523809524,-0.07142857142857145,4,2
38,0.03661819220392428,-1.4363031001009494,legacy67,minmax,0.5238095238095237,0.45238095238095233,-0.0714285714285714,1.0,1.0,0.0,0.5238095238095238,0.4523809523809524,-0.07142857142857145,4,2
38,0.04207053950287936,-1.3760219186551894,legacy67,minmax,0.5952380952380953,0.45238095238095233,-0.14285714285714302,1.0,1.0,0.0,0.5952380952380952,0.4523809523809524,-0.14285714285714285,4,2
38,0.04207988669606635,-1.375925438230254,legacy67,minmax,0.5952380952380953,0.45238095238095233,-0.14285714285714302,1.0,1.0,0.0,0.5952380952380952,0.4523809523809524,-0.14285714285714285,4,2
38,0.04809461967501572,-1.3179035052508339,legacy67,minmax,0.5952380952380953,0.45238095238095233,-0.14285714285714302,1.0,1.0,0.0,0.5952380952380952,0.4523809523809524,-0.14285714285714285,4,3
38,0.05337032762603955,-1.2727001311715975,legacy67,minmax,0.6666666666666665,0.4761904761904763,-0.19047619047619024,1.0,1.0,0.0,0.6666666666666666,0.47619047619047616,-0.19047619047619047,5,5
38,0.05415244119402536,-1.2663819605862647,legacy67,minmax,0.6666666666666665,0.4761904761904763,-0.19047619047619024,1.0,1.0,0.0,0.6666666666666666,0.47619047619047616,-0.19047619047619047,5,5
38,0.05488047000766042,-1.2605821778978918,legacy67,minmax,0.6666666666666665,0.5476190476190477,-0.11904761904761885,1.0,1.0,0.0,0.6666666666666666,0.5476190476190477,-0.11904761904761896,5,5
38,0.060803901902965994,-1.2160685503234192,legacy67,minmax,0.6666666666666665,0.5952380952380953,-0.07142857142857117,1.0,1.0,0.0,0.6666666666666666,0.5952380952380952,-0.0714285714285714,7,6
38,0.06235377135673155,-1.2051372738633104,legacy67,minmax,0.6666666666666665,0.5952380952380953,-0.07142857142857117,1.0,1.0,0.0,0.6666666666666666,0.5952380952380952,-0.0714285714285714,7,6
38,0.06290644294586147,-1.201304871366561,legacy67,minmax,0.6666666666666665,0.5952380952380953,-0.07142857142857117,1.0,1.0,0.0,0.6666666666666666,0.5952380952380952,-0.0714285714285714,7,6
38,0.07068974950624601,-1.1506435572868954,legacy67,minmax,0.6904761904761905,0.6295238095238096,-0.06095238095238087,1.0,0.9866666666666667,-0.013333333333333308,0.6904761904761905,0.6428571428571429,-0.04761904761904756,7,6
38,0.10842262717330158,-0.9648800735999323,legacy67,minmax,0.700952380952381,0.700952380952381,0.0,0.9866666666666667,0.9866666666666667,0.0,0.7142857142857143,0.7142857142857143,0.0,10,8
38,0.12172958098369964,-0.9146038729044164,legacy67,minmax,0.7247619047619049,0.7695238095238095,0.04476190476190456,0.9866666666666667,0.96,-0.026666666666666727,0.7380952380952381,0.8095238095238095,0.0714285714285714,12,8
38,0.1329652145729951,-0.876261961250477,legacy67,minmax,0.7247619047619049,0.7933333333333334,0.0685714285714285,0.9866666666666667,0.96,-0.026666666666666727,0.7380952380952381,0.8333333333333334,0.09523809523809523,12,7
38,0.14618962793704957,-0.8350834392078323,legacy67,minmax,0.700952380952381,0.7933333333333334,0.09238095238095245,0.9866666666666667,0.96,-0.026666666666666727,0.7142857142857143,0.8333333333333334,0.11904761904761907,13,7
38,0.14742753159914665,-0.8314214058591274,legacy67,minmax,0.6876190476190476,0.7933333333333334,0.10571428571428587,0.9733333333333334,0.96,-0.01333333333333342,0.7142857142857143,0.8333333333333334,0.11904761904761907,13,7
38,0.16480446427978968,-0.7830310281618491,legacy67,minmax,0.6876190476190476,0.7933333333333334,0.10571428571428587,0.9733333333333334,0.96,-0.01333333333333342,0.7142857142857143,0.8333333333333334,0.11904761904761907,14,7
38,0.16536937182824418,-0.7815449233065173,legacy67,minmax,0.6876190476190476,0.7933333333333334,0.10571428571428587,0.9733333333333334,0.96,-0.01333333333333342,0.7142857142857143,0.8333333333333334,0.11904761904761907,14,7
38,0.1753594952976441,-0.7560707131373512,legacy67,minmax,0.6876190476190476,0.7933333333333334,0.10571428571428587,0.9733333333333334,0.96,-0.01333333333333342,0.7142857142857143,0.8333333333333334,0.11904761904761907,14,7
38,0.17654048052495064,-0.7531556956423562,legacy67,minmax,0.6876190476190476,0.7933333333333334,0.10571428571428587,0.9733333333333334,0.96,-0.01333333333333342,0.7142857142857143,0.8333333333333334,0.11904761904761907,14,7
38,0.1998634077852887,-0.6992667118930118,legacy67,minmax,0.6876190476190476,0.7933333333333334,0.10571428571428587,0.9733333333333334,0.96,-0.01333333333333342,0.7142857142857143,0.8333333333333334,0.11904761904761907,15,7
38,0.2001342062287997,-0.6986786769469426,legacy67,minmax,0.6876190476190476,0.7933333333333334,0.10571428571428587,0.9733333333333334,0.96,-0.01333333333333342,0.7142857142857143,0.8333333333333334,0.11904761904761907,15,7
38,0.21066486017042194,-0.6764079005894033,legacy67,minmax,0.6876190476190476,0.7933333333333334,0.10571428571428587,0.9733333333333334,0.96,-0.01333333333333342,0.7142857142857143,0.8333333333333334,0.11904761904761907,16,7
38,0.2673088310781669,-0.5729866932256429,legacy67,minmax,0.6876190476190476,0.7933333333333334,0.10571428571428587,0.9733333333333334,0.96,-0.01333333333333342,0.7142857142857143,0.8333333333333334,0.11904761904761907,16,7
38,0.2715581955282939,-0.5661370858229096,legacy67,minmax,0.6876190476190476,0.7933333333333334,0.10571428571428587,0.9733333333333334,0.96,-0.01333333333333342,0.7142857142857143,0.8333333333333334,0.11904761904761907,16,7
38,0.292043384718141,-0.5345526268252332,legacy67,minmax,0.6876190476190476,0.7933333333333334,0.10571428571428587,0.9733333333333334,0.96,-0.01333333333333342,0.7142857142857143,0.8333333333333334,0.11904761904761907,16,7
38,0.314891164795686,-0.50183952461055,legacy67,minmax,0.6876190476190476,0.7933333333333334,0.10571428571428587,0.9733333333333334,0.96,-0.01333333333333342,0.7142857142857143,0.8333333333333334,0.11904761904761907,16,7
38,0.35868164986275475,-0.44529084124207197,legacy67,minmax,0.6400000000000001,0.7933333333333334,0.15333333333333332,0.9733333333333334,0.96,-0.01333333333333342,0.6666666666666666,0.8333333333333334,0.16666666666666674,17,7
38,0.5130551760589832,-0.2898359265658015,legacy67,minmax,0.6161904761904764,0.7933333333333334,0.17714285714285705,0.9733333333333334,0.96,-0.01333333333333342,0.6428571428571429,0.8333333333333334,0.19047619047619047,19,7
38,0.5342937261279772,-0.27221992543153695,legacy67,minmax,0.6161904761904764,0.7933333333333334,0.17714285714285705,0.9733333333333334,0.96,-0.01333333333333342,0.6428571428571429,0.8333333333333334,0.19047619047619047,18,7
38,0.5762487216478598,-0.23939002504159476,legacy67,minmax,0.5923809523809525,0.7933333333333334,0.200952380952381,0.9733333333333334,0.96,-0.01333333333333342,0.6190476190476191,0.8333333333333334,0.2142857142857143,20,7
38,0.6672367170464204,-0.17572006313185626,legacy67,minmax,0.5923809523809525,0.7933333333333334,0.200952380952381,0.9733333333333334,0.96,-0.01333333333333342,0.6190476190476191,0.8333333333333334,0.2142857142857143,21,7
38,0.7742116473996242,-0.1111402993522028,legacy67,minmax,0.5923809523809525,0.8171428571428572,0.22476190476190472,0.9733333333333334,0.96,-0.01333333333333342,0.6190476190476191,0.8571428571428571,0.23809523809523803,22,7
38,0.9444574254983555,-0.02481761454243703,legacy67,minmax,0.5923809523809525,0.8171428571428572,0.22476190476190472,0.9733333333333334,0.96,-0.01333333333333342,0.6190476190476191,0.8571428571428571,0.23809523809523803,24,7
38,0.9565499215943818,-0.019292359554919238,legacy67,minmax,0.5923809523809525,0.8171428571428572,0.22476190476190472,0.9733333333333334,0.96,-0.01333333333333342,0.6190476190476191,0.8571428571428571,0.23809523809523803,24,7
38,1.1400863701127315,0.0569377536544464,legacy67,minmax,0.579047619047619,0.8171428571428572,0.23809523809523814,0.96,0.96,0.0,0.6190476190476191,0.8571428571428571,0.23809523809523803,24,7
38,1.2030178871154662,0.08027208471124325,legacy67,minmax,0.5895238095238096,0.8171428571428572,0.2276190476190476,0.9466666666666667,0.96,0.013333333333333308,0.6428571428571429,0.8571428571428571,0.2142857142857142,23,7
38,1.2329098365270508,0.0909313175279762,legacy67,minmax,0.6133333333333333,0.8171428571428572,0.20380952380952388,0.9466666666666667,0.96,0.013333333333333308,0.6666666666666666,0.8571428571428571,0.19047619047619047,23,7
38,1.2561043700013554,0.09902572652895136,legacy67,minmax,0.637142857142857,0.8171428571428572,0.18000000000000016,0.9466666666666667,0.96,0.013333333333333308,0.6904761904761905,0.8571428571428571,0.16666666666666663,23,7
38,1.4817820606039076,0.17078433263299386,legacy67,minmax,0.6133333333333333,0.8171428571428572,0.20380952380952388,0.9466666666666667,0.96,0.013333333333333308,0.6666666666666666,0.8571428571428571,0.19047619047619047,24,7
38,1.5375920235481748,0.1868411173731186,legacy67,minmax,0.6133333333333333,0.8171428571428572,0.20380952380952388,0.9466666666666667,0.96,0.013333333333333308,0.6666666666666666,0.8571428571428571,0.19047619047619047,24,7
38,1.7583640270008503,0.24510879027798493,legacy67,minmax,0.6000000000000001,0.8171428571428572,0.21714285714285708,0.9333333333333333,0.96,0.026666666666666616,0.6666666666666666,0.8571428571428571,0.19047619047619047,25,7
38,2.34238498471129,0.36965827544816987,legacy67,minmax,0.5761904761904764,0.8171428571428572,0.2409523809523808,0.9333333333333333,0.96,0.026666666666666616,0.6428571428571429,0.8571428571428571,0.2142857142857142,28,7
38,2.4637685958997446,0.39159991524434057,legacy67,minmax,0.5761904761904764,0.8171428571428572,0.2409523809523808,0.9333333333333333,0.96,0.026666666666666616,0.6428571428571429,0.8571428571428571,0.2142857142857142,28,7
38,2.4810409748678097,0.3946339367881464,legacy67,minmax,0.5761904761904764,0.8171428571428572,0.2409523809523808,0.9333333333333333,0.96,0.026666666666666616,0.6428571428571429,0.8571428571428571,0.2142857142857142,28,7
38,2.5378155082656626,0.40446004697283516,legacy67,minmax,0.5761904761904764,0.8171428571428572,0.2409523809523808,0.9333333333333333,0.96,0.026666666666666616,0.6428571428571429,0.8571428571428571,0.2142857142857142,28,7
38,2.692646910086177,0.43017940760575346,legacy67,minmax,0.6000000000000001,0.8171428571428572,0.21714285714285708,0.9333333333333333,0.96,0.026666666666666616,0.6666666666666666,0.8571428571428571,0.19047619047619047,28,7
38,2.801635158716258,0.4474115788895179,legacy67,minmax,0.6238095238095238,0.8171428571428572,0.19333333333333336,0.9333333333333333,0.96,0.026666666666666616,0.6904761904761905,0.8571428571428571,0.16666666666666663,28,7
38,3.113095956122122,0.4931925073102317,legacy67,minmax,0.6238095238095238,0.8171428571428572,0.19333333333333336,0.9333333333333333,0.96,0.026666666666666616,0.6904761904761905,0.8571428571428571,0.16666666666666663,28,7
38,3.550012525851159,0.5502298854208525,legacy67,minmax,0.6476190476190475,0.8171428571428572,0.16952380952380963,0.9333333333333333,0.96,0.026666666666666616,0.7142857142857143,0.8571428571428571,0.1428571428571428,28,7
38,4.467752817973904,0.6500891374159279,legacy67,minmax,0.6342857142857143,0.8171428571428572,0.18285714285714283,0.92,0.96,0.039999999999999925,0.7142857142857143,0.8571428571428571,0.1428571428571428,30,7
38,5.456725485601473,0.7369321060486276,legacy67,minmax,0.6209523809523809,0.8171428571428572,0.19619047619047625,0.9066666666666666,0.96,0.053333333333333344,0.7142857142857143,0.8571428571428571,0.1428571428571428,30,7
38,6.72093005015611,0.8274293753904685,legacy67,minmax,0.6209523809523809,0.8171428571428572,0.19619047619047625,0.9066666666666666,0.96,0.053333333333333344,0.7142857142857143,0.8571428571428571,0.1428571428571428,30,7
38,6.7965780907581514,0.832290311184182,legacy67,minmax,0.6209523809523809,0.8171428571428572,0.19619047619047625,0.9066666666666666,0.96,0.053333333333333344,0.7142857142857143,0.8571428571428571,0.1428571428571428,30,7
38,7.128188058401357,0.85297914889198,legacy67,minmax,0.6209523809523809,0.8171428571428572,0.19619047619047625,0.9066666666666666,0.96,0.053333333333333344,0.7142857142857143,0.8571428571428571,0.1428571428571428,30,7
38,8.241925264876443,0.9160286721639492,legacy67,minmax,0.6209523809523809,0.8171428571428572,0.19619047619047625,0.9066666666666666,0.96,0.053333333333333344,0.7142857142857143,0.8571428571428571,0.1428571428571428,31,7
38,8.287522363768153,0.9184247133522563,legacy67,minmax,0.6209523809523809,0.8171428571428572,0.19619047619047625,0.9066666666666666,0.96,0.053333333333333344,0.7142857142857143,0.8571428571428571,0.1428571428571428,31,7
38,8.471801418819974,0.9279757672456204,legacy67,minmax,0.6209523809523809,0.8171428571428572,0.19619047619047625,0.9066666666666666,0.96,0.053333333333333344,0.7142857142857143,0.8571428571428571,0.1428571428571428,31,7
38,11.044350847124681,1.0431401944675898,legacy67,minmax,0.6209523809523809,0.8171428571428572,0.19619047619047625,0.9066666666666666,0.96,0.053333333333333344,0.7142857142857143,0.8571428571428571,0.1428571428571428,31,23
38,12.130221181165155,1.083868719818244,legacy67,minmax,0.6209523809523809,0.8171428571428572,0.19619047619047625,0.9066666666666666,0.96,0.053333333333333344,0.7142857142857143,0.8571428571428571,0.1428571428571428,31,23
38,12.164139351417056,1.085081386743783,legacy67,minmax,0.6209523809523809,0.8171428571428572,0.19619047619047625,0.9066666666666666,0.96,0.053333333333333344,0.7142857142857143,0.8571428571428571,0.1428571428571428,31,23
38,12.273800987852958,1.0889790771866297,legacy67,minmax,0.6209523809523809,0.8171428571428572,0.19619047619047625,0.9066666666666666,0.96,0.053333333333333344,0.7142857142857143,0.8571428571428571,0.1428571428571428,31,23
38,12.604664585649452,1.1005312934444582,legacy67,minmax,0.597142857142857,0.8171428571428572,0.2200000000000002,0.9066666666666666,0.96,0.053333333333333344,0.6904761904761905,0.8571428571428571,0.16666666666666663,31,23
38,13.826232179369853,1.1407038455720544,legacy67,minmax,0.597142857142857,0.8171428571428572,0.2200000000000002,0.9066666666666666,0.96,0.053333333333333344,0.6904761904761905,0.8571428571428571,0.16666666666666663,31,23
38,16.172900811143133,1.2087879230161587,legacy67,minmax,0.597142857142857,0.8171428571428572,0.2200000000000002,0.9066666666666666,0.96,0.053333333333333344,0.6904761904761905,0.8571428571428571,0.16666666666666663,32,23
38,17.123375973163967,1.2335893924658445,legacy67,minmax,0.597142857142857,0.8171428571428572,0.2200000000000002,0.9066666666666666,0.96,0.053333333333333344,0.6904761904761905,0.8571428571428571,0.16666666666666663,32,23
38,18.274508859816006,1.2618457138193366,legacy67,minmax,0.6209523809523809,0.8171428571428572,0.19619047619047625,0.9066666666666666,0.96,0.053333333333333344,0.7142857142857143,0.8571428571428571,0.1428571428571428,32,23
38,20.65142557895924,1.3149500366077174,legacy67,minmax,0.6209523809523809,0.8171428571428572,0.19619047619047625,0.9066666666666666,0.96,0.053333333333333344,0.7142857142857143,0.8571428571428571,0.1428571428571428,33,23
38,21.36832907235874,1.329770563201687,legacy67,minmax,0.6209523809523809,0.8171428571428572,0.19619047619047625,0.9066666666666666,0.96,0.053333333333333344,0.7142857142857143,0.8571428571428571,0.1428571428571428,33,23
38,28.340904295147727,1.452413703502374,legacy67,minmax,0.6209523809523809,0.8171428571428572,0.19619047619047625,0.9066666666666666,0.96,0.053333333333333344,0.7142857142857143,0.8571428571428571,0.1428571428571428,33,23
38,29.154431891537524,1.4647045830997407,legacy67,minmax,0.6209523809523809,0.8171428571428572,0.19619047619047625,0.9066666666666666,0.96,0.053333333333333344,0.7142857142857143,0.8571428571428571,0.1428571428571428,33,23
38,35.387588647792384,1.5488509703053062,legacy67,minmax,0.6209523809523809,0.8171428571428572,0.19619047619047625,0.9066666666666666,0.96,0.053333333333333344,0.7142857142857143,0.8571428571428571,0.1428571428571428,33,23
38,37.95853142670639,1.5793094017105953,legacy67,minmax,0.6209523809523809,0.8171428571428572,0.19619047619047625,0.9066666666666666,0.96,0.053333333333333344,0.7142857142857143,0.8571428571428571,0.1428571428571428,33,23
38,43.37920697490936,1.6372816083151283,legacy67,minmax,0.6209523809523809,0.8171428571428572,0.19619047619047625,0.9066666666666666,0.96,0.053333333333333344,0.7142857142857143,0.8571428571428571,0.1428571428571428,33,23
38,48.69640941520897,1.6874969400924673,legacy67,minmax,0.597142857142857,0.8171428571428572,0.2200000000000002,0.9066666666666666,0.96,0.053333333333333344,0.6904761904761905,0.8571428571428571,0.16666666666666663,33,23
38,57.279044707996185,1.7579957662567565,legacy67,minmax,0.597142857142857,0.8171428571428572,0.2200000000000002,0.9066666666666666,0.96,0.053333333333333344,0.6904761904761905,0.8571428571428571,0.16666666666666663,33,23
38,62.45139574743064,1.795542149013333,legacy67,minmax,0.597142857142857,0.8171428571428572,0.2200000000000002,0.9066666666666666,0.96,0.053333333333333344,0.6904761904761905,0.8571428571428571,0.16666666666666663,33,24
38,63.512210106406926,1.8028572256396647,legacy67,minmax,0.597142857142857,0.8171428571428572,0.2200000000000002,0.9066666666666666,0.96,0.053333333333333344,0.6904761904761905,0.8571428571428571,0.16666666666666663,33,24
38,72.86653737491037,1.8625281322982374,legacy67,minmax,0.597142857142857,0.8171428571428572,0.2200000000000002,0.9066666666666666,0.96,0.053333333333333344,0.6904761904761905,0.8571428571428571,0.16666666666666663,33,24
38,75.56810141274423,1.8783385110582342,legacy67,minmax,0.597142857142857,0.8171428571428572,0.2200000000000002,0.9066666666666666,0.96,0.053333333333333344,0.6904761904761905,0.8571428571428571,0.16666666666666663,33,24
38,75.79479953347995,1.8796394086479773,legacy67,minmax,0.597142857142857,0.8171428571428572,0.2200000000000002,0.9066666666666666,0.96,0.053333333333333344,0.6904761904761905,0.8571428571428571,0.16666666666666663,33,24
38,88.62326508576248,1.9475477464020692,legacy67,minmax,0.597142857142857,0.8171428571428572,0.2200000000000002,0.9066666666666666,0.96,0.053333333333333344,0.6904761904761905,0.8571428571428571,0.16666666666666663,33,28
39,0.010521761868451128,-1.9779115315055904,legacy67,minmax,0.0,0.0,0.0,1.0,1.0,0.0,0.0,0.0,0.0,0,0
39,0.012087541473056955,-1.9176620228167902,legacy67,minmax,0.0,0.0,0.0,1.0,1.0,0.0,0.0,0.0,0.0,0,0
39,0.01263794633808287,-1.8983234930236192,legacy67,minmax,0.0,0.0,0.0,1.0,1.0,0.0,0.0,0.0,0.0,0,0
39,0.013726318898045865,-1.8624459155391264,legacy67,minmax,0.0,0.0,0.0,1.0,1.0,0.0,0.0,0.0,0.0,0,0
39,0.0151673306880762,-1.8190908443578477,legacy67,minmax,0.0,0.0,0.0,1.0,1.0,0.0,0.0,0.0,0.0,0,0
39,0.015339162591163618,-1.814198349120009,legacy67,minmax,0.0,0.0,0.0,1.0,1.0,0.0,0.0,0.0,0.0,0,0
39,0.017073967431528118,-1.7676655513272022,legacy67,minmax,0.0,0.0,0.0,1.0,1.0,0.0,0.0,0.0,0.0,2,0
39,0.017956984225677628,-1.7457665988559055,legacy67,minmax,0.0,0.0,0.0,1.0,1.0,0.0,0.0,0.0,0.0,2,1
39,0.018205657658407252,-1.739793628058882,legacy67,minmax,0.0,0.0,0.0,1.0,1.0,0.0,0.0,0.0,0.0,2,1
39,0.019777828512462715,-1.7038213930636386,legacy67,minmax,0.04761904761904767,0.0,-0.04761904761904767,1.0,1.0,0.0,0.047619047619047616,0.0,-0.047619047619047616,2,1
39,0.01987021538542862,-1.7017974252809167,legacy67,minmax,0.04761904761904767,0.0,-0.04761904761904767,1.0,1.0,0.0,0.047619047619047616,0.0,-0.047619047619047616,2,1
39,0.022592797420156945,-1.646029991792322,legacy67,minmax,0.2142857142857142,0.5238095238095237,0.30952380952380953,1.0,1.0,0.0,0.21428571428571427,0.5238095238095238,0.30952380952380953,2,1
39,0.024586032763280048,-1.6093115439744645,legacy67,minmax,0.40476190476190466,0.5238095238095237,0.11904761904761907,1.0,1.0,0.0,0.40476190476190477,0.5238095238095238,0.11904761904761907,3,2
39,0.027012557725439066,-1.5684342920267822,legacy67,minmax,0.5238095238095237,0.5238095238095237,0.0,1.0,1.0,0.0,0.5238095238095238,0.5238095238095238,0.0,3,2
39,0.029072088906598435,-1.5365237618994811,legacy67,minmax,0.5238095238095237,0.5238095238095237,0.0,1.0,1.0,0.0,0.5238095238095238,0.5238095238095238,0.0,3,2
39,0.030086868214458433,-1.5216230162467932,legacy67,minmax,0.5714285714285714,0.5238095238095237,-0.04761904761904767,1.0,1.0,0.0,0.5714285714285714,0.5238095238095238,-0.04761904761904756,3,2
39,0.030771802712506853,-1.5118470606208847,legacy67,minmax,0.5714285714285714,0.5238095238095237,-0.04761904761904767,1.0,1.0,0.0,0.5714285714285714,0.5238095238095238,-0.04761904761904756,3,2
39,0.036138942712165265,-1.4420245573918327,legacy67,minmax,0.5714285714285714,0.5238095238095237,-0.04761904761904767,1.0,1.0,0.0,0.5714285714285714,0.5238095238095238,-0.04761904761904756,3,2
39,0.03661819220392428,-1.4363031001009494,legacy67,minmax,0.5714285714285714,0.5238095238095237,-0.04761904761904767,1.0,1.0,0.0,0.5714285714285714,0.5238095238095238,-0.04761904761904756,3,2
39,0.04207053950287936,-1.3760219186551894,legacy67,minmax,0.6190476190476191,0.5238095238095237,-0.09523809523809534,1.0,1.0,0.0,0.6190476190476191,0.5238095238095238,-0.09523809523809523,4,2
39,0.04207988669606635,-1.375925438230254,legacy67,minmax,0.6190476190476191,0.5238095238095237,-0.09523809523809534,1.0,1.0,0.0,0.6190476190476191,0.5238095238095238,-0.09523809523809523,4,2
39,0.04809461967501572,-1.3179035052508339,legacy67,minmax,0.6295238095238096,0.5238095238095237,-0.10571428571428587,0.9866666666666667,1.0,0.013333333333333308,0.6428571428571429,0.5238095238095238,-0.11904761904761907,4,3
39,0.05337032762603955,-1.2727001311715975,legacy67,minmax,0.6400000000000001,0.5238095238095237,-0.1161904761904764,0.9733333333333334,1.0,0.026666666666666616,0.6666666666666666,0.5238095238095238,-0.1428571428571428,4,3
39,0.05415244119402536,-1.2663819605862647,legacy67,minmax,0.6400000000000001,0.5238095238095237,-0.1161904761904764,0.9733333333333334,1.0,0.026666666666666616,0.6666666666666666,0.5238095238095238,-0.1428571428571428,4,3
39,0.05488047000766042,-1.2605821778978918,legacy67,minmax,0.6400000000000001,0.5238095238095237,-0.1161904761904764,0.9733333333333334,1.0,0.026666666666666616,0.6666666666666666,0.5238095238095238,-0.1428571428571428,4,3
39,0.060803901902965994,-1.2160685503234192,legacy67,minmax,0.6400000000000001,0.6666666666666665,0.026666666666666394,0.9733333333333334,1.0,0.026666666666666616,0.6666666666666666,0.6666666666666666,0.0,4,4
39,0.06235377135673155,-1.2051372738633104,legacy67,minmax,0.6400000000000001,0.6666666666666665,0.026666666666666394,0.9733333333333334,1.0,0.026666666666666616,0.6666666666666666,0.6666666666666666,0.0,4,5
39,0.06290644294586147,-1.201304871366561,legacy67,minmax,0.6400000000000001,0.6666666666666665,0.026666666666666394,0.9733333333333334,1.0,0.026666666666666616,0.6666666666666666,0.6666666666666666,0.0,4,5
39,0.07068974950624601,-1.1506435572868954,legacy67,minmax,0.6400000000000001,0.6666666666666665,0.026666666666666394,0.9733333333333334,1.0,0.026666666666666616,0.6666666666666666,0.6666666666666666,0.0,5,7
39,0.10842262717330158,-0.9648800735999323,legacy67,minmax,0.6714285714285715,0.6904761904761905,0.01904761904761898,0.9333333333333333,1.0,0.06666666666666665,0.7380952380952381,0.6904761904761905,-0.04761904761904767,8,8
39,0.12172958098369964,-0.9146038729044164,legacy67,minmax,0.6714285714285715,0.7380952380952381,0.06666666666666665,0.9333333333333333,1.0,0.06666666666666665,0.7380952380952381,0.7380952380952381,0.0,8,8
39,0.1329652145729951,-0.876261961250477,legacy67,minmax,0.6714285714285715,0.7380952380952381,0.06666666666666665,0.9333333333333333,1.0,0.06666666666666665,0.7380952380952381,0.7380952380952381,0.0,9,8
39,0.14618962793704957,-0.8350834392078323,legacy67,minmax,0.6952380952380952,0.7380952380952381,0.04285714285714293,0.9333333333333333,1.0,0.06666666666666665,0.7619047619047619,0.7380952380952381,-0.023809523809523725,11,8
39,0.14742753159914665,-0.8314214058591274,legacy67,minmax,0.6952380952380952,0.7380952380952381,0.04285714285714293,0.9333333333333333,1.0,0.06666666666666665,0.7619047619047619,0.7380952380952381,-0.023809523809523725,12,8
39,0.16480446427978968,-0.7830310281618491,legacy67,minmax,0.7085714285714286,0.7857142857142856,0.07714285714285696,0.9466666666666667,1.0,0.053333333333333344,0.7619047619047619,0.7857142857142857,0.023809523809523836,13,8
39,0.16536937182824418,-0.7815449233065173,legacy67,minmax,0.7085714285714286,0.7857142857142856,0.07714285714285696,0.9466666666666667,1.0,0.053333333333333344,0.7619047619047619,0.7857142857142857,0.023809523809523836,13,8
39,0.1753594952976441,-0.7560707131373512,legacy67,minmax,0.7085714285714286,0.7857142857142856,0.07714285714285696,0.9466666666666667,1.0,0.053333333333333344,0.7619047619047619,0.7857142857142857,0.023809523809523836,13,8
39,0.17654048052495064,-0.7531556956423562,legacy67,minmax,0.7085714285714286,0.7857142857142856,0.07714285714285696,0.9466666666666667,1.0,0.053333333333333344,0.7619047619047619,0.7857142857142857,0.023809523809523836,13,8
39,0.1998634077852887,-0.6992667118930118,legacy67,minmax,0.7085714285714286,0.8095238095238095,0.1009523809523809,0.9466666666666667,1.0,0.053333333333333344,0.7619047619047619,0.8095238095238095,0.04761904761904767,14,8
39,0.2001342062287997,-0.6986786769469426,legacy67,minmax,0.7085714285714286,0.8095238095238095,0.1009523809523809,0.9466666666666667,1.0,0.053333333333333344,0.7619047619047619,0.8095238095238095,0.04761904761904767,14,8
39,0.21066486017042194,-0.6764079005894033,legacy67,minmax,0.7323809523809524,0.8095238095238095,0.07714285714285718,0.9466666666666667,1.0,0.053333333333333344,0.7857142857142857,0.8095238095238095,0.023809523809523836,14,8
39,0.2673088310781669,-0.5729866932256429,legacy67,minmax,0.7085714285714286,0.8333333333333335,0.12476190476190485,0.9466666666666667,1.0,0.053333333333333344,0.7619047619047619,0.8333333333333334,0.07142857142857151,15,8
39,0.2715581955282939,-0.5661370858229096,legacy67,minmax,0.7085714285714286,0.8333333333333335,0.12476190476190485,0.9466666666666667,1.0,0.053333333333333344,0.7619047619047619,0.8333333333333334,0.07142857142857151,15,8
39,0.292043384718141,-0.5345526268252332,legacy67,minmax,0.7085714285714286,0.8333333333333335,0.12476190476190485,0.9466666666666667,1.0,0.053333333333333344,0.7619047619047619,0.8333333333333334,0.07142857142857151,15,9
39,0.314891164795686,-0.50183952461055,legacy67,minmax,0.7085714285714286,0.8333333333333335,0.12476190476190485,0.9466666666666667,1.0,0.053333333333333344,0.7619047619047619,0.8333333333333334,0.07142857142857151,15,9
39,0.35868164986275475,-0.44529084124207197,legacy67,minmax,0.7057142857142857,0.8333333333333335,0.12761904761904774,0.92,1.0,0.07999999999999996,0.7857142857142857,0.8333333333333334,0.04761904761904767,15,9
39,0.5130551760589832,-0.2898359265658015,legacy67,minmax,0.74,0.8333333333333335,0.09333333333333349,0.9066666666666666,1.0,0.09333333333333338,0.8333333333333334,0.8333333333333334,0.0,18,9
39,0.5342937261279772,-0.27221992543153695,legacy67,minmax,0.74,0.8333333333333335,0.09333333333333349,0.9066666666666666,1.0,0.09333333333333338,0.8333333333333334,0.8333333333333334,0.0,20,9
39,0.5762487216478598,-0.23939002504159476,legacy67,minmax,0.74,0.8571428571428572,0.11714285714285722,0.9066666666666666,1.0,0.09333333333333338,0.8333333333333334,0.8571428571428571,0.023809523809523725,20,9
39,0.6672367170464204,-0.17572006313185626,legacy67,minmax,0.74,0.8304761904761904,0.09047619047619038,0.9066666666666666,0.9733333333333334,0.06666666666666676,0.8333333333333334,0.8571428571428571,0.023809523809523725,21,9
39,0.7742116473996242,-0.1111402993522028,legacy67,minmax,0.74,0.8304761904761904,0.09047619047619038,0.9066666666666666,0.9733333333333334,0.06666666666666676,0.8333333333333334,0.8571428571428571,0.023809523809523725,21,10
39,0.9444574254983555,-0.02481761454243703,legacy67,minmax,0.716190476190476,0.8409523809523809,0.12476190476190485,0.9066666666666666,0.96,0.053333333333333344,0.8095238095238095,0.8809523809523809,0.0714285714285714,23,10
39,0.9565499215943818,-0.019292359554919238,legacy67,minmax,0.716190476190476,0.8409523809523809,0.12476190476190485,0.9066666666666666,0.96,0.053333333333333344,0.8095238095238095,0.8809523809523809,0.0714285714285714,23,10
39,1.1400863701127315,0.0569377536544464,legacy67,minmax,0.716190476190476,0.8409523809523809,0.12476190476190485,0.9066666666666666,0.96,0.053333333333333344,0.8095238095238095,0.8809523809523809,0.0714285714285714,25,10
39,1.2030178871154662,0.08027208471124325,legacy67,minmax,0.716190476190476,0.8409523809523809,0.12476190476190485,0.9066666666666666,0.96,0.053333333333333344,0.8095238095238095,0.8809523809523809,0.0714285714285714,25,10
39,1.2329098365270508,0.0909313175279762,legacy67,minmax,0.716190476190476,0.8409523809523809,0.12476190476190485,0.9066666666666666,0.96,0.053333333333333344,0.8095238095238095,0.8809523809523809,0.0714285714285714,25,10
39,1.2561043700013554,0.09902572652895136,legacy67,minmax,0.716190476190476,0.8409523809523809,0.12476190476190485,0.9066666666666666,0.96,0.053333333333333344,0.8095238095238095,0.8809523809523809,0.0714285714285714,25,10
39,1.4817820606039076,0.17078433263299386,legacy67,minmax,0.716190476190476,0.8409523809523809,0.12476190476190485,0.9066666666666666,0.96,0.053333333333333344,0.8095238095238095,0.8809523809523809,0.0714285714285714,25,10
39,1.5375920235481748,0.1868411173731186,legacy67,minmax,0.716190476190476,0.8409523809523809,0.12476190476190485,0.9066666666666666,0.96,0.053333333333333344,0.8095238095238095,0.8809523809523809,0.0714285714285714,25,10
39,1.7583640270008503,0.24510879027798493,legacy67,minmax,0.7028571428571428,0.8409523809523809,0.13809523809523805,0.8933333333333333,0.96,0.06666666666666665,0.8095238095238095,0.8809523809523809,0.0714285714285714,25,10
39,2.34238498471129,0.36965827544816987,legacy67,minmax,0.6790476190476191,0.8409523809523809,0.16190476190476177,0.8933333333333333,0.96,0.06666666666666665,0.7857142857142857,0.8809523809523809,0.09523809523809523,25,10
39,2.4637685958997446,0.39159991524434057,legacy67,minmax,0.6790476190476191,0.8409523809523809,0.16190476190476177,0.8933333333333333,0.96,0.06666666666666665,0.7857142857142857,0.8809523809523809,0.09523809523809523,25,10
39,2.4810409748678097,0.3946339367881464,legacy67,minmax,0.6790476190476191,0.8409523809523809,0.16190476190476177,0.8933333333333333,0.96,0.06666666666666665,0.7857142857142857,0.8809523809523809,0.09523809523809523,25,10
39,2.5378155082656626,0.40446004697283516,legacy67,minmax,0.6790476190476191,0.8409523809523809,0.16190476190476177,0.8933333333333333,0.96,0.06666666666666665,0.7857142857142857,0.8809523809523809,0.09523809523809523,25,10
39,2.692646910086177,0.43017940760575346,legacy67,minmax,0.6790476190476191,0.8409523809523809,0.16190476190476177,0.8933333333333333,0.96,0.06666666666666665,0.7857142857142857,0.8809523809523809,0.09523809523809523,25,10
39,2.801635158716258,0.4474115788895179,legacy67,minmax,0.6790476190476191,0.8409523809523809,0.16190476190476177,0.8933333333333333,0.96,0.06666666666666665,0.7857142857142857,0.8809523809523809,0.09523809523809523,25,10
39,3.113095956122122,0.4931925073102317,legacy67,minmax,0.6657142857142857,0.8409523809523809,0.1752380952380952,0.88,0.96,0.07999999999999996,0.7857142857142857,0.8809523809523809,0.09523809523809523,26,10
39,3.550012525851159,0.5502298854208525,legacy67,minmax,0.6657142857142857,0.8409523809523809,0.1752380952380952,0.88,0.96,0.07999999999999996,0.7857142857142857,0.8809523809523809,0.09523809523809523,27,10
39,4.467752817973904,0.6500891374159279,legacy67,minmax,0.6657142857142857,0.8409523809523809,0.1752380952380952,0.88,0.96,0.07999999999999996,0.7857142857142857,0.8809523809523809,0.09523809523809523,27,10
39,5.456725485601473,0.7369321060486276,legacy67,minmax,0.6523809523809523,0.8409523809523809,0.1885714285714286,0.8666666666666667,0.96,0.09333333333333327,0.7857142857142857,0.8809523809523809,0.09523809523809523,28,10
39,6.72093005015611,0.8274293753904685,legacy67,minmax,0.6523809523809523,0.8409523809523809,0.1885714285714286,0.8666666666666667,0.96,0.09333333333333327,0.7857142857142857,0.8809523809523809,0.09523809523809523,29,10
39,6.7965780907581514,0.832290311184182,legacy67,minmax,0.6523809523809523,0.8409523809523809,0.1885714285714286,0.8666666666666667,0.96,0.09333333333333327,0.7857142857142857,0.8809523809523809,0.09523809523809523,29,10
39,7.128188058401357,0.85297914889198,legacy67,minmax,0.6523809523809523,0.8409523809523809,0.1885714285714286,0.8666666666666667,0.96,0.09333333333333327,0.7857142857142857,0.8809523809523809,0.09523809523809523,29,10
39,8.241925264876443,0.9160286721639492,legacy67,minmax,0.6523809523809523,0.8409523809523809,0.1885714285714286,0.8666666666666667,0.96,0.09333333333333327,0.7857142857142857,0.8809523809523809,0.09523809523809523,29,10
39,8.287522363768153,0.9184247133522563,legacy67,minmax,0.6523809523809523,0.8409523809523809,0.1885714285714286,0.8666666666666667,0.96,0.09333333333333327,0.7857142857142857,0.8809523809523809,0.09523809523809523,29,10
39,8.471801418819974,0.9279757672456204,legacy67,minmax,0.6523809523809523,0.8409523809523809,0.1885714285714286,0.8666666666666667,0.96,0.09333333333333327,0.7857142857142857,0.8809523809523809,0.09523809523809523,31,10
39,11.044350847124681,1.0431401944675898,legacy67,minmax,0.6523809523809523,0.8409523809523809,0.1885714285714286,0.8666666666666667,0.96,0.09333333333333327,0.7857142857142857,0.8809523809523809,0.09523809523809523,31,26
39,12.130221181165155,1.083868719818244,legacy67,minmax,0.6523809523809523,0.8409523809523809,0.1885714285714286,0.8666666666666667,0.96,0.09333333333333327,0.7857142857142857,0.8809523809523809,0.09523809523809523,31,26
39,12.164139351417056,1.085081386743783,legacy67,minmax,0.6523809523809523,0.8409523809523809,0.1885714285714286,0.8666666666666667,0.96,0.09333333333333327,0.7857142857142857,0.8809523809523809,0.09523809523809523,31,26
39,12.273800987852958,1.0889790771866297,legacy67,minmax,0.6523809523809523,0.8409523809523809,0.1885714285714286,0.8666666666666667,0.96,0.09333333333333327,0.7857142857142857,0.8809523809523809,0.09523809523809523,31,26
39,12.604664585649452,1.1005312934444582,legacy67,minmax,0.6523809523809523,0.8409523809523809,0.1885714285714286,0.8666666666666667,0.96,0.09333333333333327,0.7857142857142857,0.8809523809523809,0.09523809523809523,31,26
39,13.826232179369853,1.1407038455720544,legacy67,minmax,0.6523809523809523,0.8409523809523809,0.1885714285714286,0.8666666666666667,0.96,0.09333333333333327,0.7857142857142857,0.8809523809523809,0.09523809523809523,31,26
39,16.172900811143133,1.2087879230161587,legacy67,minmax,0.6523809523809523,0.8409523809523809,0.1885714285714286,0.8666666666666667,0.96,0.09333333333333327,0.7857142857142857,0.8809523809523809,0.09523809523809523,32,26
39,17.123375973163967,1.2335893924658445,legacy67,minmax,0.6523809523809523,0.8409523809523809,0.1885714285714286,0.8666666666666667,0.96,0.09333333333333327,0.7857142857142857,0.8809523809523809,0.09523809523809523,31,26
39,18.274508859816006,1.2618457138193366,legacy67,minmax,0.6523809523809523,0.8409523809523809,0.1885714285714286,0.8666666666666667,0.96,0.09333333333333327,0.7857142857142857,0.8809523809523809,0.09523809523809523,31,26
39,20.65142557895924,1.3149500366077174,legacy67,minmax,0.6523809523809523,0.8409523809523809,0.1885714285714286,0.8666666666666667,0.96,0.09333333333333327,0.7857142857142857,0.8809523809523809,0.09523809523809523,31,26
39,21.36832907235874,1.329770563201687,legacy67,minmax,0.6523809523809523,0.8409523809523809,0.1885714285714286,0.8666666666666667,0.96,0.09333333333333327,0.7857142857142857,0.8809523809523809,0.09523809523809523,31,27
39,28.340904295147727,1.452413703502374,legacy67,minmax,0.6523809523809523,0.8409523809523809,0.1885714285714286,0.8666666666666667,0.96,0.09333333333333327,0.7857142857142857,0.8809523809523809,0.09523809523809523,33,28
39,29.154431891537524,1.4647045830997407,legacy67,minmax,0.6523809523809523,0.8409523809523809,0.1885714285714286,0.8666666666666667,0.96,0.09333333333333327,0.7857142857142857,0.8809523809523809,0.09523809523809523,33,28
39,35.387588647792384,1.5488509703053062,legacy67,minmax,0.6523809523809523,0.8276190476190477,0.17523809523809541,0.8666666666666667,0.9466666666666667,0.07999999999999996,0.7857142857142857,0.8809523809523809,0.09523809523809523,33,28
39,37.95853142670639,1.5793094017105953,legacy67,minmax,0.6523809523809523,0.8276190476190477,0.17523809523809541,0.8666666666666667,0.9466666666666667,0.07999999999999996,0.7857142857142857,0.8809523809523809,0.09523809523809523,33,29
39,43.37920697490936,1.6372816083151283,legacy67,minmax,0.6523809523809523,0.8276190476190477,0.17523809523809541,0.8666666666666667,0.9466666666666667,0.07999999999999996,0.7857142857142857,0.8809523809523809,0.09523809523809523,33,29
39,48.69640941520897,1.6874969400924673,legacy67,minmax,0.6523809523809523,0.8276190476190477,0.17523809523809541,0.8666666666666667,0.9466666666666667,0.07999999999999996,0.7857142857142857,0.8809523809523809,0.09523809523809523,33,29
39,57.279044707996185,1.7579957662567565,legacy67,minmax,0.6523809523809523,0.8276190476190477,0.17523809523809541,0.8666666666666667,0.9466666666666667,0.07999999999999996,0.7857142857142857,0.8809523809523809,0.09523809523809523,33,30
39,62.45139574743064,1.795542149013333,legacy67,minmax,0.6523809523809523,0.8276190476190477,0.17523809523809541,0.8666666666666667,0.9466666666666667,0.07999999999999996,0.7857142857142857,0.8809523809523809,0.09523809523809523,33,30
39,63.512210106406926,1.8028572256396647,legacy67,minmax,0.6523809523809523,0.8276190476190477,0.17523809523809541,0.8666666666666667,0.9466666666666667,0.07999999999999996,0.7857142857142857,0.8809523809523809,0.09523809523809523,33,30
39,72.86653737491037,1.8625281322982374,legacy67,minmax,0.6523809523809523,0.8276190476190477,0.17523809523809541,0.8666666666666667,0.9466666666666667,0.07999999999999996,0.7857142857142857,0.8809523809523809,0.09523809523809523,33,30
39,75.56810141274423,1.8783385110582342,legacy67,minmax,0.6523809523809523,0.8276190476190477,0.17523809523809541,0.8666666666666667,0.9466666666666667,0.07999999999999996,0.7857142857142857,0.8809523809523809,0.09523809523809523,33,30
39,75.79479953347995,1.8796394086479773,legacy67,minmax,0.6523809523809523,0.8276190476190477,0.17523809523809541,0.8666666666666667,0.9466666666666667,0.07999999999999996,0.7857142857142857,0.8809523809523809,0.09523809523809523,33,30
39,88.62326508576248,1.9475477464020692,legacy67,minmax,0.6523809523809523,0.8276190476190477,0.17523809523809541,0.8666666666666667,0.9466666666666667,0.07999999999999996,0.7857142857142857,0.8809523809523809,0.09523809523809523,33,30
40,0.010521761868451128,-1.9779115315055904,legacy67,minmax,0.0,0.0,0.0,1.0,1.0,0.0,0.0,0.0,0.0,0,0
40,0.012087541473056955,-1.9176620228167902,legacy67,minmax,0.0,0.0,0.0,1.0,1.0,0.0,0.0,0.0,0.0,0,0
40,0.01263794633808287,-1.8983234930236192,legacy67,minmax,0.0,0.0,0.0,1.0,1.0,0.0,0.0,0.0,0.0,0,0
40,0.013726318898045865,-1.8624459155391264,legacy67,minmax,0.0,0.0,0.0,1.0,1.0,0.0,0.0,0.0,0.0,0,0
40,0.0151673306880762,-1.8190908443578477,legacy67,minmax,0.0,0.0,0.0,1.0,1.0,0.0,0.0,0.0,0.0,0,0
40,0.015339162591163618,-1.814198349120009,legacy67,minmax,0.0,0.0,0.0,1.0,1.0,0.0,0.0,0.0,0.0,0,0
40,0.017073967431528118,-1.7676655513272022,legacy67,minmax,0.0,0.0,0.0,1.0,1.0,0.0,0.0,0.0,0.0,1,0
40,0.017956984225677628,-1.7457665988559055,legacy67,minmax,0.0,0.0,0.0,1.0,1.0,0.0,0.0,0.0,0.0,2,1
40,0.018205657658407252,-1.739793628058882,legacy67,minmax,0.0,0.0,0.0,1.0,1.0,0.0,0.0,0.0,0.0,2,1
40,0.019777828512462715,-1.7038213930636386,legacy67,minmax,0.0714285714285714,0.0,-0.0714285714285714,1.0,1.0,0.0,0.07142857142857142,0.0,-0.07142857142857142,3,2
40,0.01987021538542862,-1.7017974252809167,legacy67,minmax,0.0714285714285714,0.0,-0.0714285714285714,1.0,1.0,0.0,0.07142857142857142,0.0,-0.07142857142857142,3,2
40,0.022592797420156945,-1.646029991792322,legacy67,minmax,0.16666666666666674,0.2857142857142856,0.11904761904761885,1.0,1.0,0.0,0.16666666666666666,0.2857142857142857,0.11904761904761904,3,2
40,0.024586032763280048,-1.6093115439744645,legacy67,minmax,0.2142857142857142,0.2857142857142856,0.0714285714285714,1.0,1.0,0.0,0.21428571428571427,0.2857142857142857,0.07142857142857142,3,2
40,0.027012557725439066,-1.5684342920267822,legacy67,minmax,0.26190476190476186,0.2857142857142856,0.023809523809523725,1.0,1.0,0.0,0.2619047619047619,0.2857142857142857,0.02380952380952378,3,2
40,0.029072088906598435,-1.5365237618994811,legacy67,minmax,0.2857142857142856,0.2857142857142856,0.0,1.0,1.0,0.0,0.2857142857142857,0.2857142857142857,0.0,3,2
40,0.030086868214458433,-1.5216230162467932,legacy67,minmax,0.2857142857142856,0.2857142857142856,0.0,1.0,1.0,0.0,0.2857142857142857,0.2857142857142857,0.0,3,2
40,0.030771802712506853,-1.5118470606208847,legacy67,minmax,0.30952380952380953,0.5476190476190477,0.23809523809523814,1.0,1.0,0.0,0.30952380952380953,0.5476190476190477,0.23809523809523814,3,2
40,0.036138942712165265,-1.4420245573918327,legacy67,minmax,0.45238095238095233,0.6190476190476191,0.16666666666666674,1.0,1.0,0.0,0.4523809523809524,0.6190476190476191,0.16666666666666669,3,3
40,0.03661819220392428,-1.4363031001009494,legacy67,minmax,0.45238095238095233,0.6190476190476191,0.16666666666666674,1.0,1.0,0.0,0.4523809523809524,0.6190476190476191,0.16666666666666669,3,3
40,0.04207053950287936,-1.3760219186551894,legacy67,minmax,0.45238095238095233,0.6666666666666665,0.2142857142857142,1.0,1.0,0.0,0.4523809523809524,0.6666666666666666,0.21428571428571425,3,4
40,0.04207988669606635,-1.375925438230254,legacy67,minmax,0.45238095238095233,0.6666666666666665,0.2142857142857142,1.0,1.0,0.0,0.4523809523809524,0.6666666666666666,0.21428571428571425,3,4
40,0.04809461967501572,-1.3179035052508339,legacy67,minmax,0.5,0.6666666666666665,0.16666666666666652,1.0,1.0,0.0,0.5,0.6666666666666666,0.16666666666666663,4,4
40,0.05337032762603955,-1.2727001311715975,legacy67,minmax,0.5,0.6666666666666665,0.16666666666666652,1.0,1.0,0.0,0.5,0.6666666666666666,0.16666666666666663,5,4
40,0.05415244119402536,-1.2663819605862647,legacy67,minmax,0.5,0.6666666666666665,0.16666666666666652,1.0,1.0,0.0,0.5,0.6666666666666666,0.16666666666666663,5,5
40,0.05488047000766042,-1.2605821778978918,legacy67,minmax,0.5,0.6666666666666665,0.16666666666666652,1.0,1.0,0.0,0.5,0.6666666666666666,0.16666666666666663,5,5
40,0.060803901902965994,-1.2160685503234192,legacy67,minmax,0.5,0.6666666666666665,0.16666666666666652,1.0,1.0,0.0,0.5,0.6666666666666666,0.16666666666666663,6,5
40,0.06235377135673155,-1.2051372738633104,legacy67,minmax,0.5,0.6666666666666665,0.16666666666666652,1.0,1.0,0.0,0.5,0.6666666666666666,0.16666666666666663,6,6
40,0.06290644294586147,-1.201304871366561,legacy67,minmax,0.5,0.6666666666666665,0.16666666666666652,1.0,1.0,0.0,0.5,0.6666666666666666,0.16666666666666663,6,6
40,0.07068974950624601,-1.1506435572868954,legacy67,minmax,0.5104761904761905,0.6533333333333333,0.1428571428571428,0.9866666666666667,0.9866666666666667,0.0,0.5238095238095238,0.6666666666666666,0.1428571428571428,6,6
40,0.10842262717330158,-0.9648800735999323,legacy67,minmax,0.5104761904761905,0.677142857142857,0.16666666666666652,0.9866666666666667,0.9866666666666667,0.0,0.5238095238095238,0.6904761904761905,0.16666666666666663,7,7
40,0.12172958098369964,-0.9146038729044164,legacy67,minmax,0.5342857142857143,0.677142857142857,0.1428571428571428,0.9866666666666667,0.9866666666666667,0.0,0.5476190476190477,0.6904761904761905,0.1428571428571428,10,7
40,0.1329652145729951,-0.876261961250477,legacy67,minmax,0.5342857142857143,0.677142857142857,0.1428571428571428,0.9866666666666667,0.9866666666666667,0.0,0.5476190476190477,0.6904761904761905,0.1428571428571428,10,9
40,0.14618962793704957,-0.8350834392078323,legacy67,minmax,0.558095238095238,0.6742857142857144,0.1161904761904764,0.9866666666666667,0.96,-0.026666666666666727,0.5714285714285714,0.7142857142857143,0.1428571428571429,10,9
40,0.14742753159914665,-0.8314214058591274,legacy67,minmax,0.558095238095238,0.6742857142857144,0.1161904761904764,0.9866666666666667,0.96,-0.026666666666666727,0.5714285714285714,0.7142857142857143,0.1428571428571429,10,9
40,0.16480446427978968,-0.7830310281618491,legacy67,minmax,0.5819047619047619,0.6980952380952381,0.11619047619047618,0.9866666666666667,0.96,-0.026666666666666727,0.5952380952380952,0.7380952380952381,0.1428571428571429,12,9
40,0.16536937182824418,-0.7815449233065173,legacy67,minmax,0.5819047619047619,0.6980952380952381,0.11619047619047618,0.9866666666666667,0.96,-0.026666666666666727,0.5952380952380952,0.7380952380952381,0.1428571428571429,12,9
40,0.1753594952976441,-0.7560707131373512,legacy67,minmax,0.5819047619047619,0.6980952380952381,0.11619047619047618,0.9866666666666667,0.96,-0.026666666666666727,0.5952380952380952,0.7380952380952381,0.1428571428571429,12,9
40,0.17654048052495064,-0.7531556956423562,legacy67,minmax,0.5819047619047619,0.6980952380952381,0.11619047619047618,0.9866666666666667,0.96,-0.026666666666666727,0.5952380952380952,0.7380952380952381,0.1428571428571429,13,9
40,0.1998634077852887,-0.6992667118930118,legacy67,minmax,0.5819047619047619,0.6980952380952381,0.11619047619047618,0.9866666666666667,0.96,-0.026666666666666727,0.5952380952380952,0.7380952380952381,0.1428571428571429,13,9
40,0.2001342062287997,-0.6986786769469426,legacy67,minmax,0.5819047619047619,0.6980952380952381,0.11619047619047618,0.9866666666666667,0.96,-0.026666666666666727,0.5952380952380952,0.7380952380952381,0.1428571428571429,13,9
40,0.21066486017042194,-0.6764079005894033,legacy67,minmax,0.5819047619047619,0.7219047619047618,0.1399999999999999,0.9866666666666667,0.96,-0.026666666666666727,0.5952380952380952,0.7619047619047619,0.16666666666666663,13,9
40,0.2673088310781669,-0.5729866932256429,legacy67,minmax,0.6057142857142859,0.7695238095238095,0.16380952380952363,0.9866666666666667,0.96,-0.026666666666666727,0.6190476190476191,0.8095238095238095,0.19047619047619047,17,9
40,0.2715581955282939,-0.5661370858229096,legacy67,minmax,0.6057142857142859,0.7695238095238095,0.16380952380952363,0.9866666666666667,0.96,-0.026666666666666727,0.6190476190476191,0.8095238095238095,0.19047619047619047,17,9
40,0.292043384718141,-0.5345526268252332,legacy67,minmax,0.6295238095238096,0.7695238095238095,0.1399999999999999,0.9866666666666667,0.96,-0.026666666666666727,0.6428571428571429,0.8095238095238095,0.16666666666666663,18,9
40,0.314891164795686,-0.50183952461055,legacy67,minmax,0.6057142857142859,0.7695238095238095,0.16380952380952363,0.9866666666666667,0.96,-0.026666666666666727,0.6190476190476191,0.8095238095238095,0.19047619047619047,18,9
40,0.35868164986275475,-0.44529084124207197,legacy67,minmax,0.6057142857142859,0.7695238095238095,0.16380952380952363,0.9866666666666667,0.96,-0.026666666666666727,0.6190476190476191,0.8095238095238095,0.19047619047619047,19,9
40,0.5130551760589832,-0.2898359265658015,legacy67,minmax,0.5923809523809525,0.7933333333333334,0.200952380952381,0.9733333333333334,0.96,-0.01333333333333342,0.6190476190476191,0.8333333333333334,0.2142857142857143,21,9
40,0.5342937261279772,-0.27221992543153695,legacy67,minmax,0.5923809523809525,0.7666666666666666,0.17428571428571416,0.9733333333333334,0.9333333333333333,-0.040000000000000036,0.6190476190476191,0.8333333333333334,0.2142857142857143,21,9
40,0.5762487216478598,-0.23939002504159476,legacy67,minmax,0.5923809523809525,0.7666666666666666,0.17428571428571416,0.9733333333333334,0.9333333333333333,-0.040000000000000036,0.6190476190476191,0.8333333333333334,0.2142857142857143,21,9
40,0.6672367170464204,-0.17572006313185626,legacy67,minmax,0.5685714285714285,0.7904761904761903,0.22190476190476183,0.9733333333333334,0.9333333333333333,-0.040000000000000036,0.5952380952380952,0.8571428571428571,0.26190476190476186,22,9
40,0.7742116473996242,-0.1111402993522028,legacy67,minmax,0.5685714285714285,0.7904761904761903,0.22190476190476183,0.9733333333333334,0.9333333333333333,-0.040000000000000036,0.5952380952380952,0.8571428571428571,0.26190476190476186,22,9
40,0.9444574254983555,-0.02481761454243703,legacy67,minmax,0.5685714285714285,0.8009523809523809,0.23238095238095235,0.9733333333333334,0.92,-0.053333333333333344,0.5952380952380952,0.8809523809523809,0.2857142857142857,21,9
40,0.9565499215943818,-0.019292359554919238,legacy67,minmax,0.5685714285714285,0.8009523809523809,0.23238095238095235,0.9733333333333334,0.92,-0.053333333333333344,0.5952380952380952,0.8809523809523809,0.2857142857142857,21,9
40,1.1400863701127315,0.0569377536544464,legacy67,minmax,0.5685714285714285,0.8009523809523809,0.23238095238095235,0.9733333333333334,0.92,-0.053333333333333344,0.5952380952380952,0.8809523809523809,0.2857142857142857,23,9
40,1.2030178871154662,0.08027208471124325,legacy67,minmax,0.5685714285714285,0.8009523809523809,0.23238095238095235,0.9733333333333334,0.92,-0.053333333333333344,0.5952380952380952,0.8809523809523809,0.2857142857142857,24,9
40,1.2329098365270508,0.0909313175279762,legacy67,minmax,0.5685714285714285,0.8009523809523809,0.23238095238095235,0.9733333333333334,0.92,-0.053333333333333344,0.5952380952380952,0.8809523809523809,0.2857142857142857,24,9
40,1.2561043700013554,0.09902572652895136,legacy67,minmax,0.5685714285714285,0.8009523809523809,0.23238095238095235,0.9733333333333334,0.92,-0.053333333333333344,0.5952380952380952,0.8809523809523809,0.2857142857142857,24,9
40,1.4817820606039076,0.17078433263299386,legacy67,minmax,0.5552380952380953,0.8009523809523809,0.24571428571428555,0.96,0.92,-0.039999999999999925,0.5952380952380952,0.8809523809523809,0.2857142857142857,25,9
40,1.5375920235481748,0.1868411173731186,legacy67,minmax,0.5419047619047619,0.8009523809523809,0.25904761904761897,0.9466666666666667,0.92,-0.026666666666666616,0.5952380952380952,0.8809523809523809,0.2857142857142857,26,9
40,1.7583640270008503,0.24510879027798493,legacy67,minmax,0.5419047619047619,0.8009523809523809,0.25904761904761897,0.9466666666666667,0.92,-0.026666666666666616,0.5952380952380952,0.8809523809523809,0.2857142857142857,25,9
40,2.34238498471129,0.36965827544816987,legacy67,minmax,0.6133333333333333,0.8009523809523809,0.18761904761904757,0.9466666666666667,0.92,-0.026666666666666616,0.6666666666666666,0.8809523809523809,0.2142857142857143,27,9
40,2.4637685958997446,0.39159991524434057,legacy67,minmax,0.6133333333333333,0.8009523809523809,0.18761904761904757,0.9466666666666667,0.92,-0.026666666666666616,0.6666666666666666,0.8809523809523809,0.2142857142857143,27,9
40,2.4810409748678097,0.3946339367881464,legacy67,minmax,0.6133333333333333,0.8009523809523809,0.18761904761904757,0.9466666666666667,0.92,-0.026666666666666616,0.6666666666666666,0.8809523809523809,0.2142857142857143,27,9
40,2.5378155082656626,0.40446004697283516,legacy67,minmax,0.6133333333333333,0.8009523809523809,0.18761904761904757,0.9466666666666667,0.92,-0.026666666666666616,0.6666666666666666,0.8809523809523809,0.2142857142857143,27,9
40,2.692646910086177,0.43017940760575346,legacy67,minmax,0.6000000000000001,0.8009523809523809,0.20095238095238077,0.9333333333333333,0.92,-0.013333333333333308,0.6666666666666666,0.8809523809523809,0.2142857142857143,27,9
40,2.801635158716258,0.4474115788895179,legacy67,minmax,0.5866666666666667,0.8009523809523809,0.2142857142857142,0.92,0.92,0.0,0.6666666666666666,0.8809523809523809,0.2142857142857143,28,9
40,3.113095956122122,0.4931925073102317,legacy67,minmax,0.5866666666666667,0.8009523809523809,0.2142857142857142,0.92,0.92,0.0,0.6666666666666666,0.8809523809523809,0.2142857142857143,29,9
40,3.550012525851159,0.5502298854208525,legacy67,minmax,0.6104761904761906,0.8009523809523809,0.19047619047619024,0.92,0.92,0.0,0.6904761904761905,0.8809523809523809,0.19047619047619047,29,9
40,4.467752817973904,0.6500891374159279,legacy67,minmax,0.5866666666666667,0.8009523809523809,0.2142857142857142,0.92,0.92,0.0,0.6666666666666666,0.8809523809523809,0.2142857142857143,28,9
40,5.456725485601473,0.7369321060486276,legacy67,minmax,0.5495238095238095,0.8009523809523809,0.25142857142857133,0.9066666666666666,0.92,0.01333333333333342,0.6428571428571429,0.8809523809523809,0.23809523809523803,28,9
40,6.72093005015611,0.8274293753904685,legacy67,minmax,0.5733333333333333,0.8009523809523809,0.2276190476190476,0.9066666666666666,0.92,0.01333333333333342,0.6666666666666666,0.8809523809523809,0.2142857142857143,29,9
40,6.7965780907581514,0.832290311184182,legacy67,minmax,0.5733333333333333,0.8009523809523809,0.2276190476190476,0.9066666666666666,0.92,0.01333333333333342,0.6666666666666666,0.8809523809523809,0.2142857142857143,29,9
40,7.128188058401357,0.85297914889198,legacy67,minmax,0.5733333333333333,0.8009523809523809,0.2276190476190476,0.9066666666666666,0.92,0.01333333333333342,0.6666666666666666,0.8809523809523809,0.2142857142857143,29,9
40,8.241925264876443,0.9160286721639492,legacy67,minmax,0.5733333333333333,0.8009523809523809,0.2276190476190476,0.9066666666666666,0.92,0.01333333333333342,0.6666666666666666,0.8809523809523809,0.2142857142857143,29,9
40,8.287522363768153,0.9184247133522563,legacy67,minmax,0.5733333333333333,0.8009523809523809,0.2276190476190476,0.9066666666666666,0.92,0.01333333333333342,0.6666666666666666,0.8809523809523809,0.2142857142857143,29,9
40,8.471801418819974,0.9279757672456204,legacy67,minmax,0.5733333333333333,0.8009523809523809,0.2276190476190476,0.9066666666666666,0.92,0.01333333333333342,0.6666666666666666,0.8809523809523809,0.2142857142857143,29,28
40,11.044350847124681,1.0431401944675898,legacy67,minmax,0.597142857142857,0.8009523809523809,0.20380952380952388,0.9066666666666666,0.92,0.01333333333333342,0.6904761904761905,0.8809523809523809,0.19047619047619047,32,29
40,12.130221181165155,1.083868719818244,legacy67,minmax,0.597142857142857,0.8009523809523809,0.20380952380952388,0.9066666666666666,0.92,0.01333333333333342,0.6904761904761905,0.8809523809523809,0.19047619047619047,32,29
40,12.164139351417056,1.085081386743783,legacy67,minmax,0.597142857142857,0.8009523809523809,0.20380952380952388,0.9066666666666666,0.92,0.01333333333333342,0.6904761904761905,0.8809523809523809,0.19047619047619047,32,29
40,12.273800987852958,1.0889790771866297,legacy67,minmax,0.597142857142857,0.8009523809523809,0.20380952380952388,0.9066666666666666,0.92,0.01333333333333342,0.6904761904761905,0.8809523809523809,0.19047619047619047,32,29
40,12.604664585649452,1.1005312934444582,legacy67,minmax,0.597142857142857,0.8009523809523809,0.20380952380952388,0.9066666666666666,0.92,0.01333333333333342,0.6904761904761905,0.8809523809523809,0.19047619047619047,32,29
40,13.826232179369853,1.1407038455720544,legacy67,minmax,0.597142857142857,0.8009523809523809,0.20380952380952388,0.9066666666666666,0.92,0.01333333333333342,0.6904761904761905,0.8809523809523809,0.19047619047619047,32,29
40,16.172900811143133,1.2087879230161587,legacy67,minmax,0.597142857142857,0.8009523809523809,0.20380952380952388,0.9066666666666666,0.92,0.01333333333333342,0.6904761904761905,0.8809523809523809,0.19047619047619047,32,29
40,17.123375973163967,1.2335893924658445,legacy67,minmax,0.5838095238095238,0.8009523809523809,0.21714285714285708,0.8933333333333333,0.92,0.026666666666666727,0.6904761904761905,0.8809523809523809,0.19047619047619047,32,29
40,18.274508859816006,1.2618457138193366,legacy67,minmax,0.5838095238095238,0.8009523809523809,0.21714285714285708,0.8933333333333333,0.92,0.026666666666666727,0.6904761904761905,0.8809523809523809,0.19047619047619047,32,29
40,20.65142557895924,1.3149500366077174,legacy67,minmax,0.5838095238095238,0.8009523809523809,0.21714285714285708,0.8933333333333333,0.92,0.026666666666666727,0.6904761904761905,0.8809523809523809,0.19047619047619047,32,29
40,21.36832907235874,1.329770563201687,legacy67,minmax,0.5838095238095238,0.8009523809523809,0.21714285714285708,0.8933333333333333,0.92,0.026666666666666727,0.6904761904761905,0.8809523809523809,0.19047619047619047,32,29
40,28.340904295147727,1.452413703502374,legacy67,minmax,0.5838095238095238,0.8009523809523809,0.21714285714285708,0.8933333333333333,0.92,0.026666666666666727,0.6904761904761905,0.8809523809523809,0.19047619047619047,33,29
40,29.154431891537524,1.4647045830997407,legacy67,minmax,0.5838095238095238,0.8009523809523809,0.21714285714285708,0.8933333333333333,0.92,0.026666666666666727,0.6904761904761905,0.8809523809523809,0.19047619047619047,33,29
40,35.387588647792384,1.5488509703053062,legacy67,minmax,0.6076190476190475,0.8009523809523809,0.19333333333333336,0.8933333333333333,0.92,0.026666666666666727,0.7142857142857143,0.8809523809523809,0.16666666666666663,32,29
40,37.95853142670639,1.5793094017105953,legacy67,minmax,0.6076190476190475,0.8009523809523809,0.19333333333333336,0.8933333333333333,0.92,0.026666666666666727,0.7142857142857143,0.8809523809523809,0.16666666666666663,32,29
40,43.37920697490936,1.6372816083151283,legacy67,minmax,0.6076190476190475,0.8009523809523809,0.19333333333333336,0.8933333333333333,0.92,0.026666666666666727,0.7142857142857143,0.8809523809523809,0.16666666666666663,32,29
40,48.69640941520897,1.6874969400924673,legacy67,minmax,0.6076190476190475,0.8009523809523809,0.19333333333333336,0.8933333333333333,0.92,0.026666666666666727,0.7142857142857143,0.8809523809523809,0.16666666666666663,32,30
40,57.279044707996185,1.7579957662567565,legacy67,minmax,0.6076190476190475,0.8009523809523809,0.19333333333333336,0.8933333333333333,0.92,0.026666666666666727,0.7142857142857143,0.8809523809523809,0.16666666666666663,32,31
40,62.45139574743064,1.795542149013333,legacy67,minmax,0.6076190476190475,0.8009523809523809,0.19333333333333336,0.8933333333333333,0.92,0.026666666666666727,0.7142857142857143,0.8809523809523809,0.16666666666666663,32,31
40,63.512210106406926,1.8028572256396647,legacy67,minmax,0.6076190476190475,0.8009523809523809,0.19333333333333336,0.8933333333333333,0.92,0.026666666666666727,0.7142857142857143,0.8809523809523809,0.16666666666666663,32,31
40,72.86653737491037,1.8625281322982374,legacy67,minmax,0.6076190476190475,0.8009523809523809,0.19333333333333336,0.8933333333333333,0.92,0.026666666666666727,0.7142857142857143,0.8809523809523809,0.16666666666666663,32,32
40,75.56810141274423,1.8783385110582342,legacy67,minmax,0.6076190476190475,0.8009523809523809,0.19333333333333336,0.8933333333333333,0.92,0.026666666666666727,0.7142857142857143,0.8809523809523809,0.16666666666666663,33,32
40,75.79479953347995,1.8796394086479773,legacy67,minmax,0.6076190476190475,0.8009523809523809,0.19333333333333336,0.8933333333333333,0.92,0.026666666666666727,0.7142857142857143,0.8809523809523809,0.16666666666666663,33,32
40,88.62326508576248,1.9475477464020692,legacy67,minmax,0.6076190476190475,0.8009523809523809,0.19333333333333336,0.8933333333333333,0.92,0.026666666666666727,0.7142857142857143,0.8809523809523809,0.16666666666666663,33,32
41,0.010521761868451128,-1.9779115315055904,legacy67,minmax,0.0,0.0,0.0,1.0,1.0,0.0,0.0,0.0,0.0,0,0
41,0.012087541473056955,-1.9176620228167902,legacy67,minmax,0.0,0.0,0.0,1.0,1.0,0.0,0.0,0.0,0.0,0,0
41,0.01263794633808287,-1.8983234930236192,legacy67,minmax,0.0,0.0,0.0,1.0,1.0,0.0,0.0,0.0,0.0,0,0
41,0.013726318898045865,-1.8624459155391264,legacy67,minmax,0.0,0.0,0.0,1.0,1.0,0.0,0.0,0.0,0.0,0,0
41,0.0151673306880762,-1.8190908443578477,legacy67,minmax,0.0,0.0,0.0,1.0,1.0,0.0,0.0,0.0,0.0,0,0
41,0.015339162591163618,-1.814198349120009,legacy67,minmax,0.0,0.0,0.0,1.0,1.0,0.0,0.0,0.0,0.0,0,0
41,0.017073967431528118,-1.7676655513272022,legacy67,minmax,0.0,0.0,0.0,1.0,1.0,0.0,0.0,0.0,0.0,0,0
41,0.017956984225677628,-1.7457665988559055,legacy67,minmax,0.0,0.0,0.0,1.0,1.0,0.0,0.0,0.0,0.0,0,0
41,0.018205657658407252,-1.739793628058882,legacy67,minmax,0.0,0.0,0.0,1.0,1.0,0.0,0.0,0.0,0.0,0,0
41,0.019777828512462715,-1.7038213930636386,legacy67,minmax,0.0,0.0,0.0,1.0,1.0,0.0,0.0,0.0,0.0,3,1
41,0.01987021538542862,-1.7017974252809167,legacy67,minmax,0.0,0.0,0.0,1.0,1.0,0.0,0.0,0.0,0.0,3,1
41,0.022592797420156945,-1.646029991792322,legacy67,minmax,0.2142857142857142,0.0,-0.2142857142857142,1.0,1.0,0.0,0.21428571428571427,0.0,-0.21428571428571427,4,1
41,0.024586032763280048,-1.6093115439744645,legacy67,minmax,0.2857142857142856,0.45238095238095233,0.16666666666666674,1.0,1.0,0.0,0.2857142857142857,0.4523809523809524,0.16666666666666669,4,2
41,0.027012557725439066,-1.5684342920267822,legacy67,minmax,0.33333333333333326,0.5952380952380953,0.2619047619047621,1.0,1.0,0.0,0.3333333333333333,0.5952380952380952,0.2619047619047619,4,2
41,0.029072088906598435,-1.5365237618994811,legacy67,minmax,0.3571428571428572,0.5952380952380953,0.23809523809523814,1.0,1.0,0.0,0.35714285714285715,0.5952380952380952,0.23809523809523808,4,2
41,0.030086868214458433,-1.5216230162467932,legacy67,minmax,0.3571428571428572,0.5952380952380953,0.23809523809523814,1.0,1.0,0.0,0.35714285714285715,0.5952380952380952,0.23809523809523808,4,2
41,0.030771802712506853,-1.5118470606208847,legacy67,minmax,0.38095238095238093,0.5952380952380953,0.2142857142857144,1.0,1.0,0.0,0.38095238095238093,0.5952380952380952,0.2142857142857143,4,2
41,0.036138942712165265,-1.4420245573918327,legacy67,minmax,0.6190476190476191,0.5952380952380953,-0.023809523809523725,1.0,1.0,0.0,0.6190476190476191,0.5952380952380952,-0.023809523809523836,4,2
41,0.03661819220392428,-1.4363031001009494,legacy67,minmax,0.6190476190476191,0.5952380952380953,-0.023809523809523725,1.0,1.0,0.0,0.6190476190476191,0.5952380952380952,-0.023809523809523836,4,2
41,0.04207053950287936,-1.3760219186551894,legacy67,minmax,0.6190476190476191,0.6190476190476191,0.0,1.0,1.0,0.0,0.6190476190476191,0.6190476190476191,0.0,4,3
41,0.04207988669606635,-1.375925438230254,legacy67,minmax,0.6190476190476191,0.6190476190476191,0.0,1.0,1.0,0.0,0.6190476190476191,0.6190476190476191,0.0,4,3
41,0.04809461967501572,-1.3179035052508339,legacy67,minmax,0.6904761904761905,0.6666666666666665,-0.023809523809523947,1.0,1.0,0.0,0.6904761904761905,0.6666666666666666,-0.023809523809523836,5,3
41,0.05337032762603955,-1.2727001311715975,legacy67,minmax,0.6666666666666665,0.6666666666666665,0.0,1.0,1.0,0.0,0.6666666666666666,0.6666666666666666,0.0,5,3
41,0.05415244119402536,-1.2663819605862647,legacy67,minmax,0.6666666666666665,0.6666666666666665,0.0,1.0,1.0,0.0,0.6666666666666666,0.6666666666666666,0.0,5,3
41,0.05488047000766042,-1.2605821778978918,legacy67,minmax,0.6666666666666665,0.6666666666666665,0.0,1.0,1.0,0.0,0.6666666666666666,0.6666666666666666,0.0,5,3
41,0.060803901902965994,-1.2160685503234192,legacy67,minmax,0.6904761904761905,0.6666666666666665,-0.023809523809523947,1.0,1.0,0.0,0.6904761904761905,0.6666666666666666,-0.023809523809523836,6,3
41,0.06235377135673155,-1.2051372738633104,legacy67,minmax,0.6904761904761905,0.6666666666666665,-0.023809523809523947,1.0,1.0,0.0,0.6904761904761905,0.6666666666666666,-0.023809523809523836,6,3
41,0.06290644294586147,-1.201304871366561,legacy67,minmax,0.6904761904761905,0.6666666666666665,-0.023809523809523947,1.0,1.0,0.0,0.6904761904761905,0.6666666666666666,-0.023809523809523836,6,3
41,0.07068974950624601,-1.1506435572868954,legacy67,minmax,0.677142857142857,0.6666666666666665,-0.010476190476190528,0.9866666666666667,1.0,0.013333333333333308,0.6904761904761905,0.6666666666666666,-0.023809523809523836,6,4
41,0.10842262717330158,-0.9648800735999323,legacy67,minmax,0.700952380952381,0.7857142857142856,0.0847619047619046,0.9866666666666667,1.0,0.013333333333333308,0.7142857142857143,0.7857142857142857,0.0714285714285714,10,8
41,0.12172958098369964,-0.9146038729044164,legacy67,minmax,0.700952380952381,0.7857142857142856,0.0847619047619046,0.9866666666666667,1.0,0.013333333333333308,0.7142857142857143,0.7857142857142857,0.0714285714285714,11,8
41,0.1329652145729951,-0.876261961250477,legacy67,minmax,0.677142857142857,0.7857142857142856,0.10857142857142854,0.9866666666666667,1.0,0.013333333333333308,0.6904761904761905,0.7857142857142857,0.09523809523809523,13,9
41,0.14618962793704957,-0.8350834392078323,legacy67,minmax,0.700952380952381,0.8571428571428572,0.1561904761904762,0.9866666666666667,1.0,0.013333333333333308,0.7142857142857143,0.8571428571428571,0.1428571428571428,13,9
41,0.14742753159914665,-0.8314214058591274,legacy67,minmax,0.700952380952381,0.8571428571428572,0.1561904761904762,0.9866666666666667,1.0,0.013333333333333308,0.7142857142857143,0.8571428571428571,0.1428571428571428,13,9
41,0.16480446427978968,-0.7830310281618491,legacy67,minmax,0.7247619047619049,0.8571428571428572,0.13238095238095227,0.9866666666666667,1.0,0.013333333333333308,0.7380952380952381,0.8571428571428571,0.11904761904761896,13,10
41,0.16536937182824418,-0.7815449233065173,legacy67,minmax,0.7247619047619049,0.8571428571428572,0.13238095238095227,0.9866666666666667,1.0,0.013333333333333308,0.7380952380952381,0.8571428571428571,0.11904761904761896,13,10
41,0.1753594952976441,-0.7560707131373512,legacy67,minmax,0.7485714285714287,0.8571428571428572,0.10857142857142854,0.9866666666666667,1.0,0.013333333333333308,0.7619047619047619,0.8571428571428571,0.09523809523809523,13,10
41,0.17654048052495064,-0.7531556956423562,legacy67,minmax,0.7485714285714287,0.8571428571428572,0.10857142857142854,0.9866666666666667,1.0,0.013333333333333308,0.7619047619047619,0.8571428571428571,0.09523809523809523,13,10
41,0.1998634077852887,-0.6992667118930118,legacy67,minmax,0.7247619047619049,0.8571428571428572,0.13238095238095227,0.9866666666666667,1.0,0.013333333333333308,0.7380952380952381,0.8571428571428571,0.11904761904761896,14,10
41,0.2001342062287997,-0.6986786769469426,legacy67,minmax,0.7247619047619049,0.8571428571428572,0.13238095238095227,0.9866666666666667,1.0,0.013333333333333308,0.7380952380952381,0.8571428571428571,0.11904761904761896,14,10
41,0.21066486017042194,-0.6764079005894033,legacy67,minmax,0.7247619047619049,0.8571428571428572,0.13238095238095227,0.9866666666666667,1.0,0.013333333333333308,0.7380952380952381,0.8571428571428571,0.11904761904761896,14,10
41,0.2673088310781669,-0.5729866932256429,legacy67,minmax,0.7247619047619049,0.8571428571428572,0.13238095238095227,0.9866666666666667,1.0,0.013333333333333308,0.7380952380952381,0.8571428571428571,0.11904761904761896,17,11
41,0.2715581955282939,-0.5661370858229096,legacy67,minmax,0.7247619047619049,0.8571428571428572,0.13238095238095227,0.9866666666666667,1.0,0.013333333333333308,0.7380952380952381,0.8571428571428571,0.11904761904761896,17,11
41,0.292043384718141,-0.5345526268252332,legacy67,minmax,0.700952380952381,0.8571428571428572,0.1561904761904762,0.9866666666666667,1.0,0.013333333333333308,0.7142857142857143,0.8571428571428571,0.1428571428571428,18,11
41,0.314891164795686,-0.50183952461055,legacy67,minmax,0.700952380952381,0.8571428571428572,0.1561904761904762,0.9866666666666667,1.0,0.013333333333333308,0.7142857142857143,0.8571428571428571,0.1428571428571428,18,11
41,0.35868164986275475,-0.44529084124207197,legacy67,minmax,0.700952380952381,0.8571428571428572,0.1561904761904762,0.9866666666666667,1.0,0.013333333333333308,0.7142857142857143,0.8571428571428571,0.1428571428571428,18,11
41,0.5130551760589832,-0.2898359265658015,legacy67,minmax,0.677142857142857,0.8571428571428572,0.18000000000000016,0.9866666666666667,1.0,0.013333333333333308,0.6904761904761905,0.8571428571428571,0.16666666666666663,21,11
41,0.5342937261279772,-0.27221992543153695,legacy67,minmax,0.677142857142857,0.8571428571428572,0.18000000000000016,0.9866666666666667,1.0,0.013333333333333308,0.6904761904761905,0.8571428571428571,0.16666666666666663,21,11
41,0.5762487216478598,-0.23939002504159476,legacy67,minmax,0.700952380952381,0.8571428571428572,0.1561904761904762,0.9866666666666667,1.0,0.013333333333333308,0.7142857142857143,0.8571428571428571,0.1428571428571428,21,11
41,0.6672367170464204,-0.17572006313185626,legacy67,minmax,0.700952380952381,0.8571428571428572,0.1561904761904762,0.9866666666666667,1.0,0.013333333333333308,0.7142857142857143,0.8571428571428571,0.1428571428571428,22,10
41,0.7742116473996242,-0.1111402993522028,legacy67,minmax,0.7247619047619049,0.8809523809523809,0.156190476190476,0.9866666666666667,1.0,0.013333333333333308,0.7380952380952381,0.8809523809523809,0.1428571428571428,23,10
41,0.9444574254983555,-0.02481761454243703,legacy67,minmax,0.7247619047619049,0.8676190476190477,0.1428571428571428,0.9866666666666667,0.9866666666666667,0.0,0.7380952380952381,0.8809523809523809,0.1428571428571428,25,10
41,0.9565499215943818,-0.019292359554919238,legacy67,minmax,0.7247619047619049,0.8676190476190477,0.1428571428571428,0.9866666666666667,0.9866666666666667,0.0,0.7380952380952381,0.8809523809523809,0.1428571428571428,25,10
41,1.1400863701127315,0.0569377536544464,legacy67,minmax,0.7247619047619049,0.8676190476190477,0.1428571428571428,0.9866666666666667,0.9866666666666667,0.0,0.7380952380952381,0.8809523809523809,0.1428571428571428,27,10
41,1.2030178871154662,0.08027208471124325,legacy67,minmax,0.7247619047619049,0.8676190476190477,0.1428571428571428,0.9866666666666667,0.9866666666666667,0.0,0.7380952380952381,0.8809523809523809,0.1428571428571428,27,10
41,1.2329098365270508,0.0909313175279762,legacy67,minmax,0.700952380952381,0.8676190476190477,0.16666666666666674,0.9866666666666667,0.9866666666666667,0.0,0.7142857142857143,0.8809523809523809,0.16666666666666663,27,10
41,1.2561043700013554,0.09902572652895136,legacy67,minmax,0.700952380952381,0.8676190476190477,0.16666666666666674,0.9866666666666667,0.9866666666666667,0.0,0.7142857142857143,0.8809523809523809,0.16666666666666663,27,10
41,1.4817820606039076,0.17078433263299386,legacy67,minmax,0.700952380952381,0.8676190476190477,0.16666666666666674,0.9866666666666667,0.9866666666666667,0.0,0.7142857142857143,0.8809523809523809,0.16666666666666663,26,10
41,1.5375920235481748,0.1868411173731186,legacy67,minmax,0.700952380952381,0.8676190476190477,0.16666666666666674,0.9866666666666667,0.9866666666666667,0.0,0.7142857142857143,0.8809523809523809,0.16666666666666663,27,10
41,1.7583640270008503,0.24510879027798493,legacy67,minmax,0.700952380952381,0.8676190476190477,0.16666666666666674,0.9866666666666667,0.9866666666666667,0.0,0.7142857142857143,0.8809523809523809,0.16666666666666663,28,10
41,2.34238498471129,0.36965827544816987,legacy67,minmax,0.677142857142857,0.8676190476190477,0.1904761904761907,0.9866666666666667,0.9866666666666667,0.0,0.6904761904761905,0.8809523809523809,0.19047619047619047,30,10
41,2.4637685958997446,0.39159991524434057,legacy67,minmax,0.677142857142857,0.8676190476190477,0.1904761904761907,0.9866666666666667,0.9866666666666667,0.0,0.6904761904761905,0.8809523809523809,0.19047619047619047,30,10
41,2.4810409748678097,0.3946339367881464,legacy67,minmax,0.677142857142857,0.8676190476190477,0.1904761904761907,0.9866666666666667,0.9866666666666667,0.0,0.6904761904761905,0.8809523809523809,0.19047619047619047,30,10
41,2.5378155082656626,0.40446004697283516,legacy67,minmax,0.677142857142857,0.8676190476190477,0.1904761904761907,0.9866666666666667,0.9866666666666667,0.0,0.6904761904761905,0.8809523809523809,0.19047619047619047,30,10
41,2.692646910086177,0.43017940760575346,legacy67,minmax,0.677142857142857,0.8676190476190477,0.1904761904761907,0.9866666666666667,0.9866666666666667,0.0,0.6904761904761905,0.8809523809523809,0.19047619047619047,30,10
41,2.801635158716258,0.4474115788895179,legacy67,minmax,0.677142857142857,0.8676190476190477,0.1904761904761907,0.9866666666666667,0.9866666666666667,0.0,0.6904761904761905,0.8809523809523809,0.19047619047619047,30,10
41,3.113095956122122,0.4931925073102317,legacy67,minmax,0.700952380952381,0.8676190476190477,0.16666666666666674,0.9866666666666667,0.9866666666666667,0.0,0.7142857142857143,0.8809523809523809,0.16666666666666663,30,10
41,3.550012525851159,0.5502298854208525,legacy67,minmax,0.700952380952381,0.8676190476190477,0.16666666666666674,0.9866666666666667,0.9866666666666667,0.0,0.7142857142857143,0.8809523809523809,0.16666666666666663,32,10
41,4.467752817973904,0.6500891374159279,legacy67,minmax,0.677142857142857,0.8676190476190477,0.1904761904761907,0.9866666666666667,0.9866666666666667,0.0,0.6904761904761905,0.8809523809523809,0.19047619047619047,33,10
41,5.456725485601473,0.7369321060486276,legacy67,minmax,0.677142857142857,0.8676190476190477,0.1904761904761907,0.9866666666666667,0.9866666666666667,0.0,0.6904761904761905,0.8809523809523809,0.19047619047619047,33,11
41,6.72093005015611,0.8274293753904685,legacy67,minmax,0.700952380952381,0.8676190476190477,0.16666666666666674,0.9866666666666667,0.9866666666666667,0.0,0.7142857142857143,0.8809523809523809,0.16666666666666663,33,10
41,6.7965780907581514,0.832290311184182,legacy67,minmax,0.700952380952381,0.8676190476190477,0.16666666666666674,0.9866666666666667,0.9866666666666667,0.0,0.7142857142857143,0.8809523809523809,0.16666666666666663,33,10
41,7.128188058401357,0.85297914889198,legacy67,minmax,0.700952380952381,0.8676190476190477,0.16666666666666674,0.9866666666666667,0.9866666666666667,0.0,0.7142857142857143,0.8809523809523809,0.16666666666666663,33,10
41,8.241925264876443,0.9160286721639492,legacy67,minmax,0.700952380952381,0.8676190476190477,0.16666666666666674,0.9866666666666667,0.9866666666666667,0.0,0.7142857142857143,0.8809523809523809,0.16666666666666663,33,10
41,8.287522363768153,0.9184247133522563,legacy67,minmax,0.700952380952381,0.8676190476190477,0.16666666666666674,0.9866666666666667,0.9866666666666667,0.0,0.7142857142857143,0.8809523809523809,0.16666666666666663,33,11
41,8.471801418819974,0.9279757672456204,legacy67,minmax,0.700952380952381,0.8676190476190477,0.16666666666666674,0.9866666666666667,0.9866666666666667,0.0,0.7142857142857143,0.8809523809523809,0.16666666666666663,33,10
41,11.044350847124681,1.0431401944675898,legacy67,minmax,0.700952380952381,0.8409523809523809,0.1399999999999999,0.9866666666666667,0.96,-0.026666666666666727,0.7142857142857143,0.8809523809523809,0.16666666666666663,33,25
41,12.130221181165155,1.083868719818244,legacy67,minmax,0.677142857142857,0.8409523809523809,0.16380952380952385,0.9866666666666667,0.96,-0.026666666666666727,0.6904761904761905,0.8809523809523809,0.19047619047619047,33,25
41,12.164139351417056,1.085081386743783,legacy67,minmax,0.677142857142857,0.8409523809523809,0.16380952380952385,0.9866666666666667,0.96,-0.026666666666666727,0.6904761904761905,0.8809523809523809,0.19047619047619047,33,25
41,12.273800987852958,1.0889790771866297,legacy67,minmax,0.677142857142857,0.8409523809523809,0.16380952380952385,0.9866666666666667,0.96,-0.026666666666666727,0.6904761904761905,0.8809523809523809,0.19047619047619047,33,25
41,12.604664585649452,1.1005312934444582,legacy67,minmax,0.677142857142857,0.8409523809523809,0.16380952380952385,0.9866666666666667,0.96,-0.026666666666666727,0.6904761904761905,0.8809523809523809,0.19047619047619047,33,25
41,13.826232179369853,1.1407038455720544,legacy67,minmax,0.677142857142857,0.8409523809523809,0.16380952380952385,0.9866666666666667,0.96,-0.026666666666666727,0.6904761904761905,0.8809523809523809,0.19047619047619047,33,25
41,16.172900811143133,1.2087879230161587,legacy67,minmax,0.677142857142857,0.8409523809523809,0.16380952380952385,0.9866666666666667,0.96,-0.026666666666666727,0.6904761904761905,0.8809523809523809,0.19047619047619047,32,25
41,17.123375973163967,1.2335893924658445,legacy67,minmax,0.677142857142857,0.8409523809523809,0.16380952380952385,0.9866666666666667,0.96,-0.026666666666666727,0.6904761904761905,0.8809523809523809,0.19047619047619047,32,25
41,18.274508859816006,1.2618457138193366,legacy67,minmax,0.677142857142857,0.8409523809523809,0.16380952380952385,0.9866666666666667,0.96,-0.026666666666666727,0.6904761904761905,0.8809523809523809,0.19047619047619047,32,25
41,20.65142557895924,1.3149500366077174,legacy67,minmax,0.700952380952381,0.8409523809523809,0.1399999999999999,0.9866666666666667,0.96,-0.026666666666666727,0.7142857142857143,0.8809523809523809,0.16666666666666663,32,25
41,21.36832907235874,1.329770563201687,legacy67,minmax,0.677142857142857,0.8409523809523809,0.16380952380952385,0.9866666666666667,0.96,-0.026666666666666727,0.6904761904761905,0.8809523809523809,0.19047619047619047,32,25
41,28.340904295147727,1.452413703502374,legacy67,minmax,0.677142857142857,0.8409523809523809,0.16380952380952385,0.9866666666666667,0.96,-0.026666666666666727,0.6904761904761905,0.8809523809523809,0.19047619047619047,33,25
41,29.154431891537524,1.4647045830997407,legacy67,minmax,0.677142857142857,0.8409523809523809,0.16380952380952385,0.9866666666666667,0.96,-0.026666666666666727,0.6904761904761905,0.8809523809523809,0.19047619047619047,33,25
41,35.387588647792384,1.5488509703053062,legacy67,minmax,0.677142857142857,0.8409523809523809,0.16380952380952385,0.9866666666666667,0.96,-0.026666666666666727,0.6904761904761905,0.8809523809523809,0.19047619047619047,33,26
41,37.95853142670639,1.5793094017105953,legacy67,minmax,0.677142857142857,0.8409523809523809,0.16380952380952385,0.9866666666666667,0.96,-0.026666666666666727,0.6904761904761905,0.8809523809523809,0.19047619047619047,33,26
41,43.37920697490936,1.6372816083151283,legacy67,minmax,0.677142857142857,0.8409523809523809,0.16380952380952385,0.9866666666666667,0.96,-0.026666666666666727,0.6904761904761905,0.8809523809523809,0.19047619047619047,33,26
41,48.69640941520897,1.6874969400924673,legacy67,minmax,0.677142857142857,0.8409523809523809,0.16380952380952385,0.9866666666666667,0.96,-0.026666666666666727,0.6904761904761905,0.8809523809523809,0.19047619047619047,33,26
41,57.279044707996185,1.7579957662567565,legacy67,minmax,0.677142857142857,0.8409523809523809,0.16380952380952385,0.9866666666666667,0.96,-0.026666666666666727,0.6904761904761905,0.8809523809523809,0.19047619047619047,33,26
41,62.45139574743064,1.795542149013333,legacy67,minmax,0.677142857142857,0.8409523809523809,0.16380952380952385,0.9866666666666667,0.96,-0.026666666666666727,0.6904761904761905,0.8809523809523809,0.19047619047619047,33,26
41,63.512210106406926,1.8028572256396647,legacy67,minmax,0.677142857142857,0.8409523809523809,0.16380952380952385,0.9866666666666667,0.96,-0.026666666666666727,0.6904761904761905,0.8809523809523809,0.19047619047619047,33,26
41,72.86653737491037,1.8625281322982374,legacy67,minmax,0.677142857142857,0.8409523809523809,0.16380952380952385,0.9866666666666667,0.96,-0.026666666666666727,0.6904761904761905,0.8809523809523809,0.19047619047619047,33,26
41,75.56810141274423,1.8783385110582342,legacy67,minmax,0.677142857142857,0.8409523809523809,0.16380952380952385,0.9866666666666667,0.96,-0.026666666666666727,0.6904761904761905,0.8809523809523809,0.19047619047619047,33,26
41,75.79479953347995,1.8796394086479773,legacy67,minmax,0.677142857142857,0.8409523809523809,0.16380952380952385,0.9866666666666667,0.96,-0.026666666666666727,0.6904761904761905,0.8809523809523809,0.19047619047619047,33,26
41,88.62326508576248,1.9475477464020692,legacy67,minmax,0.677142857142857,0.8276190476190477,0.15047619047619065,0.9866666666666667,0.9466666666666667,-0.040000000000000036,0.6904761904761905,0.8809523809523809,0.19047619047619047,33,30
42,0.010521761868451128,-1.9779115315055904,legacy67,minmax,0.0,0.0,0.0,1.0,1.0,0.0,0.0,0.0,0.0,0,0
42,0.012087541473056955,-1.9176620228167902,legacy67,minmax,0.0,0.0,0.0,1.0,1.0,0.0,0.0,0.0,0.0,0,0
42,0.01263794633808287,-1.8983234930236192,legacy67,minmax,0.0,0.0,0.0,1.0,1.0,0.0,0.0,0.0,0.0,0,0
42,0.013726318898045865,-1.8624459155391264,legacy67,minmax,0.0,0.0,0.0,1.0,1.0,0.0,0.0,0.0,0.0,0,0
42,0.0151673306880762,-1.8190908443578477,legacy67,minmax,0.0,0.0,0.0,1.0,1.0,0.0,0.0,0.0,0.0,0,0
42,0.015339162591163618,-1.814198349120009,legacy67,minmax,0.0,0.0,0.0,1.0,1.0,0.0,0.0,0.0,0.0,0,0
42,0.017073967431528118,-1.7676655513272022,legacy67,minmax,0.0,0.0,0.0,1.0,1.0,0.0,0.0,0.0,0.0,1,0
42,0.017956984225677628,-1.7457665988559055,legacy67,minmax,0.0,0.0,0.0,1.0,1.0,0.0,0.0,0.0,0.0,1,0
42,0.018205657658407252,-1.739793628058882,legacy67,minmax,0.0,0.0,0.0,1.0,1.0,0.0,0.0,0.0,0.0,1,1
42,0.019777828512462715,-1.7038213930636386,legacy67,minmax,0.0714285714285714,0.0,-0.0714285714285714,1.0,1.0,0.0,0.07142857142857142,0.0,-0.07142857142857142,3,2
42,0.01987021538542862,-1.7017974252809167,legacy67,minmax,0.09523809523809534,0.0,-0.09523809523809534,1.0,1.0,0.0,0.09523809523809523,0.0,-0.09523809523809523,3,2
42,0.022592797420156945,-1.646029991792322,legacy67,minmax,0.16666666666666674,0.3571428571428572,0.19047619047619047,1.0,1.0,0.0,0.16666666666666666,0.35714285714285715,0.1904761904761905,3,2
42,0.024586032763280048,-1.6093115439744645,legacy67,minmax,0.19047619047619047,0.3571428571428572,0.16666666666666674,1.0,1.0,0.0,0.19047619047619047,0.35714285714285715,0.16666666666666669,3,2
42,0.027012557725439066,-1.5684342920267822,legacy67,minmax,0.19047619047619047,0.3571428571428572,0.16666666666666674,1.0,1.0,0.0,0.19047619047619047,0.35714285714285715,0.16666666666666669,3,2
42,0.029072088906598435,-1.5365237618994811,legacy67,minmax,0.23809523809523814,0.3571428571428572,0.11904761904761907,1.0,1.0,0.0,0.23809523809523808,0.35714285714285715,0.11904761904761907,3,2
42,0.030086868214458433,-1.5216230162467932,legacy67,minmax,0.26190476190476186,0.3571428571428572,0.09523809523809534,1.0,1.0,0.0,0.2619047619047619,0.35714285714285715,0.09523809523809523,3,2
42,0.030771802712506853,-1.5118470606208847,legacy67,minmax,0.26190476190476186,0.40476190476190466,0.1428571428571428,1.0,1.0,0.0,0.2619047619047619,0.40476190476190477,0.14285714285714285,3,2
42,0.036138942712165265,-1.4420245573918327,legacy67,minmax,0.40476190476190466,0.6428571428571428,0.23809523809523814,1.0,1.0,0.0,0.40476190476190477,0.6428571428571429,0.23809523809523814,3,2
42,0.03661819220392428,-1.4363031001009494,legacy67,minmax,0.40476190476190466,0.6428571428571428,0.23809523809523814,1.0,1.0,0.0,0.40476190476190477,0.6428571428571429,0.23809523809523814,3,2
42,0.04207053950287936,-1.3760219186551894,legacy67,minmax,0.45238095238095233,0.6428571428571428,0.19047619047619047,1.0,1.0,0.0,0.4523809523809524,0.6428571428571429,0.19047619047619052,3,3
42,0.04207988669606635,-1.375925438230254,legacy67,minmax,0.45238095238095233,0.6428571428571428,0.19047619047619047,1.0,1.0,0.0,0.4523809523809524,0.6428571428571429,0.19047619047619052,3,3
42,0.04809461967501572,-1.3179035052508339,legacy67,minmax,0.5952380952380953,0.6428571428571428,0.04761904761904745,1.0,1.0,0.0,0.5952380952380952,0.6428571428571429,0.04761904761904767,3,3
42,0.05337032762603955,-1.2727001311715975,legacy67,minmax,0.6190476190476191,0.6428571428571428,0.023809523809523725,1.0,1.0,0.0,0.6190476190476191,0.6428571428571429,0.023809523809523836,3,3
42,0.05415244119402536,-1.2663819605862647,legacy67,minmax,0.6190476190476191,0.6428571428571428,0.023809523809523725,1.0,1.0,0.0,0.6190476190476191,0.6428571428571429,0.023809523809523836,3,3
42,0.05488047000766042,-1.2605821778978918,legacy67,minmax,0.6190476190476191,0.6428571428571428,0.023809523809523725,1.0,1.0,0.0,0.6190476190476191,0.6428571428571429,0.023809523809523836,3,4
42,0.060803901902965994,-1.2160685503234192,legacy67,minmax,0.6190476190476191,0.6428571428571428,0.023809523809523725,1.0,1.0,0.0,0.6190476190476191,0.6428571428571429,0.023809523809523836,5,6
42,0.06235377135673155,-1.2051372738633104,legacy67,minmax,0.6190476190476191,0.6428571428571428,0.023809523809523725,1.0,1.0,0.0,0.6190476190476191,0.6428571428571429,0.023809523809523836,5,6
42,0.06290644294586147,-1.201304871366561,legacy67,minmax,0.6190476190476191,0.6428571428571428,0.023809523809523725,1.0,1.0,0.0,0.6190476190476191,0.6428571428571429,0.023809523809523836,5,6
42,0.07068974950624601,-1.1506435572868954,legacy67,minmax,0.6190476190476191,0.6428571428571428,0.023809523809523725,1.0,1.0,0.0,0.6190476190476191,0.6428571428571429,0.023809523809523836,6,7
42,0.10842262717330158,-0.9648800735999323,legacy67,minmax,0.6400000000000001,0.6428571428571428,0.0028571428571426694,0.9733333333333334,1.0,0.026666666666666616,0.6666666666666666,0.6428571428571429,-0.023809523809523725,9,7
42,0.12172958098369964,-0.9146038729044164,legacy67,minmax,0.6400000000000001,0.6666666666666665,0.026666666666666394,0.9733333333333334,1.0,0.026666666666666616,0.6666666666666666,0.6666666666666666,0.0,10,7
42,0.1329652145729951,-0.876261961250477,legacy67,minmax,0.6161904761904764,0.6666666666666665,0.05047619047619012,0.9733333333333334,1.0,0.026666666666666616,0.6428571428571429,0.6666666666666666,0.023809523809523725,10,7
42,0.14618962793704957,-0.8350834392078323,legacy67,minmax,0.6400000000000001,0.6666666666666665,0.026666666666666394,0.9733333333333334,1.0,0.026666666666666616,0.6666666666666666,0.6666666666666666,0.0,10,7
42,0.14742753159914665,-0.8314214058591274,legacy67,minmax,0.6400000000000001,0.6666666666666665,0.026666666666666394,0.9733333333333334,1.0,0.026666666666666616,0.6666666666666666,0.6666666666666666,0.0,10,7
42,0.16480446427978968,-0.7830310281618491,legacy67,minmax,0.6400000000000001,0.6666666666666665,0.026666666666666394,0.9733333333333334,1.0,0.026666666666666616,0.6666666666666666,0.6666666666666666,0.0,11,6
42,0.16536937182824418,-0.7815449233065173,legacy67,minmax,0.6400000000000001,0.6666666666666665,0.026666666666666394,0.9733333333333334,1.0,0.026666666666666616,0.6666666666666666,0.6666666666666666,0.0,11,6
42,0.1753594952976441,-0.7560707131373512,legacy67,minmax,0.6400000000000001,0.6666666666666665,0.026666666666666394,0.9733333333333334,1.0,0.026666666666666616,0.6666666666666666,0.6666666666666666,0.0,12,6
42,0.17654048052495064,-0.7531556956423562,legacy67,minmax,0.6400000000000001,0.6666666666666665,0.026666666666666394,0.9733333333333334,1.0,0.026666666666666616,0.6666666666666666,0.6666666666666666,0.0,12,6
42,0.1998634077852887,-0.6992667118930118,legacy67,minmax,0.6400000000000001,0.7961904761904761,0.156190476190476,0.9733333333333334,0.9866666666666667,0.013333333333333308,0.6666666666666666,0.8095238095238095,0.1428571428571429,13,6
42,0.2001342062287997,-0.6986786769469426,legacy67,minmax,0.6400000000000001,0.7961904761904761,0.156190476190476,0.9733333333333334,0.9866666666666667,0.013333333333333308,0.6666666666666666,0.8095238095238095,0.1428571428571429,13,6
42,0.21066486017042194,-0.6764079005894033,legacy67,minmax,0.6400000000000001,0.7961904761904761,0.156190476190476,0.9733333333333334,0.9866666666666667,0.013333333333333308,0.6666666666666666,0.8095238095238095,0.1428571428571429,13,6
42,0.2673088310781669,-0.5729866932256429,legacy67,minmax,0.6400000000000001,0.7961904761904761,0.156190476190476,0.9733333333333334,0.9866666666666667,0.013333333333333308,0.6666666666666666,0.8095238095238095,0.1428571428571429,15,6
42,0.2715581955282939,-0.5661370858229096,legacy67,minmax,0.6400000000000001,0.7961904761904761,0.156190476190476,0.9733333333333334,0.9866666666666667,0.013333333333333308,0.6666666666666666,0.8095238095238095,0.1428571428571429,15,6
42,0.292043384718141,-0.5345526268252332,legacy67,minmax,0.6400000000000001,0.7961904761904761,0.156190476190476,0.9733333333333334,0.9866666666666667,0.013333333333333308,0.6666666666666666,0.8095238095238095,0.1428571428571429,16,6
42,0.314891164795686,-0.50183952461055,legacy67,minmax,0.6400000000000001,0.7961904761904761,0.156190476190476,0.9733333333333334,0.9866666666666667,0.013333333333333308,0.6666666666666666,0.8095238095238095,0.1428571428571429,16,6
42,0.35868164986275475,-0.44529084124207197,legacy67,minmax,0.6400000000000001,0.7961904761904761,0.156190476190476,0.9733333333333334,0.9866666666666667,0.013333333333333308,0.6666666666666666,0.8095238095238095,0.1428571428571429,17,6
42,0.5130551760589832,-0.2898359265658015,legacy67,minmax,0.637142857142857,0.7961904761904761,0.1590476190476191,0.9466666666666667,0.9866666666666667,0.040000000000000036,0.6904761904761905,0.8095238095238095,0.11904761904761907,20,6
42,0.5342937261279772,-0.27221992543153695,legacy67,minmax,0.637142857142857,0.7961904761904761,0.1590476190476191,0.9466666666666667,0.9866666666666667,0.040000000000000036,0.6904761904761905,0.8095238095238095,0.11904761904761907,21,6
42,0.5762487216478598,-0.23939002504159476,legacy67,minmax,0.637142857142857,0.7961904761904761,0.1590476190476191,0.9466666666666667,0.9866666666666667,0.040000000000000036,0.6904761904761905,0.8095238095238095,0.11904761904761907,22,6
42,0.6672367170464204,-0.17572006313185626,legacy67,minmax,0.637142857142857,0.7961904761904761,0.1590476190476191,0.9466666666666667,0.9866666666666667,0.040000000000000036,0.6904761904761905,0.8095238095238095,0.11904761904761907,23,6
42,0.7742116473996242,-0.1111402993522028,legacy67,minmax,0.6504761904761904,0.7961904761904761,0.14571428571428569,0.96,0.9866666666666667,0.026666666666666727,0.6904761904761905,0.8095238095238095,0.11904761904761907,22,6
42,0.9444574254983555,-0.02481761454243703,legacy67,minmax,0.6504761904761904,0.8200000000000001,0.16952380952380963,0.96,0.9866666666666667,0.026666666666666727,0.6904761904761905,0.8333333333333334,0.1428571428571429,24,6
42,0.9565499215943818,-0.019292359554919238,legacy67,minmax,0.6504761904761904,0.8200000000000001,0.16952380952380963,0.96,0.9866666666666667,0.026666666666666727,0.6904761904761905,0.8333333333333334,0.1428571428571429,25,6
42,1.1400863701127315,0.0569377536544464,legacy67,minmax,0.6028571428571428,0.8200000000000001,0.2171428571428573,0.96,0.9866666666666667,0.026666666666666727,0.6428571428571429,0.8333333333333334,0.19047619047619047,26,6
42,1.2030178871154662,0.08027208471124325,legacy67,minmax,0.6266666666666665,0.8200000000000001,0.19333333333333358,0.96,0.9866666666666667,0.026666666666666727,0.6666666666666666,0.8333333333333334,0.16666666666666674,26,6
42,1.2329098365270508,0.0909313175279762,legacy67,minmax,0.6266666666666665,0.8200000000000001,0.19333333333333358,0.96,0.9866666666666667,0.026666666666666727,0.6666666666666666,0.8333333333333334,0.16666666666666674,26,6
42,1.2561043700013554,0.09902572652895136,legacy67,minmax,0.6266666666666665,0.8200000000000001,0.19333333333333358,0.96,0.9866666666666667,0.026666666666666727,0.6666666666666666,0.8333333333333334,0.16666666666666674,26,6
42,1.4817820606039076,0.17078433263299386,legacy67,minmax,0.6028571428571428,0.8200000000000001,0.2171428571428573,0.96,0.9866666666666667,0.026666666666666727,0.6428571428571429,0.8333333333333334,0.19047619047619047,27,6
42,1.5375920235481748,0.1868411173731186,legacy67,minmax,0.6028571428571428,0.8200000000000001,0.2171428571428573,0.96,0.9866666666666667,0.026666666666666727,0.6428571428571429,0.8333333333333334,0.19047619047619047,27,6
42,1.7583640270008503,0.24510879027798493,legacy67,minmax,0.5895238095238096,0.8200000000000001,0.2304761904761905,0.9466666666666667,0.9866666666666667,0.040000000000000036,0.6428571428571429,0.8333333333333334,0.19047619047619047,26,6
42,2.34238498471129,0.36965827544816987,legacy67,minmax,0.5895238095238096,0.8200000000000001,0.2304761904761905,0.9466666666666667,0.9866666666666667,0.040000000000000036,0.6428571428571429,0.8333333333333334,0.19047619047619047,29,8
42,2.4637685958997446,0.39159991524434057,legacy67,minmax,0.5895238095238096,0.8200000000000001,0.2304761904761905,0.9466666666666667,0.9866666666666667,0.040000000000000036,0.6428571428571429,0.8333333333333334,0.19047619047619047,29,8
42,2.4810409748678097,0.3946339367881464,legacy67,minmax,0.5895238095238096,0.8200000000000001,0.2304761904761905,0.9466666666666667,0.9866666666666667,0.040000000000000036,0.6428571428571429,0.8333333333333334,0.19047619047619047,29,8
42,2.5378155082656626,0.40446004697283516,legacy67,minmax,0.5895238095238096,0.8200000000000001,0.2304761904761905,0.9466666666666667,0.9866666666666667,0.040000000000000036,0.6428571428571429,0.8333333333333334,0.19047619047619047,29,8
42,2.692646910086177,0.43017940760575346,legacy67,minmax,0.5895238095238096,0.8200000000000001,0.2304761904761905,0.9466666666666667,0.9866666666666667,0.040000000000000036,0.6428571428571429,0.8333333333333334,0.19047619047619047,29,8
42,2.801635158716258,0.4474115788895179,legacy67,minmax,0.5657142857142858,0.8200000000000001,0.2542857142857142,0.9466666666666667,0.9866666666666667,0.040000000000000036,0.6190476190476191,0.8333333333333334,0.2142857142857143,29,8
42,3.113095956122122,0.4931925073102317,legacy67,minmax,0.5657142857142858,0.8200000000000001,0.2542857142857142,0.9466666666666667,0.9866666666666667,0.040000000000000036,0.6190476190476191,0.8333333333333334,0.2142857142857143,29,8
42,3.550012525851159,0.5502298854208525,legacy67,minmax,0.5657142857142858,0.8200000000000001,0.2542857142857142,0.9466666666666667,0.9866666666666667,0.040000000000000036,0.6190476190476191,0.8333333333333334,0.2142857142857143,29,8
42,4.467752817973904,0.6500891374159279,legacy67,minmax,0.5657142857142858,0.8200000000000001,0.2542857142857142,0.9466666666666667,0.9866666666666667,0.040000000000000036,0.6190476190476191,0.8333333333333334,0.2142857142857143,30,8
42,5.456725485601473,0.7369321060486276,legacy67,minmax,0.5552380952380953,0.8200000000000001,0.26476190476190475,0.96,0.9866666666666667,0.026666666666666727,0.5952380952380952,0.8333333333333334,0.23809523809523814,30,8
42,6.72093005015611,0.8274293753904685,legacy67,minmax,0.5685714285714285,0.8200000000000001,0.25142857142857156,0.9733333333333334,0.9866666666666667,0.013333333333333308,0.5952380952380952,0.8333333333333334,0.23809523809523814,31,8
42,6.7965780907581514,0.832290311184182,legacy67,minmax,0.5685714285714285,0.8200000000000001,0.25142857142857156,0.9733333333333334,0.9866666666666667,0.013333333333333308,0.5952380952380952,0.8333333333333334,0.23809523809523814,31,8
42,7.128188058401357,0.85297914889198,legacy67,minmax,0.5685714285714285,0.8200000000000001,0.25142857142857156,0.9733333333333334,0.9866666666666667,0.013333333333333308,0.5952380952380952,0.8333333333333334,0.23809523809523814,31,8
42,8.241925264876443,0.9160286721639492,legacy67,minmax,0.5685714285714285,0.8200000000000001,0.25142857142857156,0.9733333333333334,0.9866666666666667,0.013333333333333308,0.5952380952380952,0.8333333333333334,0.23809523809523814,30,29
42,8.287522363768153,0.9184247133522563,legacy67,minmax,0.5685714285714285,0.8200000000000001,0.25142857142857156,0.9733333333333334,0.9866666666666667,0.013333333333333308,0.5952380952380952,0.8333333333333334,0.23809523809523814,30,29
42,8.471801418819974,0.9279757672456204,legacy67,minmax,0.5685714285714285,0.8200000000000001,0.25142857142857156,0.9733333333333334,0.9866666666666667,0.013333333333333308,0.5952380952380952,0.8333333333333334,0.23809523809523814,30,29
42,11.044350847124681,1.0431401944675898,legacy67,minmax,0.5685714285714285,0.8200000000000001,0.25142857142857156,0.9733333333333334,0.9866666666666667,0.013333333333333308,0.5952380952380952,0.8333333333333334,0.23809523809523814,30,29
42,12.130221181165155,1.083868719818244,legacy67,minmax,0.5552380952380953,0.8200000000000001,0.26476190476190475,0.96,0.9866666666666667,0.026666666666666727,0.5952380952380952,0.8333333333333334,0.23809523809523814,30,29
42,12.164139351417056,1.085081386743783,legacy67,minmax,0.5552380952380953,0.8200000000000001,0.26476190476190475,0.96,0.9866666666666667,0.026666666666666727,0.5952380952380952,0.8333333333333334,0.23809523809523814,30,29
42,12.273800987852958,1.0889790771866297,legacy67,minmax,0.5552380952380953,0.8200000000000001,0.26476190476190475,0.96,0.9866666666666667,0.026666666666666727,0.5952380952380952,0.8333333333333334,0.23809523809523814,30,29
42,12.604664585649452,1.1005312934444582,legacy67,minmax,0.5552380952380953,0.8200000000000001,0.26476190476190475,0.96,0.9866666666666667,0.026666666666666727,0.5952380952380952,0.8333333333333334,0.23809523809523814,30,29
42,13.826232179369853,1.1407038455720544,legacy67,minmax,0.5552380952380953,0.8200000000000001,0.26476190476190475,0.96,0.9866666666666667,0.026666666666666727,0.5952380952380952,0.8333333333333334,0.23809523809523814,31,29
42,16.172900811143133,1.2087879230161587,legacy67,minmax,0.579047619047619,0.8200000000000001,0.24095238095238103,0.96,0.9866666666666667,0.026666666666666727,0.6190476190476191,0.8333333333333334,0.2142857142857143,32,29
42,17.123375973163967,1.2335893924658445,legacy67,minmax,0.579047619047619,0.8200000000000001,0.24095238095238103,0.96,0.9866666666666667,0.026666666666666727,0.6190476190476191,0.8333333333333334,0.2142857142857143,32,29
42,18.274508859816006,1.2618457138193366,legacy67,minmax,0.579047619047619,0.8200000000000001,0.24095238095238103,0.96,0.9866666666666667,0.026666666666666727,0.6190476190476191,0.8333333333333334,0.2142857142857143,32,29
42,20.65142557895924,1.3149500366077174,legacy67,minmax,0.579047619047619,0.8200000000000001,0.24095238095238103,0.96,0.9866666666666667,0.026666666666666727,0.6190476190476191,0.8333333333333334,0.2142857142857143,32,29
42,21.36832907235874,1.329770563201687,legacy67,minmax,0.579047619047619,0.8200000000000001,0.24095238095238103,0.96,0.9866666666666667,0.026666666666666727,0.6190476190476191,0.8333333333333334,0.2142857142857143,32,29
42,28.340904295147727,1.452413703502374,legacy67,minmax,0.579047619047619,0.8200000000000001,0.24095238095238103,0.96,0.9866666666666667,0.026666666666666727,0.6190476190476191,0.8333333333333334,0.2142857142857143,32,29
42,29.154431891537524,1.4647045830997407,legacy67,minmax,0.579047619047619,0.8200000000000001,0.24095238095238103,0.96,0.9866666666666667,0.026666666666666727,0.6190476190476191,0.8333333333333334,0.2142857142857143,32,29
42,35.387588647792384,1.5488509703053062,legacy67,minmax,0.579047619047619,0.8200000000000001,0.24095238095238103,0.96,0.9866666666666667,0.026666666666666727,0.6190476190476191,0.8333333333333334,0.2142857142857143,33,29
42,37.95853142670639,1.5793094017105953,legacy67,minmax,0.579047619047619,0.8200000000000001,0.24095238095238103,0.96,0.9866666666666667,0.026666666666666727,0.6190476190476191,0.8333333333333334,0.2142857142857143,33,29
42,43.37920697490936,1.6372816083151283,legacy67,minmax,0.5657142857142858,0.8200000000000001,0.2542857142857142,0.9466666666666667,0.9866666666666667,0.040000000000000036,0.6190476190476191,0.8333333333333334,0.2142857142857143,33,29
42,48.69640941520897,1.6874969400924673,legacy67,minmax,0.5657142857142858,0.8200000000000001,0.2542857142857142,0.9466666666666667,0.9866666666666667,0.040000000000000036,0.6190476190476191,0.8333333333333334,0.2142857142857143,33,29
42,57.279044707996185,1.7579957662567565,legacy67,minmax,0.5657142857142858,0.8200000000000001,0.2542857142857142,0.9466666666666667,0.9866666666666667,0.040000000000000036,0.6190476190476191,0.8333333333333334,0.2142857142857143,33,29
42,62.45139574743064,1.795542149013333,legacy67,minmax,0.5657142857142858,0.8200000000000001,0.2542857142857142,0.9466666666666667,0.9866666666666667,0.040000000000000036,0.6190476190476191,0.8333333333333334,0.2142857142857143,33,29
42,63.512210106406926,1.8028572256396647,legacy67,minmax,0.5657142857142858,0.8200000000000001,0.2542857142857142,0.9466666666666667,0.9866666666666667,0.040000000000000036,0.6190476190476191,0.8333333333333334,0.2142857142857143,33,29
42,72.86653737491037,1.8625281322982374,legacy67,minmax,0.5657142857142858,0.8200000000000001,0.2542857142857142,0.9466666666666667,0.9866666666666667,0.040000000000000036,0.6190476190476191,0.8333333333333334,0.2142857142857143,33,29
42,75.56810141274423,1.8783385110582342,legacy67,minmax,0.5657142857142858,0.8066666666666666,0.2409523809523808,0.9466666666666667,0.9733333333333334,0.026666666666666727,0.6190476190476191,0.8333333333333334,0.2142857142857143,33,29
42,75.79479953347995,1.8796394086479773,legacy67,minmax,0.5657142857142858,0.8066666666666666,0.2409523809523808,0.9466666666666667,0.9733333333333334,0.026666666666666727,0.6190476190476191,0.8333333333333334,0.2142857142857143,33,29
42,88.62326508576248,1.9475477464020692,legacy67,minmax,0.5657142857142858,0.8066666666666666,0.2409523809523808,0.9466666666666667,0.9733333333333334,0.026666666666666727,0.6190476190476191,0.8333333333333334,0.2142857142857143,33,30
43,0.010521761868451128,-1.9779115315055904,legacy67,minmax,0.0,0.0,0.0,1.0,1.0,0.0,0.0,0.0,0.0,0,0
43,0.012087541473056955,-1.9176620228167902,legacy67,minmax,0.0,0.0,0.0,1.0,1.0,0.0,0.0,0.0,0.0,0,0
43,0.01263794633808287,-1.8983234930236192,legacy67,minmax,0.0,0.0,0.0,1.0,1.0,0.0,0.0,0.0,0.0,0,0
43,0.013726318898045865,-1.8624459155391264,legacy67,minmax,0.0,0.0,0.0,1.0,1.0,0.0,0.0,0.0,0.0,0,0
43,0.0151673306880762,-1.8190908443578477,legacy67,minmax,0.0,0.0,0.0,1.0,1.0,0.0,0.0,0.0,0.0,0,0
43,0.015339162591163618,-1.814198349120009,legacy67,minmax,0.0,0.0,0.0,1.0,1.0,0.0,0.0,0.0,0.0,0,0
43,0.017073967431528118,-1.7676655513272022,legacy67,minmax,0.0,0.0,0.0,1.0,1.0,0.0,0.0,0.0,0.0,1,1
43,0.017956984225677628,-1.7457665988559055,legacy67,minmax,0.0,0.0,0.0,1.0,1.0,0.0,0.0,0.0,0.0,2,1
43,0.018205657658407252,-1.739793628058882,legacy67,minmax,0.0,0.0,0.0,1.0,1.0,0.0,0.0,0.0,0.0,2,1
43,0.019777828512462715,-1.7038213930636386,legacy67,minmax,0.0714285714285714,0.0,-0.0714285714285714,1.0,1.0,0.0,0.07142857142857142,0.0,-0.07142857142857142,2,1
43,0.01987021538542862,-1.7017974252809167,legacy67,minmax,0.0714285714285714,0.0,-0.0714285714285714,1.0,1.0,0.0,0.07142857142857142,0.0,-0.07142857142857142,2,1
43,0.022592797420156945,-1.646029991792322,legacy67,minmax,0.19047619047619047,0.4866666666666668,0.29619047619047634,1.0,0.9866666666666667,-0.013333333333333308,0.19047619047619047,0.5,0.30952380952380953,3,2
43,0.024586032763280048,-1.6093115439744645,legacy67,minmax,0.2142857142857142,0.4866666666666668,0.2723809523809526,1.0,0.9866666666666667,-0.013333333333333308,0.21428571428571427,0.5,0.2857142857142857,3,2
43,0.027012557725439066,-1.5684342920267822,legacy67,minmax,0.23809523809523814,0.4866666666666668,0.24857142857142867,1.0,0.9866666666666667,-0.013333333333333308,0.23809523809523808,0.5,0.2619047619047619,3,2
43,0.029072088906598435,-1.5365237618994811,legacy67,minmax,0.38095238095238093,0.4866666666666668,0.10571428571428587,1.0,0.9866666666666667,-0.013333333333333308,0.38095238095238093,0.5,0.11904761904761907,3,2
43,0.030086868214458433,-1.5216230162467932,legacy67,minmax,0.40476190476190466,0.4866666666666668,0.08190476190476215,1.0,0.9866666666666667,-0.013333333333333308,0.40476190476190477,0.5,0.09523809523809523,3,2
43,0.030771802712506853,-1.5118470606208847,legacy67,minmax,0.40476190476190466,0.4866666666666668,0.08190476190476215,1.0,0.9866666666666667,-0.013333333333333308,0.40476190476190477,0.5,0.09523809523809523,3,2
43,0.036138942712165265,-1.4420245573918327,legacy67,minmax,0.46285714285714286,0.4866666666666668,0.023809523809523947,0.9866666666666667,0.9866666666666667,0.0,0.47619047619047616,0.5,0.023809523809523836,4,2
43,0.03661819220392428,-1.4363031001009494,legacy67,minmax,0.46285714285714286,0.4866666666666668,0.023809523809523947,0.9866666666666667,0.9866666666666667,0.0,0.47619047619047616,0.5,0.023809523809523836,4,2
43,0.04207053950287936,-1.3760219186551894,legacy67,minmax,0.46285714285714286,0.4866666666666668,0.023809523809523947,0.9866666666666667,0.9866666666666667,0.0,0.47619047619047616,0.5,0.023809523809523836,4,2
43,0.04207988669606635,-1.375925438230254,legacy67,minmax,0.46285714285714286,0.4866666666666668,0.023809523809523947,0.9866666666666667,0.9866666666666667,0.0,0.47619047619047616,0.5,0.023809523809523836,4,2
43,0.04809461967501572,-1.3179035052508339,legacy67,minmax,0.4866666666666668,0.558095238095238,0.07142857142857117,0.9866666666666667,0.9866666666666667,0.0,0.5,0.5714285714285714,0.0714285714285714,4,4
43,0.05337032762603955,-1.2727001311715975,legacy67,minmax,0.5342857142857143,0.5819047619047619,0.04761904761904767,0.9866666666666667,0.9866666666666667,0.0,0.5476190476190477,0.5952380952380952,0.04761904761904756,5,5
43,0.05415244119402536,-1.2663819605862647,legacy67,minmax,0.5342857142857143,0.5819047619047619,0.04761904761904767,0.9866666666666667,0.9866666666666667,0.0,0.5476190476190477,0.5952380952380952,0.04761904761904756,5,5
43,0.05488047000766042,-1.2605821778978918,legacy67,minmax,0.5342857142857143,0.5819047619047619,0.04761904761904767,0.9866666666666667,0.9866666666666667,0.0,0.5476190476190477,0.5952380952380952,0.04761904761904756,5,5
43,0.060803901902965994,-1.2160685503234192,legacy67,minmax,0.5342857142857143,0.5819047619047619,0.04761904761904767,0.9866666666666667,0.9866666666666667,0.0,0.5476190476190477,0.5952380952380952,0.04761904761904756,5,5
43,0.06235377135673155,-1.2051372738633104,legacy67,minmax,0.558095238095238,0.5819047619047619,0.023809523809523947,0.9866666666666667,0.9866666666666667,0.0,0.5714285714285714,0.5952380952380952,0.023809523809523836,7,5
43,0.06290644294586147,-1.201304871366561,legacy67,minmax,0.558095238095238,0.5819047619047619,0.023809523809523947,0.9866666666666667,0.9866666666666667,0.0,0.5714285714285714,0.5952380952380952,0.023809523809523836,7,5
43,0.07068974950624601,-1.1506435572868954,legacy67,minmax,0.5447619047619048,0.6266666666666665,0.0819047619047617,0.9733333333333334,0.96,-0.01333333333333342,0.5714285714285714,0.6666666666666666,0.09523809523809523,8,6
43,0.10842262717330158,-0.9648800735999323,legacy67,minmax,0.5552380952380953,0.7323809523809524,0.17714285714285705,0.96,0.9466666666666667,-0.013333333333333308,0.5952380952380952,0.7857142857142857,0.19047619047619047,10,8
43,0.12172958098369964,-0.9146038729044164,legacy67,minmax,0.579047619047619,0.7323809523809524,0.15333333333333332,0.96,0.9466666666666667,-0.013333333333333308,0.6190476190476191,0.7857142857142857,0.16666666666666663,11,8
43,0.1329652145729951,-0.876261961250477,legacy67,minmax,0.579047619047619,0.7323809523809524,0.15333333333333332,0.96,0.9466666666666667,-0.013333333333333308,0.6190476190476191,0.7857142857142857,0.16666666666666663,11,8
43,0.14618962793704957,-0.8350834392078323,legacy67,minmax,0.579047619047619,0.7323809523809524,0.15333333333333332,0.96,0.9466666666666667,-0.013333333333333308,0.6190476190476191,0.7857142857142857,0.16666666666666663,11,9
43,0.14742753159914665,-0.8314214058591274,legacy67,minmax,0.579047619047619,0.7561904761904761,0.17714285714285705,0.96,0.9466666666666667,-0.013333333333333308,0.6190476190476191,0.8095238095238095,0.19047619047619047,11,9
43,0.16480446427978968,-0.7830310281618491,legacy67,minmax,0.579047619047619,0.7428571428571429,0.16380952380952385,0.96,0.9333333333333333,-0.026666666666666616,0.6190476190476191,0.8095238095238095,0.19047619047619047,11,9
43,0.16536937182824418,-0.7815449233065173,legacy67,minmax,0.579047619047619,0.7428571428571429,0.16380952380952385,0.96,0.9333333333333333,-0.026666666666666616,0.6190476190476191,0.8095238095238095,0.19047619047619047,11,9
43,0.1753594952976441,-0.7560707131373512,legacy67,minmax,0.579047619047619,0.7428571428571429,0.16380952380952385,0.96,0.9333333333333333,-0.026666666666666616,0.6190476190476191,0.8095238095238095,0.19047619047619047,13,9
43,0.17654048052495064,-0.7531556956423562,legacy67,minmax,0.579047619047619,0.7428571428571429,0.16380952380952385,0.96,0.9333333333333333,-0.026666666666666616,0.6190476190476191,0.8095238095238095,0.19047619047619047,13,9
43,0.1998634077852887,-0.6992667118930118,legacy67,minmax,0.579047619047619,0.7428571428571429,0.16380952380952385,0.96,0.9333333333333333,-0.026666666666666616,0.6190476190476191,0.8095238095238095,0.19047619047619047,15,9
43,0.2001342062287997,-0.6986786769469426,legacy67,minmax,0.579047619047619,0.7428571428571429,0.16380952380952385,0.96,0.9333333333333333,-0.026666666666666616,0.6190476190476191,0.8095238095238095,0.19047619047619047,15,9
43,0.21066486017042194,-0.6764079005894033,legacy67,minmax,0.579047619047619,0.7428571428571429,0.16380952380952385,0.96,0.9333333333333333,-0.026666666666666616,0.6190476190476191,0.8095238095238095,0.19047619047619047,15,9
43,0.2673088310781669,-0.5729866932256429,legacy67,minmax,0.579047619047619,0.7428571428571429,0.16380952380952385,0.96,0.9333333333333333,-0.026666666666666616,0.6190476190476191,0.8095238095238095,0.19047619047619047,15,9
43,0.2715581955282939,-0.5661370858229096,legacy67,minmax,0.579047619047619,0.7428571428571429,0.16380952380952385,0.96,0.9333333333333333,-0.026666666666666616,0.6190476190476191,0.8095238095238095,0.19047619047619047,15,9
43,0.292043384718141,-0.5345526268252332,legacy67,minmax,0.579047619047619,0.7428571428571429,0.16380952380952385,0.96,0.9333333333333333,-0.026666666666666616,0.6190476190476191,0.8095238095238095,0.19047619047619047,15,9
43,0.314891164795686,-0.50183952461055,legacy67,minmax,0.579047619047619,0.7428571428571429,0.16380952380952385,0.96,0.9333333333333333,-0.026666666666666616,0.6190476190476191,0.8095238095238095,0.19047619047619047,16,9
43,0.35868164986275475,-0.44529084124207197,legacy67,minmax,0.5923809523809525,0.7428571428571429,0.15047619047619043,0.9733333333333334,0.9333333333333333,-0.040000000000000036,0.6190476190476191,0.8095238095238095,0.19047619047619047,16,9
43,0.5130551760589832,-0.2898359265658015,legacy67,minmax,0.5923809523809525,0.7428571428571429,0.15047619047619043,0.9733333333333334,0.9333333333333333,-0.040000000000000036,0.6190476190476191,0.8095238095238095,0.19047619047619047,18,9
43,0.5342937261279772,-0.27221992543153695,legacy67,minmax,0.5685714285714285,0.7428571428571429,0.17428571428571438,0.9733333333333334,0.9333333333333333,-0.040000000000000036,0.5952380952380952,0.8095238095238095,0.2142857142857143,18,9
43,0.5762487216478598,-0.23939002504159476,legacy67,minmax,0.5685714285714285,0.7428571428571429,0.17428571428571438,0.9733333333333334,0.9333333333333333,-0.040000000000000036,0.5952380952380952,0.8095238095238095,0.2142857142857143,20,9
43,0.6672367170464204,-0.17572006313185626,legacy67,minmax,0.5923809523809525,0.7428571428571429,0.15047619047619043,0.9733333333333334,0.9333333333333333,-0.040000000000000036,0.6190476190476191,0.8095238095238095,0.19047619047619047,20,9
43,0.7742116473996242,-0.1111402993522028,legacy67,minmax,0.5923809523809525,0.7428571428571429,0.15047619047619043,0.9733333333333334,0.9333333333333333,-0.040000000000000036,0.6190476190476191,0.8095238095238095,0.19047619047619047,21,9
43,0.9444574254983555,-0.02481761454243703,legacy67,minmax,0.6400000000000001,0.7666666666666666,0.12666666666666648,0.9733333333333334,0.9333333333333333,-0.040000000000000036,0.6666666666666666,0.8333333333333334,0.16666666666666674,21,9
43,0.9565499215943818,-0.019292359554919238,legacy67,minmax,0.6400000000000001,0.7666666666666666,0.12666666666666648,0.9733333333333334,0.9333333333333333,-0.040000000000000036,0.6666666666666666,0.8333333333333334,0.16666666666666674,21,9
43,1.1400863701127315,0.0569377536544464,legacy67,minmax,0.6161904761904764,0.7771428571428571,0.16095238095238074,0.9733333333333334,0.92,-0.053333333333333344,0.6428571428571429,0.8571428571428571,0.2142857142857142,24,9
43,1.2030178871154662,0.08027208471124325,legacy67,minmax,0.5923809523809525,0.7771428571428571,0.18476190476190468,0.9733333333333334,0.92,-0.053333333333333344,0.6190476190476191,0.8571428571428571,0.23809523809523803,25,9
43,1.2329098365270508,0.0909313175279762,legacy67,minmax,0.5923809523809525,0.7771428571428571,0.18476190476190468,0.9733333333333334,0.92,-0.053333333333333344,0.6190476190476191,0.8571428571428571,0.23809523809523803,25,9
43,1.2561043700013554,0.09902572652895136,legacy67,minmax,0.6161904761904764,0.7771428571428571,0.16095238095238074,0.9733333333333334,0.92,-0.053333333333333344,0.6428571428571429,0.8571428571428571,0.2142857142857142,25,9
43,1.4817820606039076,0.17078433263299386,legacy67,minmax,0.5923809523809525,0.7771428571428571,0.18476190476190468,0.9733333333333334,0.92,-0.053333333333333344,0.6190476190476191,0.8571428571428571,0.23809523809523803,26,9
43,1.5375920235481748,0.1868411173731186,legacy67,minmax,0.5923809523809525,0.7771428571428571,0.18476190476190468,0.9733333333333334,0.92,-0.053333333333333344,0.6190476190476191,0.8571428571428571,0.23809523809523803,26,9
43,1.7583640270008503,0.24510879027798493,legacy67,minmax,0.5923809523809525,0.7771428571428571,0.18476190476190468,0.9733333333333334,0.92,-0.053333333333333344,0.6190476190476191,0.8571428571428571,0.23809523809523803,26,9
43,2.34238498471129,0.36965827544816987,legacy67,minmax,0.6161904761904764,0.7771428571428571,0.16095238095238074,0.9733333333333334,0.92,-0.053333333333333344,0.6428571428571429,0.8571428571428571,0.2142857142857142,28,9
43,2.4637685958997446,0.39159991524434057,legacy67,minmax,0.6161904761904764,0.7771428571428571,0.16095238095238074,0.9733333333333334,0.92,-0.053333333333333344,0.6428571428571429,0.8571428571428571,0.2142857142857142,29,9
43,2.4810409748678097,0.3946339367881464,legacy67,minmax,0.6161904761904764,0.7771428571428571,0.16095238095238074,0.9733333333333334,0.92,-0.053333333333333344,0.6428571428571429,0.8571428571428571,0.2142857142857142,30,9
43,2.5378155082656626,0.40446004697283516,legacy67,minmax,0.6161904761904764,0.7771428571428571,0.16095238095238074,0.9733333333333334,0.92,-0.053333333333333344,0.6428571428571429,0.8571428571428571,0.2142857142857142,30,9
43,2.692646910086177,0.43017940760575346,legacy67,minmax,0.6161904761904764,0.7771428571428571,0.16095238095238074,0.9733333333333334,0.92,-0.053333333333333344,0.6428571428571429,0.8571428571428571,0.2142857142857142,31,9
43,2.801635158716258,0.4474115788895179,legacy67,minmax,0.6161904761904764,0.7771428571428571,0.16095238095238074,0.9733333333333334,0.92,-0.053333333333333344,0.6428571428571429,0.8571428571428571,0.2142857142857142,31,9
43,3.113095956122122,0.4931925073102317,legacy67,minmax,0.6161904761904764,0.7771428571428571,0.16095238095238074,0.9733333333333334,0.92,-0.053333333333333344,0.6428571428571429,0.8571428571428571,0.2142857142857142,31,9
43,3.550012525851159,0.5502298854208525,legacy67,minmax,0.6161904761904764,0.7771428571428571,0.16095238095238074,0.9733333333333334,0.92,-0.053333333333333344,0.6428571428571429,0.8571428571428571,0.2142857142857142,31,9
43,4.467752817973904,0.6500891374159279,legacy67,minmax,0.6638095238095238,0.7771428571428571,0.11333333333333329,0.9733333333333334,0.92,-0.053333333333333344,0.6904761904761905,0.8571428571428571,0.16666666666666663,31,9
43,5.456725485601473,0.7369321060486276,legacy67,minmax,0.6638095238095238,0.7771428571428571,0.11333333333333329,0.9733333333333334,0.92,-0.053333333333333344,0.6904761904761905,0.8571428571428571,0.16666666666666663,31,9
43,6.72093005015611,0.8274293753904685,legacy67,minmax,0.6638095238095238,0.7771428571428571,0.11333333333333329,0.9733333333333334,0.92,-0.053333333333333344,0.6904761904761905,0.8571428571428571,0.16666666666666663,32,9
43,6.7965780907581514,0.832290311184182,legacy67,minmax,0.6638095238095238,0.7771428571428571,0.11333333333333329,0.9733333333333334,0.92,-0.053333333333333344,0.6904761904761905,0.8571428571428571,0.16666666666666663,32,9
43,7.128188058401357,0.85297914889198,legacy67,minmax,0.6638095238095238,0.7771428571428571,0.11333333333333329,0.9733333333333334,0.92,-0.053333333333333344,0.6904761904761905,0.8571428571428571,0.16666666666666663,32,9
43,8.241925264876443,0.9160286721639492,legacy67,minmax,0.6876190476190476,0.7771428571428571,0.08952380952380956,0.9733333333333334,0.92,-0.053333333333333344,0.7142857142857143,0.8571428571428571,0.1428571428571428,31,30
43,8.287522363768153,0.9184247133522563,legacy67,minmax,0.6876190476190476,0.7771428571428571,0.08952380952380956,0.9733333333333334,0.92,-0.053333333333333344,0.7142857142857143,0.8571428571428571,0.1428571428571428,31,30
43,8.471801418819974,0.9279757672456204,legacy67,minmax,0.6876190476190476,0.7771428571428571,0.08952380952380956,0.9733333333333334,0.92,-0.053333333333333344,0.7142857142857143,0.8571428571428571,0.1428571428571428,31,30
43,11.044350847124681,1.0431401944675898,legacy67,minmax,0.6876190476190476,0.7771428571428571,0.08952380952380956,0.9733333333333334,0.92,-0.053333333333333344,0.7142857142857143,0.8571428571428571,0.1428571428571428,31,30
43,12.130221181165155,1.083868719818244,legacy67,minmax,0.6876190476190476,0.7771428571428571,0.08952380952380956,0.9733333333333334,0.92,-0.053333333333333344,0.7142857142857143,0.8571428571428571,0.1428571428571428,31,30
43,12.164139351417056,1.085081386743783,legacy67,minmax,0.6876190476190476,0.7771428571428571,0.08952380952380956,0.9733333333333334,0.92,-0.053333333333333344,0.7142857142857143,0.8571428571428571,0.1428571428571428,31,30
43,12.273800987852958,1.0889790771866297,legacy67,minmax,0.6876190476190476,0.7771428571428571,0.08952380952380956,0.9733333333333334,0.92,-0.053333333333333344,0.7142857142857143,0.8571428571428571,0.1428571428571428,31,30
43,12.604664585649452,1.1005312934444582,legacy67,minmax,0.6876190476190476,0.7771428571428571,0.08952380952380956,0.9733333333333334,0.92,-0.053333333333333344,0.7142857142857143,0.8571428571428571,0.1428571428571428,31,30
43,13.826232179369853,1.1407038455720544,legacy67,minmax,0.6876190476190476,0.7771428571428571,0.08952380952380956,0.9733333333333334,0.92,-0.053333333333333344,0.7142857142857143,0.8571428571428571,0.1428571428571428,31,30
43,16.172900811143133,1.2087879230161587,legacy67,minmax,0.6876190476190476,0.7771428571428571,0.08952380952380956,0.9733333333333334,0.92,-0.053333333333333344,0.7142857142857143,0.8571428571428571,0.1428571428571428,31,30
43,17.123375973163967,1.2335893924658445,legacy67,minmax,0.6876190476190476,0.7771428571428571,0.08952380952380956,0.9733333333333334,0.92,-0.053333333333333344,0.7142857142857143,0.8571428571428571,0.1428571428571428,32,30
43,18.274508859816006,1.2618457138193366,legacy67,minmax,0.6876190476190476,0.7771428571428571,0.08952380952380956,0.9733333333333334,0.92,-0.053333333333333344,0.7142857142857143,0.8571428571428571,0.1428571428571428,32,30
43,20.65142557895924,1.3149500366077174,legacy67,minmax,0.6876190476190476,0.7771428571428571,0.08952380952380956,0.9733333333333334,0.92,-0.053333333333333344,0.7142857142857143,0.8571428571428571,0.1428571428571428,32,30
43,21.36832907235874,1.329770563201687,legacy67,minmax,0.6876190476190476,0.7771428571428571,0.08952380952380956,0.9733333333333334,0.92,-0.053333333333333344,0.7142857142857143,0.8571428571428571,0.1428571428571428,32,30
43,28.340904295147727,1.452413703502374,legacy67,minmax,0.6876190476190476,0.7771428571428571,0.08952380952380956,0.9733333333333334,0.92,-0.053333333333333344,0.7142857142857143,0.8571428571428571,0.1428571428571428,33,30
43,29.154431891537524,1.4647045830997407,legacy67,minmax,0.6876190476190476,0.7771428571428571,0.08952380952380956,0.9733333333333334,0.92,-0.053333333333333344,0.7142857142857143,0.8571428571428571,0.1428571428571428,33,30
43,35.387588647792384,1.5488509703053062,legacy67,minmax,0.6876190476190476,0.7771428571428571,0.08952380952380956,0.9733333333333334,0.92,-0.053333333333333344,0.7142857142857143,0.8571428571428571,0.1428571428571428,33,30
43,37.95853142670639,1.5793094017105953,legacy67,minmax,0.700952380952381,0.7771428571428571,0.07619047619047614,0.9866666666666667,0.92,-0.06666666666666665,0.7142857142857143,0.8571428571428571,0.1428571428571428,33,30
43,43.37920697490936,1.6372816083151283,legacy67,minmax,0.700952380952381,0.7771428571428571,0.07619047619047614,0.9866666666666667,0.92,-0.06666666666666665,0.7142857142857143,0.8571428571428571,0.1428571428571428,33,30
43,48.69640941520897,1.6874969400924673,legacy67,minmax,0.700952380952381,0.7771428571428571,0.07619047619047614,0.9866666666666667,0.92,-0.06666666666666665,0.7142857142857143,0.8571428571428571,0.1428571428571428,33,30
43,57.279044707996185,1.7579957662567565,legacy67,minmax,0.6876190476190476,0.7771428571428571,0.08952380952380956,0.9733333333333334,0.92,-0.053333333333333344,0.7142857142857143,0.8571428571428571,0.1428571428571428,33,30
43,62.45139574743064,1.795542149013333,legacy67,minmax,0.6876190476190476,0.7771428571428571,0.08952380952380956,0.9733333333333334,0.92,-0.053333333333333344,0.7142857142857143,0.8571428571428571,0.1428571428571428,33,30
43,63.512210106406926,1.8028572256396647,legacy67,minmax,0.6876190476190476,0.7771428571428571,0.08952380952380956,0.9733333333333334,0.92,-0.053333333333333344,0.7142857142857143,0.8571428571428571,0.1428571428571428,33,30
43,72.86653737491037,1.8625281322982374,legacy67,minmax,0.6876190476190476,0.7771428571428571,0.08952380952380956,0.9733333333333334,0.92,-0.053333333333333344,0.7142857142857143,0.8571428571428571,0.1428571428571428,33,31
43,75.56810141274423,1.8783385110582342,legacy67,minmax,0.6876190476190476,0.7771428571428571,0.08952380952380956,0.9733333333333334,0.92,-0.053333333333333344,0.7142857142857143,0.8571428571428571,0.1428571428571428,33,31
43,75.79479953347995,1.8796394086479773,legacy67,minmax,0.6876190476190476,0.7771428571428571,0.08952380952380956,0.9733333333333334,0.92,-0.053333333333333344,0.7142857142857143,0.8571428571428571,0.1428571428571428,33,31
43,88.62326508576248,1.9475477464020692,legacy67,minmax,0.6876190476190476,0.7771428571428571,0.08952380952380956,0.9733333333333334,0.92,-0.053333333333333344,0.7142857142857143,0.8571428571428571,0.1428571428571428,33,31
44,0.010521761868451128,-1.9779115315055904,legacy67,minmax,0.0,0.0,0.0,1.0,1.0,0.0,0.0,0.0,0.0,0,0
44,0.012087541473056955,-1.9176620228167902,legacy67,minmax,0.0,0.0,0.0,1.0,1.0,0.0,0.0,0.0,0.0,0,0
44,0.01263794633808287,-1.8983234930236192,legacy67,minmax,0.0,0.0,0.0,1.0,1.0,0.0,0.0,0.0,0.0,0,0
44,0.013726318898045865,-1.8624459155391264,legacy67,minmax,0.0,0.0,0.0,1.0,1.0,0.0,0.0,0.0,0.0,0,0
44,0.0151673306880762,-1.8190908443578477,legacy67,minmax,0.0,0.0,0.0,1.0,1.0,0.0,0.0,0.0,0.0,0,0
44,0.015339162591163618,-1.814198349120009,legacy67,minmax,0.0,0.0,0.0,1.0,1.0,0.0,0.0,0.0,0.0,0,0
44,0.017073967431528118,-1.7676655513272022,legacy67,minmax,0.0,0.0,0.0,1.0,1.0,0.0,0.0,0.0,0.0,1,0
44,0.017956984225677628,-1.7457665988559055,legacy67,minmax,0.0,0.0,0.0,1.0,1.0,0.0,0.0,0.0,0.0,1,1
44,0.018205657658407252,-1.739793628058882,legacy67,minmax,0.0,0.0,0.0,1.0,1.0,0.0,0.0,0.0,0.0,1,1
44,0.019777828512462715,-1.7038213930636386,legacy67,minmax,0.04761904761904767,0.0,-0.04761904761904767,1.0,1.0,0.0,0.047619047619047616,0.0,-0.047619047619047616,2,2
44,0.01987021538542862,-1.7017974252809167,legacy67,minmax,0.04761904761904767,0.0,-0.04761904761904767,1.0,1.0,0.0,0.047619047619047616,0.0,-0.047619047619047616,2,2
44,0.022592797420156945,-1.646029991792322,legacy67,minmax,0.11904761904761907,0.2857142857142856,0.16666666666666652,1.0,1.0,0.0,0.11904761904761904,0.2857142857142857,0.16666666666666666,3,2
44,0.024586032763280048,-1.6093115439744645,legacy67,minmax,0.2142857142857142,0.2857142857142856,0.0714285714285714,1.0,1.0,0.0,0.21428571428571427,0.2857142857142857,0.07142857142857142,3,2
44,0.027012557725439066,-1.5684342920267822,legacy67,minmax,0.2857142857142856,0.2857142857142856,0.0,1.0,1.0,0.0,0.2857142857142857,0.2857142857142857,0.0,3,2
44,0.029072088906598435,-1.5365237618994811,legacy67,minmax,0.33333333333333326,0.3571428571428572,0.023809523809523947,1.0,1.0,0.0,0.3333333333333333,0.35714285714285715,0.023809523809523836,3,2
44,0.030086868214458433,-1.5216230162467932,legacy67,minmax,0.40476190476190466,0.3571428571428572,-0.04761904761904745,1.0,1.0,0.0,0.40476190476190477,0.35714285714285715,-0.047619047619047616,3,2
44,0.030771802712506853,-1.5118470606208847,legacy67,minmax,0.40476190476190466,0.3571428571428572,-0.04761904761904745,1.0,1.0,0.0,0.40476190476190477,0.35714285714285715,-0.047619047619047616,3,2
44,0.036138942712165265,-1.4420245573918327,legacy67,minmax,0.4761904761904763,0.3571428571428572,-0.11904761904761907,1.0,1.0,0.0,0.47619047619047616,0.35714285714285715,-0.11904761904761901,3,2
44,0.03661819220392428,-1.4363031001009494,legacy67,minmax,0.4761904761904763,0.3571428571428572,-0.11904761904761907,1.0,1.0,0.0,0.47619047619047616,0.35714285714285715,-0.11904761904761901,3,2
44,0.04207053950287936,-1.3760219186551894,legacy67,minmax,0.5,0.6428571428571428,0.1428571428571428,1.0,1.0,0.0,0.5,0.6428571428571429,0.1428571428571429,4,2
44,0.04207988669606635,-1.375925438230254,legacy67,minmax,0.5,0.6428571428571428,0.1428571428571428,1.0,1.0,0.0,0.5,0.6428571428571429,0.1428571428571429,4,2
44,0.04809461967501572,-1.3179035052508339,legacy67,minmax,0.5714285714285714,0.6428571428571428,0.0714285714285714,1.0,1.0,0.0,0.5714285714285714,0.6428571428571429,0.07142857142857151,4,4
44,0.05337032762603955,-1.2727001311715975,legacy67,minmax,0.6190476190476191,0.6428571428571428,0.023809523809523725,1.0,1.0,0.0,0.6190476190476191,0.6428571428571429,0.023809523809523836,4,4
44,0.05415244119402536,-1.2663819605862647,legacy67,minmax,0.6190476190476191,0.6428571428571428,0.023809523809523725,1.0,1.0,0.0,0.6190476190476191,0.6428571428571429,0.023809523809523836,4,5
44,0.05488047000766042,-1.2605821778978918,legacy67,minmax,0.6190476190476191,0.6428571428571428,0.023809523809523725,1.0,1.0,0.0,0.6190476190476191,0.6428571428571429,0.023809523809523836,5,5
44,0.060803901902965994,-1.2160685503234192,legacy67,minmax,0.5923809523809525,0.6428571428571428,0.05047619047619034,0.9733333333333334,1.0,0.026666666666666616,0.6190476190476191,0.6428571428571429,0.023809523809523836,5,5
44,0.06235377135673155,-1.2051372738633104,legacy67,minmax,0.5923809523809525,0.6428571428571428,0.05047619047619034,0.9733333333333334,1.0,0.026666666666666616,0.6190476190476191,0.6428571428571429,0.023809523809523836,5,5
44,0.06290644294586147,-1.201304871366561,legacy67,minmax,0.5923809523809525,0.6428571428571428,0.05047619047619034,0.9733333333333334,1.0,0.026666666666666616,0.6190476190476191,0.6428571428571429,0.023809523809523836,5,5
44,0.07068974950624601,-1.1506435572868954,legacy67,minmax,0.6161904761904764,0.6666666666666665,0.05047619047619012,0.9733333333333334,1.0,0.026666666666666616,0.6428571428571429,0.6666666666666666,0.023809523809523725,6,6
44,0.10842262717330158,-0.9648800735999323,legacy67,minmax,0.6400000000000001,0.700952380952381,0.06095238095238087,0.9733333333333334,0.9866666666666667,0.013333333333333308,0.6666666666666666,0.7142857142857143,0.04761904761904767,6,8
44,0.12172958098369964,-0.9146038729044164,legacy67,minmax,0.6400000000000001,0.7247619047619049,0.08476190476190482,0.9733333333333334,0.9866666666666667,0.013333333333333308,0.6666666666666666,0.7380952380952381,0.07142857142857151,7,8
44,0.1329652145729951,-0.876261961250477,legacy67,minmax,0.6266666666666665,0.7723809523809524,0.1457142857142859,0.96,0.9866666666666667,0.026666666666666727,0.6666666666666666,0.7857142857142857,0.11904761904761907,9,8
44,0.14618962793704957,-0.8350834392078323,legacy67,minmax,0.6266666666666665,0.7723809523809524,0.1457142857142859,0.96,0.9866666666666667,0.026666666666666727,0.6666666666666666,0.7857142857142857,0.11904761904761907,9,8
44,0.14742753159914665,-0.8314214058591274,legacy67,minmax,0.6266666666666665,0.7723809523809524,0.1457142857142859,0.96,0.9866666666666667,0.026666666666666727,0.6666666666666666,0.7857142857142857,0.11904761904761907,9,8
44,0.16480446427978968,-0.7830310281618491,legacy67,minmax,0.6742857142857144,0.7723809523809524,0.09809523809523801,0.96,0.9866666666666667,0.026666666666666727,0.7142857142857143,0.7857142857142857,0.0714285714285714,10,8
44,0.16536937182824418,-0.7815449233065173,legacy67,minmax,0.6742857142857144,0.7723809523809524,0.09809523809523801,0.96,0.9866666666666667,0.026666666666666727,0.7142857142857143,0.7857142857142857,0.0714285714285714,10,8
44,0.1753594952976441,-0.7560707131373512,legacy67,minmax,0.6742857142857144,0.7723809523809524,0.09809523809523801,0.96,0.9866666666666667,0.026666666666666727,0.7142857142857143,0.7857142857142857,0.0714285714285714,12,8
44,0.17654048052495064,-0.7531556956423562,legacy67,minmax,0.6742857142857144,0.7723809523809524,0.09809523809523801,0.96,0.9866666666666667,0.026666666666666727,0.7142857142857143,0.7857142857142857,0.0714285714285714,12,8
44,0.1998634077852887,-0.6992667118930118,legacy67,minmax,0.6742857142857144,0.7723809523809524,0.09809523809523801,0.96,0.9866666666666667,0.026666666666666727,0.7142857142857143,0.7857142857142857,0.0714285714285714,14,8
44,0.2001342062287997,-0.6986786769469426,legacy67,minmax,0.6742857142857144,0.7723809523809524,0.09809523809523801,0.96,0.9866666666666667,0.026666666666666727,0.7142857142857143,0.7857142857142857,0.0714285714285714,14,8
44,0.21066486017042194,-0.6764079005894033,legacy67,minmax,0.6742857142857144,0.7723809523809524,0.09809523809523801,0.96,0.9866666666666667,0.026666666666666727,0.7142857142857143,0.7857142857142857,0.0714285714285714,14,8
44,0.2673088310781669,-0.5729866932256429,legacy67,minmax,0.7085714285714286,0.7828571428571429,0.07428571428571429,0.9466666666666667,0.9733333333333334,0.026666666666666727,0.7619047619047619,0.8095238095238095,0.04761904761904767,17,8
44,0.2715581955282939,-0.5661370858229096,legacy67,minmax,0.7085714285714286,0.8066666666666666,0.09809523809523801,0.9466666666666667,0.9733333333333334,0.026666666666666727,0.7619047619047619,0.8333333333333334,0.07142857142857151,17,8
44,0.292043384718141,-0.5345526268252332,legacy67,minmax,0.7085714285714286,0.8066666666666666,0.09809523809523801,0.9466666666666667,0.9733333333333334,0.026666666666666727,0.7619047619047619,0.8333333333333334,0.07142857142857151,18,8
44,0.314891164795686,-0.50183952461055,legacy67,minmax,0.7085714285714286,0.8066666666666666,0.09809523809523801,0.9466666666666667,0.9733333333333334,0.026666666666666727,0.7619047619047619,0.8333333333333334,0.07142857142857151,18,7
44,0.35868164986275475,-0.44529084124207197,legacy67,minmax,0.7085714285714286,0.8066666666666666,0.09809523809523801,0.9466666666666667,0.9733333333333334,0.026666666666666727,0.7619047619047619,0.8333333333333334,0.07142857142857151,18,7
44,0.5130551760589832,-0.2898359265658015,legacy67,minmax,0.6819047619047618,0.8066666666666666,0.12476190476190485,0.92,0.9733333333333334,0.053333333333333344,0.7619047619047619,0.8333333333333334,0.07142857142857151,20,8
44,0.5342937261279772,-0.27221992543153695,legacy67,minmax,0.6819047619047618,0.8066666666666666,0.12476190476190485,0.92,0.9733333333333334,0.053333333333333344,0.7619047619047619,0.8333333333333334,0.07142857142857151,20,8
44,0.5762487216478598,-0.23939002504159476,legacy67,minmax,0.6819047619047618,0.8066666666666666,0.12476190476190485,0.92,0.9733333333333334,0.053333333333333344,0.7619047619047619,0.8333333333333334,0.07142857142857151,21,8
44,0.6672367170464204,-0.17572006313185626,legacy67,minmax,0.6819047619047618,0.8066666666666666,0.12476190476190485,0.92,0.9733333333333334,0.053333333333333344,0.7619047619047619,0.8333333333333334,0.07142857142857151,21,8
44,0.7742116473996242,-0.1111402993522028,legacy67,minmax,0.6819047619047618,0.8066666666666666,0.12476190476190485,0.92,0.9733333333333334,0.053333333333333344,0.7619047619047619,0.8333333333333334,0.07142857142857151,22,8
44,0.9444574254983555,-0.02481761454243703,legacy67,minmax,0.6685714285714286,0.7933333333333334,0.12476190476190485,0.9066666666666666,0.96,0.053333333333333344,0.7619047619047619,0.8333333333333334,0.07142857142857151,24,8
44,0.9565499215943818,-0.019292359554919238,legacy67,minmax,0.6685714285714286,0.7933333333333334,0.12476190476190485,0.9066666666666666,0.96,0.053333333333333344,0.7619047619047619,0.8333333333333334,0.07142857142857151,24,8
44,1.1400863701127315,0.0569377536544464,legacy67,minmax,0.6923809523809523,0.7933333333333334,0.10095238095238113,0.9066666666666666,0.96,0.053333333333333344,0.7857142857142857,0.8333333333333334,0.04761904761904767,25,8
44,1.2030178871154662,0.08027208471124325,legacy67,minmax,0.716190476190476,0.7933333333333334,0.0771428571428574,0.9066666666666666,0.96,0.053333333333333344,0.8095238095238095,0.8333333333333334,0.023809523809523836,26,8
44,1.2329098365270508,0.0909313175279762,legacy67,minmax,0.716190476190476,0.7933333333333334,0.0771428571428574,0.9066666666666666,0.96,0.053333333333333344,0.8095238095238095,0.8333333333333334,0.023809523809523836,27,8
44,1.2561043700013554,0.09902572652895136,legacy67,minmax,0.716190476190476,0.7933333333333334,0.0771428571428574,0.9066666666666666,0.96,0.053333333333333344,0.8095238095238095,0.8333333333333334,0.023809523809523836,27,8
44,1.4817820606039076,0.17078433263299386,legacy67,minmax,0.6923809523809523,0.7933333333333334,0.10095238095238113,0.9066666666666666,0.96,0.053333333333333344,0.7857142857142857,0.8333333333333334,0.04761904761904767,27,8
44,1.5375920235481748,0.1868411173731186,legacy67,minmax,0.6923809523809523,0.7933333333333334,0.10095238095238113,0.9066666666666666,0.96,0.053333333333333344,0.7857142857142857,0.8333333333333334,0.04761904761904767,27,8
44,1.7583640270008503,0.24510879027798493,legacy67,minmax,0.6923809523809523,0.7933333333333334,0.10095238095238113,0.9066666666666666,0.96,0.053333333333333344,0.7857142857142857,0.8333333333333334,0.04761904761904767,27,8
44,2.34238498471129,0.36965827544816987,legacy67,minmax,0.6923809523809523,0.8171428571428572,0.12476190476190485,0.9066666666666666,0.96,0.053333333333333344,0.7857142857142857,0.8571428571428571,0.0714285714285714,27,8
44,2.4637685958997446,0.39159991524434057,legacy67,minmax,0.7028571428571428,0.8171428571428572,0.11428571428571432,0.8933333333333333,0.96,0.06666666666666665,0.8095238095238095,0.8571428571428571,0.04761904761904756,27,8
44,2.4810409748678097,0.3946339367881464,legacy67,minmax,0.7028571428571428,0.8171428571428572,0.11428571428571432,0.8933333333333333,0.96,0.06666666666666665,0.8095238095238095,0.8571428571428571,0.04761904761904756,27,8
44,2.5378155082656626,0.40446004697283516,legacy67,minmax,0.6790476190476191,0.8171428571428572,0.13809523809523805,0.8933333333333333,0.96,0.06666666666666665,0.7857142857142857,0.8571428571428571,0.0714285714285714,27,8
44,2.692646910086177,0.43017940760575346,legacy67,minmax,0.6790476190476191,0.8171428571428572,0.13809523809523805,0.8933333333333333,0.96,0.06666666666666665,0.7857142857142857,0.8571428571428571,0.0714285714285714,27,8
44,2.801635158716258,0.4474115788895179,legacy67,minmax,0.6790476190476191,0.8171428571428572,0.13809523809523805,0.8933333333333333,0.96,0.06666666666666665,0.7857142857142857,0.8571428571428571,0.0714285714285714,27,8
44,3.113095956122122,0.4931925073102317,legacy67,minmax,0.6790476190476191,0.8171428571428572,0.13809523809523805,0.8933333333333333,0.96,0.06666666666666665,0.7857142857142857,0.8571428571428571,0.0714285714285714,29,8
44,3.550012525851159,0.5502298854208525,legacy67,minmax,0.6790476190476191,0.8171428571428572,0.13809523809523805,0.8933333333333333,0.96,0.06666666666666665,0.7857142857142857,0.8571428571428571,0.0714285714285714,31,8
44,4.467752817973904,0.6500891374159279,legacy67,minmax,0.6790476190476191,0.8171428571428572,0.13809523809523805,0.8933333333333333,0.96,0.06666666666666665,0.7857142857142857,0.8571428571428571,0.0714285714285714,32,8
44,5.456725485601473,0.7369321060486276,legacy67,minmax,0.6923809523809523,0.8171428571428572,0.12476190476190485,0.9066666666666666,0.96,0.053333333333333344,0.7857142857142857,0.8571428571428571,0.0714285714285714,32,8
44,6.72093005015611,0.8274293753904685,legacy67,minmax,0.716190476190476,0.8171428571428572,0.10095238095238113,0.9066666666666666,0.96,0.053333333333333344,0.8095238095238095,0.8571428571428571,0.04761904761904756,32,9
44,6.7965780907581514,0.832290311184182,legacy67,minmax,0.716190476190476,0.8171428571428572,0.10095238095238113,0.9066666666666666,0.96,0.053333333333333344,0.8095238095238095,0.8571428571428571,0.04761904761904756,32,8
44,7.128188058401357,0.85297914889198,legacy67,minmax,0.7295238095238097,0.8171428571428572,0.08761904761904749,0.92,0.96,0.039999999999999925,0.8095238095238095,0.8571428571428571,0.04761904761904756,32,28
44,8.241925264876443,0.9160286721639492,legacy67,minmax,0.7295238095238097,0.8171428571428572,0.08761904761904749,0.92,0.96,0.039999999999999925,0.8095238095238095,0.8571428571428571,0.04761904761904756,32,28
44,8.287522363768153,0.9184247133522563,legacy67,minmax,0.7295238095238097,0.8171428571428572,0.08761904761904749,0.92,0.96,0.039999999999999925,0.8095238095238095,0.8571428571428571,0.04761904761904756,32,28
44,8.471801418819974,0.9279757672456204,legacy67,minmax,0.7295238095238097,0.8171428571428572,0.08761904761904749,0.92,0.96,0.039999999999999925,0.8095238095238095,0.8571428571428571,0.04761904761904756,32,28
44,11.044350847124681,1.0431401944675898,legacy67,minmax,0.7295238095238097,0.8647619047619046,0.13523809523809494,0.92,0.96,0.039999999999999925,0.8095238095238095,0.9047619047619048,0.09523809523809523,31,28
44,12.130221181165155,1.083868719818244,legacy67,minmax,0.7295238095238097,0.8647619047619046,0.13523809523809494,0.92,0.96,0.039999999999999925,0.8095238095238095,0.9047619047619048,0.09523809523809523,32,28
44,12.164139351417056,1.085081386743783,legacy67,minmax,0.7295238095238097,0.8647619047619046,0.13523809523809494,0.92,0.96,0.039999999999999925,0.8095238095238095,0.9047619047619048,0.09523809523809523,32,28
44,12.273800987852958,1.0889790771866297,legacy67,minmax,0.7295238095238097,0.8647619047619046,0.13523809523809494,0.92,0.96,0.039999999999999925,0.8095238095238095,0.9047619047619048,0.09523809523809523,32,28
44,12.604664585649452,1.1005312934444582,legacy67,minmax,0.7295238095238097,0.8647619047619046,0.13523809523809494,0.92,0.96,0.039999999999999925,0.8095238095238095,0.9047619047619048,0.09523809523809523,32,28
44,13.826232179369853,1.1407038455720544,legacy67,minmax,0.7295238095238097,0.8647619047619046,0.13523809523809494,0.92,0.96,0.039999999999999925,0.8095238095238095,0.9047619047619048,0.09523809523809523,32,29
44,16.172900811143133,1.2087879230161587,legacy67,minmax,0.7295238095238097,0.8647619047619046,0.13523809523809494,0.92,0.96,0.039999999999999925,0.8095238095238095,0.9047619047619048,0.09523809523809523,32,29
44,17.123375973163967,1.2335893924658445,legacy67,minmax,0.7295238095238097,0.8647619047619046,0.13523809523809494,0.92,0.96,0.039999999999999925,0.8095238095238095,0.9047619047619048,0.09523809523809523,32,29
44,18.274508859816006,1.2618457138193366,legacy67,minmax,0.7295238095238097,0.8647619047619046,0.13523809523809494,0.92,0.96,0.039999999999999925,0.8095238095238095,0.9047619047619048,0.09523809523809523,32,29
44,20.65142557895924,1.3149500366077174,legacy67,minmax,0.7295238095238097,0.8647619047619046,0.13523809523809494,0.92,0.96,0.039999999999999925,0.8095238095238095,0.9047619047619048,0.09523809523809523,32,29
44,21.36832907235874,1.329770563201687,legacy67,minmax,0.7295238095238097,0.8647619047619046,0.13523809523809494,0.92,0.96,0.039999999999999925,0.8095238095238095,0.9047619047619048,0.09523809523809523,32,29
44,28.340904295147727,1.452413703502374,legacy67,minmax,0.7295238095238097,0.8647619047619046,0.13523809523809494,0.92,0.96,0.039999999999999925,0.8095238095238095,0.9047619047619048,0.09523809523809523,32,29
44,29.154431891537524,1.4647045830997407,legacy67,minmax,0.7295238095238097,0.8647619047619046,0.13523809523809494,0.92,0.96,0.039999999999999925,0.8095238095238095,0.9047619047619048,0.09523809523809523,32,29
44,35.387588647792384,1.5488509703053062,legacy67,minmax,0.7295238095238097,0.8647619047619046,0.13523809523809494,0.92,0.96,0.039999999999999925,0.8095238095238095,0.9047619047619048,0.09523809523809523,33,30
44,37.95853142670639,1.5793094017105953,legacy67,minmax,0.7295238095238097,0.8647619047619046,0.13523809523809494,0.92,0.96,0.039999999999999925,0.8095238095238095,0.9047619047619048,0.09523809523809523,33,31
44,43.37920697490936,1.6372816083151283,legacy67,minmax,0.7295238095238097,0.8647619047619046,0.13523809523809494,0.92,0.96,0.039999999999999925,0.8095238095238095,0.9047619047619048,0.09523809523809523,33,30
44,48.69640941520897,1.6874969400924673,legacy67,minmax,0.7295238095238097,0.8647619047619046,0.13523809523809494,0.92,0.96,0.039999999999999925,0.8095238095238095,0.9047619047619048,0.09523809523809523,33,31
44,57.279044707996185,1.7579957662567565,legacy67,minmax,0.7295238095238097,0.8647619047619046,0.13523809523809494,0.92,0.96,0.039999999999999925,0.8095238095238095,0.9047619047619048,0.09523809523809523,33,31
44,62.45139574743064,1.795542149013333,legacy67,minmax,0.7295238095238097,0.8647619047619046,0.13523809523809494,0.92,0.96,0.039999999999999925,0.8095238095238095,0.9047619047619048,0.09523809523809523,33,31
44,63.512210106406926,1.8028572256396647,legacy67,minmax,0.7295238095238097,0.8647619047619046,0.13523809523809494,0.92,0.96,0.039999999999999925,0.8095238095238095,0.9047619047619048,0.09523809523809523,33,31
44,72.86653737491037,1.8625281322982374,legacy67,minmax,0.7295238095238097,0.8647619047619046,0.13523809523809494,0.92,0.96,0.039999999999999925,0.8095238095238095,0.9047619047619048,0.09523809523809523,33,31
44,75.56810141274423,1.8783385110582342,legacy67,minmax,0.7295238095238097,0.8647619047619046,0.13523809523809494,0.92,0.96,0.039999999999999925,0.8095238095238095,0.9047619047619048,0.09523809523809523,33,32
44,75.79479953347995,1.8796394086479773,legacy67,minmax,0.7295238095238097,0.8647619047619046,0.13523809523809494,0.92,0.96,0.039999999999999925,0.8095238095238095,0.9047619047619048,0.09523809523809523,33,32
44,88.62326508576248,1.9475477464020692,legacy67,minmax,0.7295238095238097,0.8647619047619046,0.13523809523809494,0.92,0.96,0.039999999999999925,0.8095238095238095,0.9047619047619048,0.09523809523809523,33,32
45,0.010521761868451128,-1.9779115315055904,legacy67,minmax,0.0,0.0,0.0,1.0,1.0,0.0,0.0,0.0,0.0,0,0
45,0.012087541473056955,-1.9176620228167902,legacy67,minmax,0.0,0.0,0.0,1.0,1.0,0.0,0.0,0.0,0.0,0,0
45,0.01263794633808287,-1.8983234930236192,legacy67,minmax,0.0,0.0,0.0,1.0,1.0,0.0,0.0,0.0,0.0,0,0
45,0.013726318898045865,-1.8624459155391264,legacy67,minmax,0.0,0.0,0.0,1.0,1.0,0.0,0.0,0.0,0.0,0,0
45,0.0151673306880762,-1.8190908443578477,legacy67,minmax,0.0,0.0,0.0,1.0,1.0,0.0,0.0,0.0,0.0,0,0
45,0.015339162591163618,-1.814198349120009,legacy67,minmax,0.0,0.0,0.0,1.0,1.0,0.0,0.0,0.0,0.0,0,0
45,0.017073967431528118,-1.7676655513272022,legacy67,minmax,0.0,0.0,0.0,1.0,1.0,0.0,0.0,0.0,0.0,1,1
45,0.017956984225677628,-1.7457665988559055,legacy67,minmax,0.0,0.0,0.0,1.0,1.0,0.0,0.0,0.0,0.0,1,1
45,0.018205657658407252,-1.739793628058882,legacy67,minmax,0.0,0.0,0.0,1.0,1.0,0.0,0.0,0.0,0.0,1,1
45,0.019777828512462715,-1.7038213930636386,legacy67,minmax,0.0,0.0,0.0,1.0,1.0,0.0,0.0,0.0,0.0,2,1
45,0.01987021538542862,-1.7017974252809167,legacy67,minmax,0.0,0.0,0.0,1.0,1.0,0.0,0.0,0.0,0.0,2,1
45,0.022592797420156945,-1.646029991792322,legacy67,minmax,0.1428571428571428,0.4733333333333334,0.3304761904761906,1.0,0.9733333333333334,-0.026666666666666616,0.14285714285714285,0.5,0.35714285714285715,3,1
45,0.024586032763280048,-1.6093115439744645,legacy67,minmax,0.2857142857142856,0.4733333333333334,0.1876190476190478,1.0,0.9733333333333334,-0.026666666666666616,0.2857142857142857,0.5,0.2142857142857143,3,1
45,0.027012557725439066,-1.5684342920267822,legacy67,minmax,0.40476190476190466,0.4733333333333334,0.06857142857142873,1.0,0.9733333333333334,-0.026666666666666616,0.40476190476190477,0.5,0.09523809523809523,3,2
45,0.029072088906598435,-1.5365237618994811,legacy67,minmax,0.40476190476190466,0.4733333333333334,0.06857142857142873,1.0,0.9733333333333334,-0.026666666666666616,0.40476190476190477,0.5,0.09523809523809523,3,2
45,0.030086868214458433,-1.5216230162467932,legacy67,minmax,0.4285714285714286,0.4733333333333334,0.04476190476190478,1.0,0.9733333333333334,-0.026666666666666616,0.42857142857142855,0.5,0.07142857142857145,3,2
45,0.030771802712506853,-1.5118470606208847,legacy67,minmax,0.4285714285714286,0.4733333333333334,0.04476190476190478,1.0,0.9733333333333334,-0.026666666666666616,0.42857142857142855,0.5,0.07142857142857145,3,2
45,0.036138942712165265,-1.4420245573918327,legacy67,minmax,0.5238095238095237,0.4733333333333334,-0.05047619047619034,1.0,0.9733333333333334,-0.026666666666666616,0.5238095238095238,0.5,-0.023809523809523836,3,2
45,0.03661819220392428,-1.4363031001009494,legacy67,minmax,0.5238095238095237,0.4733333333333334,-0.05047619047619034,1.0,0.9733333333333334,-0.026666666666666616,0.5238095238095238,0.5,-0.023809523809523836,3,2
45,0.04207053950287936,-1.3760219186551894,legacy67,minmax,0.558095238095238,0.4733333333333334,-0.0847619047619046,0.9866666666666667,0.9733333333333334,-0.013333333333333308,0.5714285714285714,0.5,-0.0714285714285714,3,2
45,0.04207988669606635,-1.375925438230254,legacy67,minmax,0.558095238095238,0.4733333333333334,-0.0847619047619046,0.9866666666666667,0.9733333333333334,-0.013333333333333308,0.5714285714285714,0.5,-0.0714285714285714,3,2
45,0.04809461967501572,-1.3179035052508339,legacy67,minmax,0.6295238095238096,0.4733333333333334,-0.1561904761904762,0.9866666666666667,0.9733333333333334,-0.013333333333333308,0.6428571428571429,0.5,-0.1428571428571429,3,3
45,0.05337032762603955,-1.2727001311715975,legacy67,minmax,0.6295238095238096,0.49714285714285733,-0.13238095238095227,0.9866666666666667,0.9733333333333334,-0.013333333333333308,0.6428571428571429,0.5238095238095238,-0.11904761904761907,4,4
45,0.05415244119402536,-1.2663819605862647,legacy67,minmax,0.6295238095238096,0.49714285714285733,-0.13238095238095227,0.9866666666666667,0.9733333333333334,-0.013333333333333308,0.6428571428571429,0.5238095238095238,-0.11904761904761907,5,4
45,0.05488047000766042,-1.2605821778978918,legacy67,minmax,0.6295238095238096,0.5685714285714285,-0.06095238095238109,0.9866666666666667,0.9733333333333334,-0.013333333333333308,0.6428571428571429,0.5952380952380952,-0.04761904761904767,5,4
45,0.060803901902965994,-1.2160685503234192,legacy67,minmax,0.6295238095238096,0.5923809523809525,-0.037142857142857144,0.9866666666666667,0.9733333333333334,-0.013333333333333308,0.6428571428571429,0.6190476190476191,-0.023809523809523836,5,5
45,0.06235377135673155,-1.2051372738633104,legacy67,minmax,0.6295238095238096,0.5923809523809525,-0.037142857142857144,0.9866666666666667,0.9733333333333334,-0.013333333333333308,0.6428571428571429,0.6190476190476191,-0.023809523809523836,5,5
45,0.06290644294586147,-1.201304871366561,legacy67,minmax,0.6295238095238096,0.5923809523809525,-0.037142857142857144,0.9866666666666667,0.9733333333333334,-0.013333333333333308,0.6428571428571429,0.6190476190476191,-0.023809523809523836,5,5
45,0.07068974950624601,-1.1506435572868954,legacy67,minmax,0.6161904761904764,0.5923809523809525,-0.023809523809523947,0.9733333333333334,0.9733333333333334,0.0,0.6428571428571429,0.6190476190476191,-0.023809523809523836,5,5
45,0.10842262717330158,-0.9648800735999323,legacy67,minmax,0.6028571428571428,0.6504761904761904,0.04761904761904767,0.96,0.96,0.0,0.6428571428571429,0.6904761904761905,0.04761904761904756,8,9
45,0.12172958098369964,-0.9146038729044164,legacy67,minmax,0.6266666666666665,0.6742857142857144,0.047619047619047894,0.96,0.96,0.0,0.6666666666666666,0.7142857142857143,0.04761904761904767,8,9
45,0.1329652145729951,-0.876261961250477,legacy67,minmax,0.6266666666666665,0.6742857142857144,0.047619047619047894,0.96,0.96,0.0,0.6666666666666666,0.7142857142857143,0.04761904761904767,8,9
45,0.14618962793704957,-0.8350834392078323,legacy67,minmax,0.6266666666666665,0.6980952380952381,0.07142857142857162,0.96,0.96,0.0,0.6666666666666666,0.7380952380952381,0.07142857142857151,10,8
45,0.14742753159914665,-0.8314214058591274,legacy67,minmax,0.6266666666666665,0.6980952380952381,0.07142857142857162,0.96,0.96,0.0,0.6666666666666666,0.7380952380952381,0.07142857142857151,10,8
45,0.16480446427978968,-0.7830310281618491,legacy67,minmax,0.6266666666666665,0.6980952380952381,0.07142857142857162,0.96,0.96,0.0,0.6666666666666666,0.7380952380952381,0.07142857142857151,11,8
45,0.16536937182824418,-0.7815449233065173,legacy67,minmax,0.6266666666666665,0.6980952380952381,0.07142857142857162,0.96,0.96,0.0,0.6666666666666666,0.7380952380952381,0.07142857142857151,11,8
45,0.1753594952976441,-0.7560707131373512,legacy67,minmax,0.6504761904761904,0.7219047619047618,0.0714285714285714,0.96,0.96,0.0,0.6904761904761905,0.7619047619047619,0.0714285714285714,11,8
45,0.17654048052495064,-0.7531556956423562,legacy67,minmax,0.6504761904761904,0.7219047619047618,0.0714285714285714,0.96,0.96,0.0,0.6904761904761905,0.7619047619047619,0.0714285714285714,11,8
45,0.1998634077852887,-0.6992667118930118,legacy67,minmax,0.6504761904761904,0.7457142857142856,0.09523809523809512,0.96,0.96,0.0,0.6904761904761905,0.7857142857142857,0.09523809523809523,13,8
45,0.2001342062287997,-0.6986786769469426,legacy67,minmax,0.6504761904761904,0.7457142857142856,0.09523809523809512,0.96,0.96,0.0,0.6904761904761905,0.7857142857142857,0.09523809523809523,13,8
45,0.21066486017042194,-0.6764079005894033,legacy67,minmax,0.6742857142857144,0.7457142857142856,0.07142857142857117,0.96,0.96,0.0,0.7142857142857143,0.7857142857142857,0.0714285714285714,13,8
45,0.2673088310781669,-0.5729866932256429,legacy67,minmax,0.6742857142857144,0.7457142857142856,0.07142857142857117,0.96,0.96,0.0,0.7142857142857143,0.7857142857142857,0.0714285714285714,14,8
45,0.2715581955282939,-0.5661370858229096,legacy67,minmax,0.6742857142857144,0.7457142857142856,0.07142857142857117,0.96,0.96,0.0,0.7142857142857143,0.7857142857142857,0.0714285714285714,14,8
45,0.292043384718141,-0.5345526268252332,legacy67,minmax,0.6742857142857144,0.7457142857142856,0.07142857142857117,0.96,0.96,0.0,0.7142857142857143,0.7857142857142857,0.0714285714285714,15,8
45,0.314891164795686,-0.50183952461055,legacy67,minmax,0.6638095238095238,0.7561904761904761,0.09238095238095223,0.9733333333333334,0.9466666666666667,-0.026666666666666727,0.6904761904761905,0.8095238095238095,0.11904761904761907,15,8
45,0.35868164986275475,-0.44529084124207197,legacy67,minmax,0.6638095238095238,0.78,0.11619047619047618,0.9733333333333334,0.9466666666666667,-0.026666666666666727,0.6904761904761905,0.8333333333333334,0.1428571428571429,18,8
45,0.5130551760589832,-0.2898359265658015,legacy67,minmax,0.677142857142857,0.8009523809523809,0.12380952380952381,0.9866666666666667,0.92,-0.06666666666666665,0.6904761904761905,0.8809523809523809,0.19047619047619047,22,8
45,0.5342937261279772,-0.27221992543153695,legacy67,minmax,0.677142857142857,0.8009523809523809,0.12380952380952381,0.9866666666666667,0.92,-0.06666666666666665,0.6904761904761905,0.8809523809523809,0.19047619047619047,22,8
45,0.5762487216478598,-0.23939002504159476,legacy67,minmax,0.677142857142857,0.8009523809523809,0.12380952380952381,0.9866666666666667,0.92,-0.06666666666666665,0.6904761904761905,0.8809523809523809,0.19047619047619047,22,8
45,0.6672367170464204,-0.17572006313185626,legacy67,minmax,0.700952380952381,0.8009523809523809,0.09999999999999987,0.9866666666666667,0.92,-0.06666666666666665,0.7142857142857143,0.8809523809523809,0.16666666666666663,23,8
45,0.7742116473996242,-0.1111402993522028,legacy67,minmax,0.700952380952381,0.8009523809523809,0.09999999999999987,0.9866666666666667,0.92,-0.06666666666666665,0.7142857142857143,0.8809523809523809,0.16666666666666663,24,8
45,0.9444574254983555,-0.02481761454243703,legacy67,minmax,0.700952380952381,0.8009523809523809,0.09999999999999987,0.9866666666666667,0.92,-0.06666666666666665,0.7142857142857143,0.8809523809523809,0.16666666666666663,25,8
45,0.9565499215943818,-0.019292359554919238,legacy67,minmax,0.700952380952381,0.8009523809523809,0.09999999999999987,0.9866666666666667,0.92,-0.06666666666666665,0.7142857142857143,0.8809523809523809,0.16666666666666663,25,8
45,1.1400863701127315,0.0569377536544464,legacy67,minmax,0.7247619047619049,0.8009523809523809,0.07619047619047592,0.9866666666666667,0.92,-0.06666666666666665,0.7380952380952381,0.8809523809523809,0.1428571428571428,26,7
45,1.2030178871154662,0.08027208471124325,legacy67,minmax,0.700952380952381,0.8009523809523809,0.09999999999999987,0.9866666666666667,0.92,-0.06666666666666665,0.7142857142857143,0.8809523809523809,0.16666666666666663,27,7
45,1.2329098365270508,0.0909313175279762,legacy67,minmax,0.700952380952381,0.8009523809523809,0.09999999999999987,0.9866666666666667,0.92,-0.06666666666666665,0.7142857142857143,0.8809523809523809,0.16666666666666663,27,7
45,1.2561043700013554,0.09902572652895136,legacy67,minmax,0.700952380952381,0.8009523809523809,0.09999999999999987,0.9866666666666667,0.92,-0.06666666666666665,0.7142857142857143,0.8809523809523809,0.16666666666666663,27,7
45,1.4817820606039076,0.17078433263299386,legacy67,minmax,0.700952380952381,0.8009523809523809,0.09999999999999987,0.9866666666666667,0.92,-0.06666666666666665,0.7142857142857143,0.8809523809523809,0.16666666666666663,28,7
45,1.5375920235481748,0.1868411173731186,legacy67,minmax,0.677142857142857,0.8009523809523809,0.12380952380952381,0.9866666666666667,0.92,-0.06666666666666665,0.6904761904761905,0.8809523809523809,0.19047619047619047,28,7
45,1.7583640270008503,0.24510879027798493,legacy67,minmax,0.677142857142857,0.8009523809523809,0.12380952380952381,0.9866666666666667,0.92,-0.06666666666666665,0.6904761904761905,0.8809523809523809,0.19047619047619047,28,7
45,2.34238498471129,0.36965827544816987,legacy67,minmax,0.6876190476190476,0.8009523809523809,0.11333333333333329,0.9733333333333334,0.92,-0.053333333333333344,0.7142857142857143,0.8809523809523809,0.16666666666666663,28,7
45,2.4637685958997446,0.39159991524434057,legacy67,minmax,0.6876190476190476,0.8009523809523809,0.11333333333333329,0.9733333333333334,0.92,-0.053333333333333344,0.7142857142857143,0.8809523809523809,0.16666666666666663,29,7
45,2.4810409748678097,0.3946339367881464,legacy67,minmax,0.6876190476190476,0.8009523809523809,0.11333333333333329,0.9733333333333334,0.92,-0.053333333333333344,0.7142857142857143,0.8809523809523809,0.16666666666666663,29,7
45,2.5378155082656626,0.40446004697283516,legacy67,minmax,0.6876190476190476,0.8009523809523809,0.11333333333333329,0.9733333333333334,0.92,-0.053333333333333344,0.7142857142857143,0.8809523809523809,0.16666666666666663,29,7
45,2.692646910086177,0.43017940760575346,legacy67,minmax,0.6876190476190476,0.8009523809523809,0.11333333333333329,0.9733333333333334,0.92,-0.053333333333333344,0.7142857142857143,0.8809523809523809,0.16666666666666663,29,7
45,2.801635158716258,0.4474115788895179,legacy67,minmax,0.6876190476190476,0.8009523809523809,0.11333333333333329,0.9733333333333334,0.92,-0.053333333333333344,0.7142857142857143,0.8809523809523809,0.16666666666666663,29,7
45,3.113095956122122,0.4931925073102317,legacy67,minmax,0.7247619047619049,0.8009523809523809,0.07619047619047592,0.9866666666666667,0.92,-0.06666666666666665,0.7380952380952381,0.8809523809523809,0.1428571428571428,30,7
45,3.550012525851159,0.5502298854208525,legacy67,minmax,0.7485714285714287,0.8009523809523809,0.052380952380952195,0.9866666666666667,0.92,-0.06666666666666665,0.7619047619047619,0.8809523809523809,0.11904761904761907,30,7
45,4.467752817973904,0.6500891374159279,legacy67,minmax,0.7352380952380952,0.8009523809523809,0.06571428571428561,0.9733333333333334,0.92,-0.053333333333333344,0.7619047619047619,0.8809523809523809,0.11904761904761907,31,7
45,5.456725485601473,0.7369321060486276,legacy67,minmax,0.7352380952380952,0.8009523809523809,0.06571428571428561,0.9733333333333334,0.92,-0.053333333333333344,0.7619047619047619,0.8809523809523809,0.11904761904761907,32,8
45,6.72093005015611,0.8274293753904685,legacy67,minmax,0.7352380952380952,0.8009523809523809,0.06571428571428561,0.9733333333333334,0.92,-0.053333333333333344,0.7619047619047619,0.8809523809523809,0.11904761904761907,32,7
45,6.7965780907581514,0.832290311184182,legacy67,minmax,0.7352380952380952,0.8009523809523809,0.06571428571428561,0.9733333333333334,0.92,-0.053333333333333344,0.7619047619047619,0.8809523809523809,0.11904761904761907,32,7
45,7.128188058401357,0.85297914889198,legacy67,minmax,0.7352380952380952,0.8009523809523809,0.06571428571428561,0.9733333333333334,0.92,-0.053333333333333344,0.7619047619047619,0.8809523809523809,0.11904761904761907,32,7
45,8.241925264876443,0.9160286721639492,legacy67,minmax,0.7590476190476192,0.8009523809523809,0.04190476190476167,0.9733333333333334,0.92,-0.053333333333333344,0.7857142857142857,0.8809523809523809,0.09523809523809523,32,24
45,8.287522363768153,0.9184247133522563,legacy67,minmax,0.7590476190476192,0.8009523809523809,0.04190476190476167,0.9733333333333334,0.92,-0.053333333333333344,0.7857142857142857,0.8809523809523809,0.09523809523809523,32,24
45,8.471801418819974,0.9279757672456204,legacy67,minmax,0.7590476190476192,0.8009523809523809,0.04190476190476167,0.9733333333333334,0.92,-0.053333333333333344,0.7857142857142857,0.8809523809523809,0.09523809523809523,33,25
45,11.044350847124681,1.0431401944675898,legacy67,minmax,0.7590476190476192,0.8009523809523809,0.04190476190476167,0.9733333333333334,0.92,-0.053333333333333344,0.7857142857142857,0.8809523809523809,0.09523809523809523,33,25
45,12.130221181165155,1.083868719818244,legacy67,minmax,0.7590476190476192,0.8009523809523809,0.04190476190476167,0.9733333333333334,0.92,-0.053333333333333344,0.7857142857142857,0.8809523809523809,0.09523809523809523,33,25
45,12.164139351417056,1.085081386743783,legacy67,minmax,0.7590476190476192,0.8009523809523809,0.04190476190476167,0.9733333333333334,0.92,-0.053333333333333344,0.7857142857142857,0.8809523809523809,0.09523809523809523,33,25
45,12.273800987852958,1.0889790771866297,legacy67,minmax,0.7590476190476192,0.8009523809523809,0.04190476190476167,0.9733333333333334,0.92,-0.053333333333333344,0.7857142857142857,0.8809523809523809,0.09523809523809523,33,25
45,12.604664585649452,1.1005312934444582,legacy67,minmax,0.7590476190476192,0.8009523809523809,0.04190476190476167,0.9733333333333334,0.92,-0.053333333333333344,0.7857142857142857,0.8809523809523809,0.09523809523809523,33,25
45,13.826232179369853,1.1407038455720544,legacy67,minmax,0.7590476190476192,0.8009523809523809,0.04190476190476167,0.9733333333333334,0.92,-0.053333333333333344,0.7857142857142857,0.8809523809523809,0.09523809523809523,33,25
45,16.172900811143133,1.2087879230161587,legacy67,minmax,0.7590476190476192,0.8009523809523809,0.04190476190476167,0.9733333333333334,0.92,-0.053333333333333344,0.7857142857142857,0.8809523809523809,0.09523809523809523,33,25
45,17.123375973163967,1.2335893924658445,legacy67,minmax,0.7590476190476192,0.8009523809523809,0.04190476190476167,0.9733333333333334,0.92,-0.053333333333333344,0.7857142857142857,0.8809523809523809,0.09523809523809523,33,25
45,18.274508859816006,1.2618457138193366,legacy67,minmax,0.7590476190476192,0.8009523809523809,0.04190476190476167,0.9733333333333334,0.92,-0.053333333333333344,0.7857142857142857,0.8809523809523809,0.09523809523809523,33,25
45,20.65142557895924,1.3149500366077174,legacy67,minmax,0.7590476190476192,0.8009523809523809,0.04190476190476167,0.9733333333333334,0.92,-0.053333333333333344,0.7857142857142857,0.8809523809523809,0.09523809523809523,32,25
45,21.36832907235874,1.329770563201687,legacy67,minmax,0.7590476190476192,0.8009523809523809,0.04190476190476167,0.9733333333333334,0.92,-0.053333333333333344,0.7857142857142857,0.8809523809523809,0.09523809523809523,32,25
45,28.340904295147727,1.452413703502374,legacy67,minmax,0.7590476190476192,0.8009523809523809,0.04190476190476167,0.9733333333333334,0.92,-0.053333333333333344,0.7857142857142857,0.8809523809523809,0.09523809523809523,32,25
45,29.154431891537524,1.4647045830997407,legacy67,minmax,0.7590476190476192,0.8009523809523809,0.04190476190476167,0.9733333333333334,0.92,-0.053333333333333344,0.7857142857142857,0.8809523809523809,0.09523809523809523,32,25
45,35.387588647792384,1.5488509703053062,legacy67,minmax,0.7590476190476192,0.8009523809523809,0.04190476190476167,0.9733333333333334,0.92,-0.053333333333333344,0.7857142857142857,0.8809523809523809,0.09523809523809523,32,25
45,37.95853142670639,1.5793094017105953,legacy67,minmax,0.7590476190476192,0.8009523809523809,0.04190476190476167,0.9733333333333334,0.92,-0.053333333333333344,0.7857142857142857,0.8809523809523809,0.09523809523809523,33,25
45,43.37920697490936,1.6372816083151283,legacy67,minmax,0.7590476190476192,0.8009523809523809,0.04190476190476167,0.9733333333333334,0.92,-0.053333333333333344,0.7857142857142857,0.8809523809523809,0.09523809523809523,33,25
45,48.69640941520897,1.6874969400924673,legacy67,minmax,0.7590476190476192,0.8009523809523809,0.04190476190476167,0.9733333333333334,0.92,-0.053333333333333344,0.7857142857142857,0.8809523809523809,0.09523809523809523,33,25
45,57.279044707996185,1.7579957662567565,legacy67,minmax,0.7590476190476192,0.8009523809523809,0.04190476190476167,0.9733333333333334,0.92,-0.053333333333333344,0.7857142857142857,0.8809523809523809,0.09523809523809523,33,25
45,62.45139574743064,1.795542149013333,legacy67,minmax,0.7590476190476192,0.8009523809523809,0.04190476190476167,0.9733333333333334,0.92,-0.053333333333333344,0.7857142857142857,0.8809523809523809,0.09523809523809523,33,26
45,63.512210106406926,1.8028572256396647,legacy67,minmax,0.7590476190476192,0.8009523809523809,0.04190476190476167,0.9733333333333334,0.92,-0.053333333333333344,0.7857142857142857,0.8809523809523809,0.09523809523809523,33,26
45,72.86653737491037,1.8625281322982374,legacy67,minmax,0.7590476190476192,0.8009523809523809,0.04190476190476167,0.9733333333333334,0.92,-0.053333333333333344,0.7857142857142857,0.8809523809523809,0.09523809523809523,33,27
45,75.56810141274423,1.8783385110582342,legacy67,minmax,0.7590476190476192,0.8009523809523809,0.04190476190476167,0.9733333333333334,0.92,-0.053333333333333344,0.7857142857142857,0.8809523809523809,0.09523809523809523,33,28
45,75.79479953347995,1.8796394086479773,legacy67,minmax,0.7590476190476192,0.8009523809523809,0.04190476190476167,0.9733333333333334,0.92,-0.053333333333333344,0.7857142857142857,0.8809523809523809,0.09523809523809523,33,28
45,88.62326508576248,1.9475477464020692,legacy67,minmax,0.7590476190476192,0.8009523809523809,0.04190476190476167,0.9733333333333334,0.92,-0.053333333333333344,0.7857142857142857,0.8809523809523809,0.09523809523809523,33,28
46,0.010521761868451128,-1.9779115315055904,legacy67,minmax,0.0,0.0,0.0,1.0,1.0,0.0,0.0,0.0,0.0,0,0
46,0.012087541473056955,-1.9176620228167902,legacy67,minmax,0.0,0.0,0.0,1.0,1.0,0.0,0.0,0.0,0.0,0,0
46,0.01263794633808287,-1.8983234930236192,legacy67,minmax,0.0,0.0,0.0,1.0,1.0,0.0,0.0,0.0,0.0,0,0
46,0.013726318898045865,-1.8624459155391264,legacy67,minmax,0.0,0.0,0.0,1.0,1.0,0.0,0.0,0.0,0.0,0,0
46,0.0151673306880762,-1.8190908443578477,legacy67,minmax,0.0,0.0,0.0,1.0,1.0,0.0,0.0,0.0,0.0,0,0
46,0.015339162591163618,-1.814198349120009,legacy67,minmax,0.0,0.0,0.0,1.0,1.0,0.0,0.0,0.0,0.0,0,0
46,0.017073967431528118,-1.7676655513272022,legacy67,minmax,0.0,0.0,0.0,1.0,1.0,0.0,0.0,0.0,0.0,1,0
46,0.017956984225677628,-1.7457665988559055,legacy67,minmax,0.0,0.0,0.0,1.0,1.0,0.0,0.0,0.0,0.0,2,0
46,0.018205657658407252,-1.739793628058882,legacy67,minmax,0.0,0.0,0.0,1.0,1.0,0.0,0.0,0.0,0.0,2,1
46,0.019777828512462715,-1.7038213930636386,legacy67,minmax,0.023809523809523725,0.0,-0.023809523809523725,1.0,1.0,0.0,0.023809523809523808,0.0,-0.023809523809523808,2,1
46,0.01987021538542862,-1.7017974252809167,legacy67,minmax,0.023809523809523725,0.0,-0.023809523809523725,1.0,1.0,0.0,0.023809523809523808,0.0,-0.023809523809523808,2,1
46,0.022592797420156945,-1.646029991792322,legacy67,minmax,0.2857142857142856,0.0,-0.2857142857142856,1.0,1.0,0.0,0.2857142857142857,0.0,-0.2857142857142857,3,1
46,0.024586032763280048,-1.6093115439744645,legacy67,minmax,0.33333333333333326,0.5714285714285714,0.23809523809523814,1.0,1.0,0.0,0.3333333333333333,0.5714285714285714,0.23809523809523808,3,1
46,0.027012557725439066,-1.5684342920267822,legacy67,minmax,0.38095238095238093,0.5714285714285714,0.19047619047619047,1.0,1.0,0.0,0.38095238095238093,0.5714285714285714,0.19047619047619047,3,2
46,0.029072088906598435,-1.5365237618994811,legacy67,minmax,0.5,0.5714285714285714,0.0714285714285714,1.0,1.0,0.0,0.5,0.5714285714285714,0.0714285714285714,4,2
46,0.030086868214458433,-1.5216230162467932,legacy67,minmax,0.5,0.5714285714285714,0.0714285714285714,1.0,1.0,0.0,0.5,0.5714285714285714,0.0714285714285714,4,2
46,0.030771802712506853,-1.5118470606208847,legacy67,minmax,0.5238095238095237,0.5714285714285714,0.04761904761904767,1.0,1.0,0.0,0.5238095238095238,0.5714285714285714,0.04761904761904756,4,2
46,0.036138942712165265,-1.4420245573918327,legacy67,minmax,0.5952380952380953,0.5714285714285714,-0.023809523809523947,1.0,1.0,0.0,0.5952380952380952,0.5714285714285714,-0.023809523809523836,4,2
46,0.03661819220392428,-1.4363031001009494,legacy67,minmax,0.5952380952380953,0.5714285714285714,-0.023809523809523947,1.0,1.0,0.0,0.5952380952380952,0.5714285714285714,-0.023809523809523836,4,2
46,0.04207053950287936,-1.3760219186551894,legacy67,minmax,0.6428571428571428,0.5714285714285714,-0.0714285714285714,1.0,1.0,0.0,0.6428571428571429,0.5714285714285714,-0.07142857142857151,4,3
46,0.04207988669606635,-1.375925438230254,legacy67,minmax,0.6428571428571428,0.5714285714285714,-0.0714285714285714,1.0,1.0,0.0,0.6428571428571429,0.5714285714285714,-0.07142857142857151,4,3
46,0.04809461967501572,-1.3179035052508339,legacy67,minmax,0.6876190476190476,0.5952380952380953,-0.09238095238095223,0.9733333333333334,1.0,0.026666666666666616,0.7142857142857143,0.5952380952380952,-0.11904761904761907,5,4
46,0.05337032762603955,-1.2727001311715975,legacy67,minmax,0.660952380952381,0.5952380952380953,-0.06571428571428561,0.9466666666666667,1.0,0.053333333333333344,0.7142857142857143,0.5952380952380952,-0.11904761904761907,5,5
46,0.05415244119402536,-1.2663819605862647,legacy67,minmax,0.660952380952381,0.5952380952380953,-0.06571428571428561,0.9466666666666667,1.0,0.053333333333333344,0.7142857142857143,0.5952380952380952,-0.11904761904761907,5,5
46,0.05488047000766042,-1.2605821778978918,legacy67,minmax,0.6742857142857144,0.5952380952380953,-0.07904761904761903,0.96,1.0,0.040000000000000036,0.7142857142857143,0.5952380952380952,-0.11904761904761907,5,5
46,0.060803901902965994,-1.2160685503234192,legacy67,minmax,0.7457142857142856,0.5952380952380953,-0.1504761904761902,0.96,1.0,0.040000000000000036,0.7857142857142857,0.5952380952380952,-0.19047619047619047,5,5
46,0.06235377135673155,-1.2051372738633104,legacy67,minmax,0.7457142857142856,0.5952380952380953,-0.1504761904761902,0.96,1.0,0.040000000000000036,0.7857142857142857,0.5952380952380952,-0.19047619047619047,5,5
46,0.06290644294586147,-1.201304871366561,legacy67,minmax,0.7457142857142856,0.5952380952380953,-0.1504761904761902,0.96,1.0,0.040000000000000036,0.7857142857142857,0.5952380952380952,-0.19047619047619047,5,5
46,0.07068974950624601,-1.1506435572868954,legacy67,minmax,0.7219047619047618,0.5819047619047619,-0.1399999999999999,0.96,0.9866666666666667,0.026666666666666727,0.7619047619047619,0.5952380952380952,-0.16666666666666663,5,7
46,0.10842262717330158,-0.9648800735999323,legacy67,minmax,0.7190476190476192,0.700952380952381,-0.018095238095238164,0.9333333333333333,0.9866666666666667,0.053333333333333344,0.7857142857142857,0.7142857142857143,-0.0714285714285714,7,8
46,0.12172958098369964,-0.9146038729044164,legacy67,minmax,0.7428571428571429,0.700952380952381,-0.04190476190476189,0.9333333333333333,0.9866666666666667,0.053333333333333344,0.8095238095238095,0.7142857142857143,-0.09523809523809523,8,9
46,0.1329652145729951,-0.876261961250477,legacy67,minmax,0.7428571428571429,0.7247619047619049,-0.018095238095237942,0.9333333333333333,0.9866666666666667,0.053333333333333344,0.8095238095238095,0.7380952380952381,-0.0714285714285714,9,9
46,0.14618962793704957,-0.8350834392078323,legacy67,minmax,0.7666666666666666,0.8438095238095238,0.07714285714285718,0.9333333333333333,0.9866666666666667,0.053333333333333344,0.8333333333333334,0.8571428571428571,0.023809523809523725,10,8
46,0.14742753159914665,-0.8314214058591274,legacy67,minmax,0.7666666666666666,0.8438095238095238,0.07714285714285718,0.9333333333333333,0.9866666666666667,0.053333333333333344,0.8333333333333334,0.8571428571428571,0.023809523809523725,10,8
46,0.16480446427978968,-0.7830310281618491,legacy67,minmax,0.7666666666666666,0.8780952380952383,0.11142857142857165,0.9333333333333333,0.9733333333333334,0.040000000000000036,0.8333333333333334,0.9047619047619048,0.0714285714285714,11,8
46,0.16536937182824418,-0.7815449233065173,legacy67,minmax,0.7666666666666666,0.8780952380952383,0.11142857142857165,0.9333333333333333,0.9733333333333334,0.040000000000000036,0.8333333333333334,0.9047619047619048,0.0714285714285714,11,8
46,0.1753594952976441,-0.7560707131373512,legacy67,minmax,0.7666666666666666,0.8780952380952383,0.11142857142857165,0.9333333333333333,0.9733333333333334,0.040000000000000036,0.8333333333333334,0.9047619047619048,0.0714285714285714,11,8
46,0.17654048052495064,-0.7531556956423562,legacy67,minmax,0.7666666666666666,0.8780952380952383,0.11142857142857165,0.9333333333333333,0.9733333333333334,0.040000000000000036,0.8333333333333334,0.9047619047619048,0.0714285714285714,12,8
46,0.1998634077852887,-0.6992667118930118,legacy67,minmax,0.7428571428571429,0.8780952380952383,0.13523809523809538,0.9333333333333333,0.9733333333333334,0.040000000000000036,0.8095238095238095,0.9047619047619048,0.09523809523809523,12,8
46,0.2001342062287997,-0.6986786769469426,legacy67,minmax,0.7428571428571429,0.8780952380952383,0.13523809523809538,0.9333333333333333,0.9733333333333334,0.040000000000000036,0.8095238095238095,0.9047619047619048,0.09523809523809523,12,8
46,0.21066486017042194,-0.6764079005894033,legacy67,minmax,0.7428571428571429,0.8780952380952383,0.13523809523809538,0.9333333333333333,0.9733333333333334,0.040000000000000036,0.8095238095238095,0.9047619047619048,0.09523809523809523,13,8
46,0.2673088310781669,-0.5729866932256429,legacy67,minmax,0.7666666666666666,0.8780952380952383,0.11142857142857165,0.9333333333333333,0.9733333333333334,0.040000000000000036,0.8333333333333334,0.9047619047619048,0.0714285714285714,15,8
46,0.2715581955282939,-0.5661370858229096,legacy67,minmax,0.7666666666666666,0.8780952380952383,0.11142857142857165,0.9333333333333333,0.9733333333333334,0.040000000000000036,0.8333333333333334,0.9047619047619048,0.0714285714285714,15,8
46,0.292043384718141,-0.5345526268252332,legacy67,minmax,0.7904761904761903,0.8780952380952383,0.08761904761904793,0.9333333333333333,0.9733333333333334,0.040000000000000036,0.8571428571428571,0.9047619047619048,0.04761904761904767,17,8
46,0.314891164795686,-0.50183952461055,legacy67,minmax,0.7904761904761903,0.8780952380952383,0.08761904761904793,0.9333333333333333,0.9733333333333334,0.040000000000000036,0.8571428571428571,0.9047619047619048,0.04761904761904767,17,8
46,0.35868164986275475,-0.44529084124207197,legacy67,minmax,0.7771428571428571,0.8780952380952383,0.10095238095238113,0.92,0.9733333333333334,0.053333333333333344,0.8571428571428571,0.9047619047619048,0.04761904761904767,17,8
46,0.5130551760589832,-0.2898359265658015,legacy67,minmax,0.74,0.8752380952380951,0.13523809523809516,0.9066666666666666,0.9466666666666667,0.040000000000000036,0.8333333333333334,0.9285714285714286,0.09523809523809523,21,8
46,0.5342937261279772,-0.27221992543153695,legacy67,minmax,0.74,0.8752380952380951,0.13523809523809516,0.9066666666666666,0.9466666666666667,0.040000000000000036,0.8333333333333334,0.9285714285714286,0.09523809523809523,21,8
46,0.5762487216478598,-0.23939002504159476,legacy67,minmax,0.74,0.8485714285714288,0.10857142857142876,0.9066666666666666,0.92,0.01333333333333342,0.8333333333333334,0.9285714285714286,0.09523809523809523,21,8
46,0.6672367170464204,-0.17572006313185626,legacy67,minmax,0.74,0.8485714285714288,0.10857142857142876,0.9066666666666666,0.92,0.01333333333333342,0.8333333333333334,0.9285714285714286,0.09523809523809523,21,8
46,0.7742116473996242,-0.1111402993522028,legacy67,minmax,0.74,0.8485714285714288,0.10857142857142876,0.9066666666666666,0.92,0.01333333333333342,0.8333333333333334,0.9285714285714286,0.09523809523809523,23,8
46,0.9444574254983555,-0.02481761454243703,legacy67,minmax,0.7266666666666666,0.8485714285714288,0.12190476190476218,0.8933333333333333,0.92,0.026666666666666727,0.8333333333333334,0.9285714285714286,0.09523809523809523,27,8
46,0.9565499215943818,-0.019292359554919238,legacy67,minmax,0.7133333333333334,0.8485714285714288,0.13523809523809538,0.88,0.92,0.040000000000000036,0.8333333333333334,0.9285714285714286,0.09523809523809523,27,8
46,1.1400863701127315,0.0569377536544464,legacy67,minmax,0.6761904761904762,0.8485714285714288,0.17238095238095252,0.8666666666666667,0.92,0.053333333333333344,0.8095238095238095,0.9285714285714286,0.11904761904761907,27,8
46,1.2030178871154662,0.08027208471124325,legacy67,minmax,0.6761904761904762,0.8485714285714288,0.17238095238095252,0.8666666666666667,0.92,0.053333333333333344,0.8095238095238095,0.9285714285714286,0.11904761904761907,27,8
46,1.2329098365270508,0.0909313175279762,legacy67,minmax,0.6761904761904762,0.8485714285714288,0.17238095238095252,0.8666666666666667,0.92,0.053333333333333344,0.8095238095238095,0.9285714285714286,0.11904761904761907,27,8
46,1.2561043700013554,0.09902572652895136,legacy67,minmax,0.6761904761904762,0.8485714285714288,0.17238095238095252,0.8666666666666667,0.92,0.053333333333333344,0.8095238095238095,0.9285714285714286,0.11904761904761907,27,8
46,1.4817820606039076,0.17078433263299386,legacy67,minmax,0.6761904761904762,0.8485714285714288,0.17238095238095252,0.8666666666666667,0.92,0.053333333333333344,0.8095238095238095,0.9285714285714286,0.11904761904761907,26,8
46,1.5375920235481748,0.1868411173731186,legacy67,minmax,0.6761904761904762,0.8485714285714288,0.17238095238095252,0.8666666666666667,0.92,0.053333333333333344,0.8095238095238095,0.9285714285714286,0.11904761904761907,26,8
46,1.7583640270008503,0.24510879027798493,legacy67,minmax,0.7000000000000002,0.8485714285714288,0.14857142857142858,0.8666666666666667,0.92,0.053333333333333344,0.8333333333333334,0.9285714285714286,0.09523809523809523,26,8
46,2.34238498471129,0.36965827544816987,legacy67,minmax,0.7000000000000002,0.8485714285714288,0.14857142857142858,0.8666666666666667,0.92,0.053333333333333344,0.8333333333333334,0.9285714285714286,0.09523809523809523,28,8
46,2.4637685958997446,0.39159991524434057,legacy67,minmax,0.6761904761904762,0.8485714285714288,0.17238095238095252,0.8666666666666667,0.92,0.053333333333333344,0.8095238095238095,0.9285714285714286,0.11904761904761907,28,8
46,2.4810409748678097,0.3946339367881464,legacy67,minmax,0.6761904761904762,0.8485714285714288,0.17238095238095252,0.8666666666666667,0.92,0.053333333333333344,0.8095238095238095,0.9285714285714286,0.11904761904761907,28,8
46,2.5378155082656626,0.40446004697283516,legacy67,minmax,0.6761904761904762,0.8485714285714288,0.17238095238095252,0.8666666666666667,0.92,0.053333333333333344,0.8095238095238095,0.9285714285714286,0.11904761904761907,28,8
46,2.692646910086177,0.43017940760575346,legacy67,minmax,0.6761904761904762,0.8485714285714288,0.17238095238095252,0.8666666666666667,0.92,0.053333333333333344,0.8095238095238095,0.9285714285714286,0.11904761904761907,29,8
46,2.801635158716258,0.4474115788895179,legacy67,minmax,0.6895238095238096,0.8485714285714288,0.1590476190476191,0.88,0.92,0.040000000000000036,0.8095238095238095,0.9285714285714286,0.11904761904761907,29,8
46,3.113095956122122,0.4931925073102317,legacy67,minmax,0.6657142857142857,0.8485714285714288,0.18285714285714305,0.88,0.92,0.040000000000000036,0.7857142857142857,0.9285714285714286,0.1428571428571429,29,8
46,3.550012525851159,0.5502298854208525,legacy67,minmax,0.6657142857142857,0.8485714285714288,0.18285714285714305,0.88,0.92,0.040000000000000036,0.7857142857142857,0.9285714285714286,0.1428571428571429,29,8
46,4.467752817973904,0.6500891374159279,legacy67,minmax,0.6285714285714286,0.8485714285714288,0.2200000000000002,0.8666666666666667,0.92,0.053333333333333344,0.7619047619047619,0.9285714285714286,0.16666666666666674,29,8
46,5.456725485601473,0.7369321060486276,legacy67,minmax,0.6285714285714286,0.8485714285714288,0.2200000000000002,0.8666666666666667,0.92,0.053333333333333344,0.7619047619047619,0.9285714285714286,0.16666666666666674,29,8
46,6.72093005015611,0.8274293753904685,legacy67,minmax,0.6285714285714286,0.8485714285714288,0.2200000000000002,0.8666666666666667,0.92,0.053333333333333344,0.7619047619047619,0.9285714285714286,0.16666666666666674,29,8
46,6.7965780907581514,0.832290311184182,legacy67,minmax,0.6285714285714286,0.8485714285714288,0.2200000000000002,0.8666666666666667,0.92,0.053333333333333344,0.7619047619047619,0.9285714285714286,0.16666666666666674,29,8
46,7.128188058401357,0.85297914889198,legacy67,minmax,0.6285714285714286,0.8485714285714288,0.2200000000000002,0.8666666666666667,0.92,0.053333333333333344,0.7619047619047619,0.9285714285714286,0.16666666666666674,29,8
46,8.241925264876443,0.9160286721639492,legacy67,minmax,0.6152380952380954,0.8485714285714288,0.2333333333333334,0.8533333333333334,0.92,0.06666666666666665,0.7619047619047619,0.9285714285714286,0.16666666666666674,31,29
46,8.287522363768153,0.9184247133522563,legacy67,minmax,0.6152380952380954,0.8485714285714288,0.2333333333333334,0.8533333333333334,0.92,0.06666666666666665,0.7619047619047619,0.9285714285714286,0.16666666666666674,31,29
46,8.471801418819974,0.9279757672456204,legacy67,minmax,0.6152380952380954,0.8485714285714288,0.2333333333333334,0.8533333333333334,0.92,0.06666666666666665,0.7619047619047619,0.9285714285714286,0.16666666666666674,31,29
46,11.044350847124681,1.0431401944675898,legacy67,minmax,0.578095238095238,0.8485714285714288,0.27047619047619076,0.84,0.92,0.08000000000000007,0.7380952380952381,0.9285714285714286,0.19047619047619047,31,29
46,12.130221181165155,1.083868719818244,legacy67,minmax,0.578095238095238,0.8485714285714288,0.27047619047619076,0.84,0.92,0.08000000000000007,0.7380952380952381,0.9285714285714286,0.19047619047619047,31,29
46,12.164139351417056,1.085081386743783,legacy67,minmax,0.578095238095238,0.8485714285714288,0.27047619047619076,0.84,0.92,0.08000000000000007,0.7380952380952381,0.9285714285714286,0.19047619047619047,31,29
46,12.273800987852958,1.0889790771866297,legacy67,minmax,0.578095238095238,0.8485714285714288,0.27047619047619076,0.84,0.92,0.08000000000000007,0.7380952380952381,0.9285714285714286,0.19047619047619047,31,29
46,12.604664585649452,1.1005312934444582,legacy67,minmax,0.578095238095238,0.8485714285714288,0.27047619047619076,0.84,0.92,0.08000000000000007,0.7380952380952381,0.9285714285714286,0.19047619047619047,31,29
46,13.826232179369853,1.1407038455720544,legacy67,minmax,0.578095238095238,0.8485714285714288,0.27047619047619076,0.84,0.92,0.08000000000000007,0.7380952380952381,0.9285714285714286,0.19047619047619047,32,29
46,16.172900811143133,1.2087879230161587,legacy67,minmax,0.578095238095238,0.8485714285714288,0.27047619047619076,0.84,0.92,0.08000000000000007,0.7380952380952381,0.9285714285714286,0.19047619047619047,32,29
46,17.123375973163967,1.2335893924658445,legacy67,minmax,0.578095238095238,0.8485714285714288,0.27047619047619076,0.84,0.92,0.08000000000000007,0.7380952380952381,0.9285714285714286,0.19047619047619047,32,29
46,18.274508859816006,1.2618457138193366,legacy67,minmax,0.578095238095238,0.8485714285714288,0.27047619047619076,0.84,0.92,0.08000000000000007,0.7380952380952381,0.9285714285714286,0.19047619047619047,32,29
46,20.65142557895924,1.3149500366077174,legacy67,minmax,0.578095238095238,0.8485714285714288,0.27047619047619076,0.84,0.92,0.08000000000000007,0.7380952380952381,0.9285714285714286,0.19047619047619047,32,29
46,21.36832907235874,1.329770563201687,legacy67,minmax,0.578095238095238,0.8485714285714288,0.27047619047619076,0.84,0.92,0.08000000000000007,0.7380952380952381,0.9285714285714286,0.19047619047619047,32,29
46,28.340904295147727,1.452413703502374,legacy67,minmax,0.578095238095238,0.8485714285714288,0.27047619047619076,0.84,0.92,0.08000000000000007,0.7380952380952381,0.9285714285714286,0.19047619047619047,33,29
46,29.154431891537524,1.4647045830997407,legacy67,minmax,0.578095238095238,0.8485714285714288,0.27047619047619076,0.84,0.92,0.08000000000000007,0.7380952380952381,0.9285714285714286,0.19047619047619047,33,29
46,35.387588647792384,1.5488509703053062,legacy67,minmax,0.578095238095238,0.8485714285714288,0.27047619047619076,0.84,0.92,0.08000000000000007,0.7380952380952381,0.9285714285714286,0.19047619047619047,33,29
46,37.95853142670639,1.5793094017105953,legacy67,minmax,0.578095238095238,0.8485714285714288,0.27047619047619076,0.84,0.92,0.08000000000000007,0.7380952380952381,0.9285714285714286,0.19047619047619047,33,29
46,43.37920697490936,1.6372816083151283,legacy67,minmax,0.578095238095238,0.8485714285714288,0.27047619047619076,0.84,0.92,0.08000000000000007,0.7380952380952381,0.9285714285714286,0.19047619047619047,33,29
46,48.69640941520897,1.6874969400924673,legacy67,minmax,0.5542857142857143,0.8485714285714288,0.2942857142857145,0.84,0.92,0.08000000000000007,0.7142857142857143,0.9285714285714286,0.2142857142857143,33,29
46,57.279044707996185,1.7579957662567565,legacy67,minmax,0.5542857142857143,0.8485714285714288,0.2942857142857145,0.84,0.92,0.08000000000000007,0.7142857142857143,0.9285714285714286,0.2142857142857143,33,30
46,62.45139574743064,1.795542149013333,legacy67,minmax,0.5542857142857143,0.8485714285714288,0.2942857142857145,0.84,0.92,0.08000000000000007,0.7142857142857143,0.9285714285714286,0.2142857142857143,33,30
46,63.512210106406926,1.8028572256396647,legacy67,minmax,0.5542857142857143,0.8485714285714288,0.2942857142857145,0.84,0.92,0.08000000000000007,0.7142857142857143,0.9285714285714286,0.2142857142857143,33,30
46,72.86653737491037,1.8625281322982374,legacy67,minmax,0.5409523809523811,0.8485714285714288,0.3076190476190477,0.8266666666666667,0.92,0.09333333333333338,0.7142857142857143,0.9285714285714286,0.2142857142857143,33,31
46,75.56810141274423,1.8783385110582342,legacy67,minmax,0.5409523809523811,0.8485714285714288,0.3076190476190477,0.8266666666666667,0.92,0.09333333333333338,0.7142857142857143,0.9285714285714286,0.2142857142857143,33,31
46,75.79479953347995,1.8796394086479773,legacy67,minmax,0.5409523809523811,0.8485714285714288,0.3076190476190477,0.8266666666666667,0.92,0.09333333333333338,0.7142857142857143,0.9285714285714286,0.2142857142857143,33,31
46,88.62326508576248,1.9475477464020692,legacy67,minmax,0.5409523809523811,0.8485714285714288,0.3076190476190477,0.8266666666666667,0.92,0.09333333333333338,0.7142857142857143,0.9285714285714286,0.2142857142857143,33,32
47,0.010521761868451128,-1.9779115315055904,legacy67,minmax,0.0,0.0,0.0,1.0,1.0,0.0,0.0,0.0,0.0,0,0
47,0.012087541473056955,-1.9176620228167902,legacy67,minmax,0.0,0.0,0.0,1.0,1.0,0.0,0.0,0.0,0.0,0,0
47,0.01263794633808287,-1.8983234930236192,legacy67,minmax,0.0,0.0,0.0,1.0,1.0,0.0,0.0,0.0,0.0,0,0
47,0.013726318898045865,-1.8624459155391264,legacy67,minmax,0.0,0.0,0.0,1.0,1.0,0.0,0.0,0.0,0.0,0,0
47,0.0151673306880762,-1.8190908443578477,legacy67,minmax,0.0,0.0,0.0,1.0,1.0,0.0,0.0,0.0,0.0,0,0
47,0.015339162591163618,-1.814198349120009,legacy67,minmax,0.0,0.0,0.0,1.0,1.0,0.0,0.0,0.0,0.0,0,0
47,0.017073967431528118,-1.7676655513272022,legacy67,minmax,0.0,0.0,0.0,1.0,1.0,0.0,0.0,0.0,0.0,1,0
47,0.017956984225677628,-1.7457665988559055,legacy67,minmax,0.0,0.0,0.0,1.0,1.0,0.0,0.0,0.0,0.0,1,0
47,0.018205657658407252,-1.739793628058882,legacy67,minmax,0.0,0.0,0.0,1.0,1.0,0.0,0.0,0.0,0.0,1,0
47,0.019777828512462715,-1.7038213930636386,legacy67,minmax,0.0,0.0,0.0,1.0,1.0,0.0,0.0,0.0,0.0,2,1
47,0.01987021538542862,-1.7017974252809167,legacy67,minmax,0.0,0.0,0.0,1.0,1.0,0.0,0.0,0.0,0.0,2,1
47,0.022592797420156945,-1.646029991792322,legacy67,minmax,0.1428571428571428,0.0,-0.1428571428571428,1.0,1.0,0.0,0.14285714285714285,0.0,-0.14285714285714285,3,2
47,0.024586032763280048,-1.6093115439744645,legacy67,minmax,0.2857142857142856,0.38095238095238093,0.09523809523809534,1.0,1.0,0.0,0.2857142857142857,0.38095238095238093,0.09523809523809523,3,2
47,0.027012557725439066,-1.5684342920267822,legacy67,minmax,0.30952380952380953,0.38095238095238093,0.0714285714285714,1.0,1.0,0.0,0.30952380952380953,0.38095238095238093,0.0714285714285714,3,2
47,0.029072088906598435,-1.5365237618994811,legacy67,minmax,0.33333333333333326,0.5952380952380953,0.2619047619047621,1.0,1.0,0.0,0.3333333333333333,0.5952380952380952,0.2619047619047619,3,2
47,0.030086868214458433,-1.5216230162467932,legacy67,minmax,0.40476190476190466,0.5952380952380953,0.1904761904761907,1.0,1.0,0.0,0.40476190476190477,0.5952380952380952,0.19047619047619047,3,2
47,0.030771802712506853,-1.5118470606208847,legacy67,minmax,0.4285714285714286,0.5952380952380953,0.16666666666666674,1.0,1.0,0.0,0.42857142857142855,0.5952380952380952,0.16666666666666669,3,2
47,0.036138942712165265,-1.4420245573918327,legacy67,minmax,0.5238095238095237,0.5952380952380953,0.07142857142857162,1.0,1.0,0.0,0.5238095238095238,0.5952380952380952,0.0714285714285714,3,2
47,0.03661819220392428,-1.4363031001009494,legacy67,minmax,0.5238095238095237,0.5952380952380953,0.07142857142857162,1.0,1.0,0.0,0.5238095238095238,0.5952380952380952,0.0714285714285714,3,2
47,0.04207053950287936,-1.3760219186551894,legacy67,minmax,0.5714285714285714,0.6904761904761905,0.11904761904761907,1.0,1.0,0.0,0.5714285714285714,0.6904761904761905,0.11904761904761907,3,2
47,0.04207988669606635,-1.375925438230254,legacy67,minmax,0.5714285714285714,0.6904761904761905,0.11904761904761907,1.0,1.0,0.0,0.5714285714285714,0.6904761904761905,0.11904761904761907,3,2
47,0.04809461967501572,-1.3179035052508339,legacy67,minmax,0.6666666666666665,0.6904761904761905,0.023809523809523947,1.0,1.0,0.0,0.6666666666666666,0.6904761904761905,0.023809523809523836,4,4
47,0.05337032762603955,-1.2727001311715975,legacy67,minmax,0.6666666666666665,0.6904761904761905,0.023809523809523947,1.0,1.0,0.0,0.6666666666666666,0.6904761904761905,0.023809523809523836,5,5
47,0.05415244119402536,-1.2663819605862647,legacy67,minmax,0.6666666666666665,0.6904761904761905,0.023809523809523947,1.0,1.0,0.0,0.6666666666666666,0.6904761904761905,0.023809523809523836,5,5
47,0.05488047000766042,-1.2605821778978918,legacy67,minmax,0.6666666666666665,0.6904761904761905,0.023809523809523947,1.0,1.0,0.0,0.6666666666666666,0.6904761904761905,0.023809523809523836,5,5
47,0.060803901902965994,-1.2160685503234192,legacy67,minmax,0.6904761904761905,0.6904761904761905,0.0,1.0,1.0,0.0,0.6904761904761905,0.6904761904761905,0.0,5,5
47,0.06235377135673155,-1.2051372738633104,legacy67,minmax,0.6904761904761905,0.6904761904761905,0.0,1.0,1.0,0.0,0.6904761904761905,0.6904761904761905,0.0,5,5
47,0.06290644294586147,-1.201304871366561,legacy67,minmax,0.6904761904761905,0.6904761904761905,0.0,1.0,1.0,0.0,0.6904761904761905,0.6904761904761905,0.0,5,5
47,0.07068974950624601,-1.1506435572868954,legacy67,minmax,0.6876190476190476,0.6904761904761905,0.0028571428571428914,0.9733333333333334,1.0,0.026666666666666616,0.7142857142857143,0.6904761904761905,-0.023809523809523836,6,5
47,0.10842262717330158,-0.9648800735999323,legacy67,minmax,0.6980952380952381,0.7380952380952381,0.040000000000000036,0.96,1.0,0.040000000000000036,0.7380952380952381,0.7380952380952381,0.0,10,8
47,0.12172958098369964,-0.9146038729044164,legacy67,minmax,0.7219047619047618,0.7380952380952381,0.01619047619047631,0.96,1.0,0.040000000000000036,0.7619047619047619,0.7380952380952381,-0.023809523809523725,11,8
47,0.1329652145729951,-0.876261961250477,legacy67,minmax,0.7219047619047618,0.7619047619047619,0.040000000000000036,0.96,1.0,0.040000000000000036,0.7619047619047619,0.7619047619047619,0.0,11,9
47,0.14618962793704957,-0.8350834392078323,legacy67,minmax,0.7219047619047618,0.7857142857142856,0.06380952380952376,0.96,1.0,0.040000000000000036,0.7619047619047619,0.7857142857142857,0.023809523809523836,11,9
47,0.14742753159914665,-0.8314214058591274,legacy67,minmax,0.7219047619047618,0.7857142857142856,0.06380952380952376,0.96,1.0,0.040000000000000036,0.7619047619047619,0.7857142857142857,0.023809523809523836,11,9
47,0.16480446427978968,-0.7830310281618491,legacy67,minmax,0.7114285714285715,0.7857142857142856,0.07428571428571407,0.9733333333333334,1.0,0.026666666666666616,0.7380952380952381,0.7857142857142857,0.04761904761904756,12,9
47,0.16536937182824418,-0.7815449233065173,legacy67,minmax,0.7114285714285715,0.7857142857142856,0.07428571428571407,0.9733333333333334,1.0,0.026666666666666616,0.7380952380952381,0.7857142857142857,0.04761904761904756,12,9
47,0.1753594952976441,-0.7560707131373512,legacy67,minmax,0.7114285714285715,0.8095238095238095,0.09809523809523801,0.9733333333333334,1.0,0.026666666666666616,0.7380952380952381,0.8095238095238095,0.0714285714285714,12,9
47,0.17654048052495064,-0.7531556956423562,legacy67,minmax,0.7114285714285715,0.8095238095238095,0.09809523809523801,0.9733333333333334,1.0,0.026666666666666616,0.7380952380952381,0.8095238095238095,0.0714285714285714,13,9
47,0.1998634077852887,-0.6992667118930118,legacy67,minmax,0.7114285714285715,0.8438095238095238,0.13238095238095227,0.9733333333333334,0.9866666666666667,0.013333333333333308,0.7380952380952381,0.8571428571428571,0.11904761904761896,14,9
47,0.2001342062287997,-0.6986786769469426,legacy67,minmax,0.7114285714285715,0.8438095238095238,0.13238095238095227,0.9733333333333334,0.9866666666666667,0.013333333333333308,0.7380952380952381,0.8571428571428571,0.11904761904761896,14,9
47,0.21066486017042194,-0.6764079005894033,legacy67,minmax,0.7114285714285715,0.8438095238095238,0.13238095238095227,0.9733333333333334,0.9866666666666667,0.013333333333333308,0.7380952380952381,0.8571428571428571,0.11904761904761896,14,9
47,0.2673088310781669,-0.5729866932256429,legacy67,minmax,0.7114285714285715,0.8676190476190477,0.1561904761904762,0.9733333333333334,0.9866666666666667,0.013333333333333308,0.7380952380952381,0.8809523809523809,0.1428571428571428,15,9
47,0.2715581955282939,-0.5661370858229096,legacy67,minmax,0.6876190476190476,0.8676190476190477,0.18000000000000016,0.9733333333333334,0.9866666666666667,0.013333333333333308,0.7142857142857143,0.8809523809523809,0.16666666666666663,16,9
47,0.292043384718141,-0.5345526268252332,legacy67,minmax,0.6876190476190476,0.8676190476190477,0.18000000000000016,0.9733333333333334,0.9866666666666667,0.013333333333333308,0.7142857142857143,0.8809523809523809,0.16666666666666663,16,9
47,0.314891164795686,-0.50183952461055,legacy67,minmax,0.6876190476190476,0.8676190476190477,0.18000000000000016,0.9733333333333334,0.9866666666666667,0.013333333333333308,0.7142857142857143,0.8809523809523809,0.16666666666666663,16,9
47,0.35868164986275475,-0.44529084124207197,legacy67,minmax,0.7114285714285715,0.8676190476190477,0.1561904761904762,0.9733333333333334,0.9866666666666667,0.013333333333333308,0.7380952380952381,0.8809523809523809,0.1428571428571428,17,9
47,0.5130551760589832,-0.2898359265658015,legacy67,minmax,0.6876190476190476,0.901904761904762,0.2142857142857144,0.9733333333333334,0.9733333333333334,0.0,0.7142857142857143,0.9285714285714286,0.2142857142857143,20,9
47,0.5342937261279772,-0.27221992543153695,legacy67,minmax,0.6876190476190476,0.901904761904762,0.2142857142857144,0.9733333333333334,0.9733333333333334,0.0,0.7142857142857143,0.9285714285714286,0.2142857142857143,21,9
47,0.5762487216478598,-0.23939002504159476,legacy67,minmax,0.6876190476190476,0.901904761904762,0.2142857142857144,0.9733333333333334,0.9733333333333334,0.0,0.7142857142857143,0.9285714285714286,0.2142857142857143,21,9
47,0.6672367170464204,-0.17572006313185626,legacy67,minmax,0.6638095238095238,0.901904761904762,0.23809523809523814,0.9733333333333334,0.9733333333333334,0.0,0.6904761904761905,0.9285714285714286,0.23809523809523814,23,9
47,0.7742116473996242,-0.1111402993522028,legacy67,minmax,0.677142857142857,0.901904761904762,0.22476190476190494,0.9866666666666667,0.9733333333333334,-0.013333333333333308,0.6904761904761905,0.9285714285714286,0.23809523809523814,24,9
47,0.9444574254983555,-0.02481761454243703,legacy67,minmax,0.6533333333333333,0.8990476190476189,0.24571428571428555,0.9866666666666667,0.9466666666666667,-0.040000000000000036,0.6666666666666666,0.9523809523809523,0.2857142857142857,24,9
47,0.9565499215943818,-0.019292359554919238,legacy67,minmax,0.6533333333333333,0.8990476190476189,0.24571428571428555,0.9866666666666667,0.9466666666666667,-0.040000000000000036,0.6666666666666666,0.9523809523809523,0.2857142857142857,24,9
47,1.1400863701127315,0.0569377536544464,legacy67,minmax,0.6533333333333333,0.8990476190476189,0.24571428571428555,0.9866666666666667,0.9466666666666667,-0.040000000000000036,0.6666666666666666,0.9523809523809523,0.2857142857142857,24,9
47,1.2030178871154662,0.08027208471124325,legacy67,minmax,0.6533333333333333,0.8990476190476189,0.24571428571428555,0.9866666666666667,0.9466666666666667,-0.040000000000000036,0.6666666666666666,0.9523809523809523,0.2857142857142857,24,9
47,1.2329098365270508,0.0909313175279762,legacy67,minmax,0.6533333333333333,0.8990476190476189,0.24571428571428555,0.9866666666666667,0.9466666666666667,-0.040000000000000036,0.6666666666666666,0.9523809523809523,0.2857142857142857,24,9
47,1.2561043700013554,0.09902572652895136,legacy67,minmax,0.6533333333333333,0.8990476190476189,0.24571428571428555,0.9866666666666667,0.9466666666666667,-0.040000000000000036,0.6666666666666666,0.9523809523809523,0.2857142857142857,24,9
47,1.4817820606039076,0.17078433263299386,legacy67,minmax,0.6533333333333333,0.8990476190476189,0.24571428571428555,0.9866666666666667,0.9466666666666667,-0.040000000000000036,0.6666666666666666,0.9523809523809523,0.2857142857142857,24,9
47,1.5375920235481748,0.1868411173731186,legacy67,minmax,0.6533333333333333,0.8990476190476189,0.24571428571428555,0.9866666666666667,0.9466666666666667,-0.040000000000000036,0.6666666666666666,0.9523809523809523,0.2857142857142857,25,9
47,1.7583640270008503,0.24510879027798493,legacy67,minmax,0.6533333333333333,0.8990476190476189,0.24571428571428555,0.9866666666666667,0.9466666666666667,-0.040000000000000036,0.6666666666666666,0.9523809523809523,0.2857142857142857,25,9
47,2.34238498471129,0.36965827544816987,legacy67,minmax,0.6638095238095238,0.8990476190476189,0.23523809523809502,0.9733333333333334,0.9466666666666667,-0.026666666666666727,0.6904761904761905,0.9523809523809523,0.26190476190476186,26,9
47,2.4637685958997446,0.39159991524434057,legacy67,minmax,0.6400000000000001,0.8990476190476189,0.25904761904761875,0.9733333333333334,0.9466666666666667,-0.026666666666666727,0.6666666666666666,0.9523809523809523,0.2857142857142857,26,9
47,2.4810409748678097,0.3946339367881464,legacy67,minmax,0.6400000000000001,0.8990476190476189,0.25904761904761875,0.9733333333333334,0.9466666666666667,-0.026666666666666727,0.6666666666666666,0.9523809523809523,0.2857142857142857,26,9
47,2.5378155082656626,0.40446004697283516,legacy67,minmax,0.6400000000000001,0.8990476190476189,0.25904761904761875,0.9733333333333334,0.9466666666666667,-0.026666666666666727,0.6666666666666666,0.9523809523809523,0.2857142857142857,27,9
47,2.692646910086177,0.43017940760575346,legacy67,minmax,0.6400000000000001,0.8990476190476189,0.25904761904761875,0.9733333333333334,0.9466666666666667,-0.026666666666666727,0.6666666666666666,0.9523809523809523,0.2857142857142857,27,9
47,2.801635158716258,0.4474115788895179,legacy67,minmax,0.6400000000000001,0.8990476190476189,0.25904761904761875,0.9733333333333334,0.9466666666666667,-0.026666666666666727,0.6666666666666666,0.9523809523809523,0.2857142857142857,27,9
47,3.113095956122122,0.4931925073102317,legacy67,minmax,0.6400000000000001,0.8990476190476189,0.25904761904761875,0.9733333333333334,0.9466666666666667,-0.026666666666666727,0.6666666666666666,0.9523809523809523,0.2857142857142857,28,9
47,3.550012525851159,0.5502298854208525,legacy67,minmax,0.6504761904761904,0.8990476190476189,0.24857142857142844,0.96,0.9466666666666667,-0.013333333333333308,0.6904761904761905,0.9523809523809523,0.26190476190476186,30,9
47,4.467752817973904,0.6500891374159279,legacy67,minmax,0.6504761904761904,0.8990476190476189,0.24857142857142844,0.96,0.9466666666666667,-0.013333333333333308,0.6904761904761905,0.9523809523809523,0.26190476190476186,31,9
47,5.456725485601473,0.7369321060486276,legacy67,minmax,0.6504761904761904,0.8990476190476189,0.24857142857142844,0.96,0.9466666666666667,-0.013333333333333308,0.6904761904761905,0.9523809523809523,0.26190476190476186,32,9
47,6.72093005015611,0.8274293753904685,legacy67,minmax,0.6504761904761904,0.8990476190476189,0.24857142857142844,0.96,0.9466666666666667,-0.013333333333333308,0.6904761904761905,0.9523809523809523,0.26190476190476186,32,9
47,6.7965780907581514,0.832290311184182,legacy67,minmax,0.6504761904761904,0.8990476190476189,0.24857142857142844,0.96,0.9466666666666667,-0.013333333333333308,0.6904761904761905,0.9523809523809523,0.26190476190476186,32,9
47,7.128188058401357,0.85297914889198,legacy67,minmax,0.6504761904761904,0.8990476190476189,0.24857142857142844,0.96,0.9466666666666667,-0.013333333333333308,0.6904761904761905,0.9523809523809523,0.26190476190476186,32,9
47,8.241925264876443,0.9160286721639492,legacy67,minmax,0.6504761904761904,0.8990476190476189,0.24857142857142844,0.96,0.9466666666666667,-0.013333333333333308,0.6904761904761905,0.9523809523809523,0.26190476190476186,32,30
47,8.287522363768153,0.9184247133522563,legacy67,minmax,0.6504761904761904,0.8990476190476189,0.24857142857142844,0.96,0.9466666666666667,-0.013333333333333308,0.6904761904761905,0.9523809523809523,0.26190476190476186,32,30
47,8.471801418819974,0.9279757672456204,legacy67,minmax,0.6504761904761904,0.8990476190476189,0.24857142857142844,0.96,0.9466666666666667,-0.013333333333333308,0.6904761904761905,0.9523809523809523,0.26190476190476186,32,30
47,11.044350847124681,1.0431401944675898,legacy67,minmax,0.637142857142857,0.8990476190476189,0.26190476190476186,0.9466666666666667,0.9466666666666667,0.0,0.6904761904761905,0.9523809523809523,0.26190476190476186,33,30
47,12.130221181165155,1.083868719818244,legacy67,minmax,0.637142857142857,0.8990476190476189,0.26190476190476186,0.9466666666666667,0.9466666666666667,0.0,0.6904761904761905,0.9523809523809523,0.26190476190476186,33,30
47,12.164139351417056,1.085081386743783,legacy67,minmax,0.637142857142857,0.8990476190476189,0.26190476190476186,0.9466666666666667,0.9466666666666667,0.0,0.6904761904761905,0.9523809523809523,0.26190476190476186,33,30
47,12.273800987852958,1.0889790771866297,legacy67,minmax,0.637142857142857,0.8990476190476189,0.26190476190476186,0.9466666666666667,0.9466666666666667,0.0,0.6904761904761905,0.9523809523809523,0.26190476190476186,33,30
47,12.604664585649452,1.1005312934444582,legacy67,minmax,0.637142857142857,0.8990476190476189,0.26190476190476186,0.9466666666666667,0.9466666666666667,0.0,0.6904761904761905,0.9523809523809523,0.26190476190476186,33,30
47,13.826232179369853,1.1407038455720544,legacy67,minmax,0.637142857142857,0.8990476190476189,0.26190476190476186,0.9466666666666667,0.9466666666666667,0.0,0.6904761904761905,0.9523809523809523,0.26190476190476186,33,30
47,16.172900811143133,1.2087879230161587,legacy67,minmax,0.637142857142857,0.8990476190476189,0.26190476190476186,0.9466666666666667,0.9466666666666667,0.0,0.6904761904761905,0.9523809523809523,0.26190476190476186,33,30
47,17.123375973163967,1.2335893924658445,legacy67,minmax,0.637142857142857,0.8990476190476189,0.26190476190476186,0.9466666666666667,0.9466666666666667,0.0,0.6904761904761905,0.9523809523809523,0.26190476190476186,33,30
47,18.274508859816006,1.2618457138193366,legacy67,minmax,0.637142857142857,0.8990476190476189,0.26190476190476186,0.9466666666666667,0.9466666666666667,0.0,0.6904761904761905,0.9523809523809523,0.26190476190476186,33,30
47,20.65142557895924,1.3149500366077174,legacy67,minmax,0.637142857142857,0.8990476190476189,0.26190476190476186,0.9466666666666667,0.9466666666666667,0.0,0.6904761904761905,0.9523809523809523,0.26190476190476186,33,30
47,21.36832907235874,1.329770563201687,legacy67,minmax,0.637142857142857,0.8990476190476189,0.26190476190476186,0.9466666666666667,0.9466666666666667,0.0,0.6904761904761905,0.9523809523809523,0.26190476190476186,33,30
47,28.340904295147727,1.452413703502374,legacy67,minmax,0.637142857142857,0.8990476190476189,0.26190476190476186,0.9466666666666667,0.9466666666666667,0.0,0.6904761904761905,0.9523809523809523,0.26190476190476186,33,30
47,29.154431891537524,1.4647045830997407,legacy67,minmax,0.637142857142857,0.8990476190476189,0.26190476190476186,0.9466666666666667,0.9466666666666667,0.0,0.6904761904761905,0.9523809523809523,0.26190476190476186,33,30
47,35.387588647792384,1.5488509703053062,legacy67,minmax,0.637142857142857,0.8990476190476189,0.26190476190476186,0.9466666666666667,0.9466666666666667,0.0,0.6904761904761905,0.9523809523809523,0.26190476190476186,33,30
47,37.95853142670639,1.5793094017105953,legacy67,minmax,0.637142857142857,0.8990476190476189,0.26190476190476186,0.9466666666666667,0.9466666666666667,0.0,0.6904761904761905,0.9523809523809523,0.26190476190476186,33,30
47,43.37920697490936,1.6372816083151283,legacy67,minmax,0.637142857142857,0.8990476190476189,0.26190476190476186,0.9466666666666667,0.9466666666666667,0.0,0.6904761904761905,0.9523809523809523,0.26190476190476186,33,30
47,48.69640941520897,1.6874969400924673,legacy67,minmax,0.637142857142857,0.8990476190476189,0.26190476190476186,0.9466666666666667,0.9466666666666667,0.0,0.6904761904761905,0.9523809523809523,0.26190476190476186,33,30
47,57.279044707996185,1.7579957662567565,legacy67,minmax,0.637142857142857,0.8990476190476189,0.26190476190476186,0.9466666666666667,0.9466666666666667,0.0,0.6904761904761905,0.9523809523809523,0.26190476190476186,33,30
47,62.45139574743064,1.795542149013333,legacy67,minmax,0.637142857142857,0.8990476190476189,0.26190476190476186,0.9466666666666667,0.9466666666666667,0.0,0.6904761904761905,0.9523809523809523,0.26190476190476186,33,31
47,63.512210106406926,1.8028572256396647,legacy67,minmax,0.637142857142857,0.8990476190476189,0.26190476190476186,0.9466666666666667,0.9466666666666667,0.0,0.6904761904761905,0.9523809523809523,0.26190476190476186,33,31
47,72.86653737491037,1.8625281322982374,legacy67,minmax,0.637142857142857,0.8990476190476189,0.26190476190476186,0.9466666666666667,0.9466666666666667,0.0,0.6904761904761905,0.9523809523809523,0.26190476190476186,33,31
47,75.56810141274423,1.8783385110582342,legacy67,minmax,0.637142857142857,0.8990476190476189,0.26190476190476186,0.9466666666666667,0.9466666666666667,0.0,0.6904761904761905,0.9523809523809523,0.26190476190476186,33,32
47,75.79479953347995,1.8796394086479773,legacy67,minmax,0.637142857142857,0.8990476190476189,0.26190476190476186,0.9466666666666667,0.9466666666666667,0.0,0.6904761904761905,0.9523809523809523,0.26190476190476186,33,32
47,88.62326508576248,1.9475477464020692,legacy67,minmax,0.637142857142857,0.8990476190476189,0.26190476190476186,0.9466666666666667,0.9466666666666667,0.0,0.6904761904761905,0.9523809523809523,0.26190476190476186,33,32
48,0.010521761868451128,-1.9779115315055904,legacy67,minmax,0.0,0.0,0.0,1.0,1.0,0.0,0.0,0.0,0.0,0,0
48,0.012087541473056955,-1.9176620228167902,legacy67,minmax,0.0,0.0,0.0,1.0,1.0,0.0,0.0,0.0,0.0,0,0
48,0.01263794633808287,-1.8983234930236192,legacy67,minmax,0.0,0.0,0.0,1.0,1.0,0.0,0.0,0.0,0.0,0,0
48,0.013726318898045865,-1.8624459155391264,legacy67,minmax,0.0,0.0,0.0,1.0,1.0,0.0,0.0,0.0,0.0,0,0
48,0.0151673306880762,-1.8190908443578477,legacy67,minmax,0.0,0.0,0.0,1.0,1.0,0.0,0.0,0.0,0.0,0,0
48,0.015339162591163618,-1.814198349120009,legacy67,minmax,0.0,0.0,0.0,1.0,1.0,0.0,0.0,0.0,0.0,0,0
48,0.017073967431528118,-1.7676655513272022,legacy67,minmax,0.0,0.0,0.0,1.0,1.0,0.0,0.0,0.0,0.0,1,0
48,0.017956984225677628,-1.7457665988559055,legacy67,minmax,0.0,0.0,0.0,1.0,1.0,0.0,0.0,0.0,0.0,1,1
48,0.018205657658407252,-1.739793628058882,legacy67,minmax,0.0,0.0,0.0,1.0,1.0,0.0,0.0,0.0,0.0,1,1
48,0.019777828512462715,-1.7038213930636386,legacy67,minmax,0.0714285714285714,0.0,-0.0714285714285714,1.0,1.0,0.0,0.07142857142857142,0.0,-0.07142857142857142,1,2
48,0.01987021538542862,-1.7017974252809167,legacy67,minmax,0.0714285714285714,0.0,-0.0714285714285714,1.0,1.0,0.0,0.07142857142857142,0.0,-0.07142857142857142,1,2
48,0.022592797420156945,-1.646029991792322,legacy67,minmax,0.09523809523809534,0.2723809523809524,0.17714285714285705,1.0,0.9866666666666667,-0.013333333333333308,0.09523809523809523,0.2857142857142857,0.19047619047619047,3,2
48,0.024586032763280048,-1.6093115439744645,legacy67,minmax,0.16666666666666674,0.2723809523809524,0.10571428571428565,1.0,0.9866666666666667,-0.013333333333333308,0.16666666666666666,0.2857142857142857,0.11904761904761904,4,2
48,0.027012557725439066,-1.5684342920267822,legacy67,minmax,0.26190476190476186,0.2723809523809524,0.010476190476190528,1.0,0.9866666666666667,-0.013333333333333308,0.2619047619047619,0.2857142857142857,0.02380952380952378,4,2
48,0.029072088906598435,-1.5365237618994811,legacy67,minmax,0.3571428571428572,0.2723809523809524,-0.08476190476190482,1.0,0.9866666666666667,-0.013333333333333308,0.35714285714285715,0.2857142857142857,-0.07142857142857145,4,2
48,0.030086868214458433,-1.5216230162467932,legacy67,minmax,0.40476190476190466,0.2723809523809524,-0.13238095238095227,1.0,0.9866666666666667,-0.013333333333333308,0.40476190476190477,0.2857142857142857,-0.11904761904761907,4,2
48,0.030771802712506853,-1.5118470606208847,legacy67,minmax,0.40476190476190466,0.3542857142857143,-0.05047619047619034,1.0,0.9733333333333334,-0.026666666666666616,0.40476190476190477,0.38095238095238093,-0.023809523809523836,4,2
48,0.036138942712165265,-1.4420245573918327,legacy67,minmax,0.46285714285714286,0.3542857142857143,-0.10857142857142854,0.9866666666666667,0.9733333333333334,-0.013333333333333308,0.47619047619047616,0.38095238095238093,-0.09523809523809523,5,2
48,0.03661819220392428,-1.4363031001009494,legacy67,minmax,0.46285714285714286,0.6400000000000001,0.17714285714285727,0.9866666666666667,0.9733333333333334,-0.013333333333333308,0.47619047619047616,0.6666666666666666,0.19047619047619047,5,2
48,0.04207053950287936,-1.3760219186551894,legacy67,minmax,0.5104761904761905,0.6400000000000001,0.1295238095238096,0.9866666666666667,0.9733333333333334,-0.013333333333333308,0.5238095238095238,0.6666666666666666,0.1428571428571428,5,2
48,0.04207988669606635,-1.375925438230254,legacy67,minmax,0.5104761904761905,0.6400000000000001,0.1295238095238096,0.9866666666666667,0.9733333333333334,-0.013333333333333308,0.5238095238095238,0.6666666666666666,0.1428571428571428,5,2
48,0.04809461967501572,-1.3179035052508339,legacy67,minmax,0.6295238095238096,0.6400000000000001,0.010476190476190528,0.9866666666666667,0.9733333333333334,-0.013333333333333308,0.6428571428571429,0.6666666666666666,0.023809523809523725,5,2
48,0.05337032762603955,-1.2727001311715975,legacy67,minmax,0.6295238095238096,0.6400000000000001,0.010476190476190528,0.9866666666666667,0.9733333333333334,-0.013333333333333308,0.6428571428571429,0.6666666666666666,0.023809523809523725,5,2
48,0.05415244119402536,-1.2663819605862647,legacy67,minmax,0.6295238095238096,0.6400000000000001,0.010476190476190528,0.9866666666666667,0.9733333333333334,-0.013333333333333308,0.6428571428571429,0.6666666666666666,0.023809523809523725,5,2
48,0.05488047000766042,-1.2605821778978918,legacy67,minmax,0.6295238095238096,0.6400000000000001,0.010476190476190528,0.9866666666666667,0.9733333333333334,-0.013333333333333308,0.6428571428571429,0.6666666666666666,0.023809523809523725,5,3
48,0.060803901902965994,-1.2160685503234192,legacy67,minmax,0.6161904761904764,0.6400000000000001,0.023809523809523725,0.9733333333333334,0.9733333333333334,0.0,0.6428571428571429,0.6666666666666666,0.023809523809523725,5,4
48,0.06235377135673155,-1.2051372738633104,legacy67,minmax,0.6161904761904764,0.6400000000000001,0.023809523809523725,0.9733333333333334,0.9733333333333334,0.0,0.6428571428571429,0.6666666666666666,0.023809523809523725,5,4
48,0.06290644294586147,-1.201304871366561,legacy67,minmax,0.6161904761904764,0.6400000000000001,0.023809523809523725,0.9733333333333334,0.9733333333333334,0.0,0.6428571428571429,0.6666666666666666,0.023809523809523725,5,4
48,0.07068974950624601,-1.1506435572868954,legacy67,minmax,0.6400000000000001,0.6400000000000001,0.0,0.9733333333333334,0.9733333333333334,0.0,0.6666666666666666,0.6666666666666666,0.0,6,4
48,0.10842262717330158,-0.9648800735999323,legacy67,minmax,0.6400000000000001,0.7352380952380952,0.09523809523809512,0.9733333333333334,0.9733333333333334,0.0,0.6666666666666666,0.7619047619047619,0.09523809523809523,8,6
48,0.12172958098369964,-0.9146038729044164,legacy67,minmax,0.6161904761904764,0.7828571428571429,0.16666666666666652,0.9733333333333334,0.9733333333333334,0.0,0.6428571428571429,0.8095238095238095,0.16666666666666663,9,6
48,0.1329652145729951,-0.876261961250477,legacy67,minmax,0.6400000000000001,0.7828571428571429,0.1428571428571428,0.9733333333333334,0.9733333333333334,0.0,0.6666666666666666,0.8095238095238095,0.1428571428571429,11,6
48,0.14618962793704957,-0.8350834392078323,legacy67,minmax,0.6400000000000001,0.7828571428571429,0.1428571428571428,0.9733333333333334,0.9733333333333334,0.0,0.6666666666666666,0.8095238095238095,0.1428571428571429,11,7
48,0.14742753159914665,-0.8314214058591274,legacy67,minmax,0.6400000000000001,0.7828571428571429,0.1428571428571428,0.9733333333333334,0.9733333333333334,0.0,0.6666666666666666,0.8095238095238095,0.1428571428571429,11,7
48,0.16480446427978968,-0.7830310281618491,legacy67,minmax,0.6400000000000001,0.7828571428571429,0.1428571428571428,0.9733333333333334,0.9733333333333334,0.0,0.6666666666666666,0.8095238095238095,0.1428571428571429,11,7
48,0.16536937182824418,-0.7815449233065173,legacy67,minmax,0.6400000000000001,0.7828571428571429,0.1428571428571428,0.9733333333333334,0.9733333333333334,0.0,0.6666666666666666,0.8095238095238095,0.1428571428571429,11,7
48,0.1753594952976441,-0.7560707131373512,legacy67,minmax,0.6400000000000001,0.7828571428571429,0.1428571428571428,0.9733333333333334,0.9733333333333334,0.0,0.6666666666666666,0.8095238095238095,0.1428571428571429,13,7
48,0.17654048052495064,-0.7531556956423562,legacy67,minmax,0.6400000000000001,0.7828571428571429,0.1428571428571428,0.9733333333333334,0.9733333333333334,0.0,0.6666666666666666,0.8095238095238095,0.1428571428571429,13,7
48,0.1998634077852887,-0.6992667118930118,legacy67,minmax,0.6266666666666665,0.7828571428571429,0.15619047619047643,0.96,0.9733333333333334,0.01333333333333342,0.6666666666666666,0.8095238095238095,0.1428571428571429,13,7
48,0.2001342062287997,-0.6986786769469426,legacy67,minmax,0.6266666666666665,0.7828571428571429,0.15619047619047643,0.96,0.9733333333333334,0.01333333333333342,0.6666666666666666,0.8095238095238095,0.1428571428571429,13,7
48,0.21066486017042194,-0.6764079005894033,legacy67,minmax,0.6266666666666665,0.7828571428571429,0.15619047619047643,0.96,0.9733333333333334,0.01333333333333342,0.6666666666666666,0.8095238095238095,0.1428571428571429,13,7
48,0.2673088310781669,-0.5729866932256429,legacy67,minmax,0.6266666666666665,0.7828571428571429,0.15619047619047643,0.96,0.9733333333333334,0.01333333333333342,0.6666666666666666,0.8095238095238095,0.1428571428571429,16,9
48,0.2715581955282939,-0.5661370858229096,legacy67,minmax,0.6266666666666665,0.7828571428571429,0.15619047619047643,0.96,0.9733333333333334,0.01333333333333342,0.6666666666666666,0.8095238095238095,0.1428571428571429,16,9
48,0.292043384718141,-0.5345526268252332,legacy67,minmax,0.6266666666666665,0.7828571428571429,0.15619047619047643,0.96,0.9733333333333334,0.01333333333333342,0.6666666666666666,0.8095238095238095,0.1428571428571429,16,10
48,0.314891164795686,-0.50183952461055,legacy67,minmax,0.6266666666666665,0.7828571428571429,0.15619047619047643,0.96,0.9733333333333334,0.01333333333333342,0.6666666666666666,0.8095238095238095,0.1428571428571429,16,11
48,0.35868164986275475,-0.44529084124207197,legacy67,minmax,0.6504761904761904,0.7828571428571429,0.1323809523809525,0.96,0.9733333333333334,0.01333333333333342,0.6904761904761905,0.8095238095238095,0.11904761904761907,16,11
48,0.5130551760589832,-0.2898359265658015,legacy67,minmax,0.637142857142857,0.8304761904761904,0.19333333333333336,0.9466666666666667,0.9733333333333334,0.026666666666666727,0.6904761904761905,0.8571428571428571,0.16666666666666663,22,10
48,0.5342937261279772,-0.27221992543153695,legacy67,minmax,0.637142857142857,0.8304761904761904,0.19333333333333336,0.9466666666666667,0.9733333333333334,0.026666666666666727,0.6904761904761905,0.8571428571428571,0.16666666666666663,22,10
48,0.5762487216478598,-0.23939002504159476,legacy67,minmax,0.6000000000000001,0.8304761904761904,0.23047619047619028,0.9333333333333333,0.9733333333333334,0.040000000000000036,0.6666666666666666,0.8571428571428571,0.19047619047619047,23,10
48,0.6672367170464204,-0.17572006313185626,legacy67,minmax,0.6000000000000001,0.8304761904761904,0.23047619047619028,0.9333333333333333,0.9733333333333334,0.040000000000000036,0.6666666666666666,0.8571428571428571,0.19047619047619047,25,10
48,0.7742116473996242,-0.1111402993522028,legacy67,minmax,0.5895238095238096,0.8304761904761904,0.2409523809523808,0.9466666666666667,0.9733333333333334,0.026666666666666727,0.6428571428571429,0.8571428571428571,0.2142857142857142,27,10
48,0.9444574254983555,-0.02481761454243703,legacy67,minmax,0.6000000000000001,0.8542857142857143,0.2542857142857142,0.9333333333333333,0.9733333333333334,0.040000000000000036,0.6666666666666666,0.8809523809523809,0.2142857142857143,27,10
48,0.9565499215943818,-0.019292359554919238,legacy67,minmax,0.6000000000000001,0.8542857142857143,0.2542857142857142,0.9333333333333333,0.9733333333333334,0.040000000000000036,0.6666666666666666,0.8809523809523809,0.2142857142857143,27,10
48,1.1400863701127315,0.0569377536544464,legacy67,minmax,0.660952380952381,0.8380952380952382,0.17714285714285727,0.9466666666666667,0.9333333333333333,-0.013333333333333308,0.7142857142857143,0.9047619047619048,0.19047619047619047,26,10
48,1.2030178871154662,0.08027208471124325,legacy67,minmax,0.660952380952381,0.8380952380952382,0.17714285714285727,0.9466666666666667,0.9333333333333333,-0.013333333333333308,0.7142857142857143,0.9047619047619048,0.19047619047619047,26,10
48,1.2329098365270508,0.0909313175279762,legacy67,minmax,0.6847619047619049,0.8380952380952382,0.15333333333333332,0.9466666666666667,0.9333333333333333,-0.013333333333333308,0.7380952380952381,0.9047619047619048,0.16666666666666663,26,10
48,1.2561043700013554,0.09902572652895136,legacy67,minmax,0.6847619047619049,0.8380952380952382,0.15333333333333332,0.9466666666666667,0.9333333333333333,-0.013333333333333308,0.7380952380952381,0.9047619047619048,0.16666666666666663,27,10
48,1.4817820606039076,0.17078433263299386,legacy67,minmax,0.6714285714285715,0.8380952380952382,0.16666666666666674,0.9333333333333333,0.9333333333333333,0.0,0.7380952380952381,0.9047619047619048,0.16666666666666663,27,10
48,1.5375920235481748,0.1868411173731186,legacy67,minmax,0.6714285714285715,0.8380952380952382,0.16666666666666674,0.9333333333333333,0.9333333333333333,0.0,0.7380952380952381,0.9047619047619048,0.16666666666666663,27,10
48,1.7583640270008503,0.24510879027798493,legacy67,minmax,0.6714285714285715,0.8380952380952382,0.16666666666666674,0.9333333333333333,0.9333333333333333,0.0,0.7380952380952381,0.9047619047619048,0.16666666666666663,27,10
48,2.34238498471129,0.36965827544816987,legacy67,minmax,0.6952380952380952,0.8380952380952382,0.14285714285714302,0.9333333333333333,0.9333333333333333,0.0,0.7619047619047619,0.9047619047619048,0.1428571428571429,28,10
48,2.4637685958997446,0.39159991524434057,legacy67,minmax,0.6952380952380952,0.8380952380952382,0.14285714285714302,0.9333333333333333,0.9333333333333333,0.0,0.7619047619047619,0.9047619047619048,0.1428571428571429,28,10
48,2.4810409748678097,0.3946339367881464,legacy67,minmax,0.6952380952380952,0.8380952380952382,0.14285714285714302,0.9333333333333333,0.9333333333333333,0.0,0.7619047619047619,0.9047619047619048,0.1428571428571429,28,10
48,2.5378155082656626,0.40446004697283516,legacy67,minmax,0.6952380952380952,0.8380952380952382,0.14285714285714302,0.9333333333333333,0.9333333333333333,0.0,0.7619047619047619,0.9047619047619048,0.1428571428571429,28,10
48,2.692646910086177,0.43017940760575346,legacy67,minmax,0.6952380952380952,0.8380952380952382,0.14285714285714302,0.9333333333333333,0.9333333333333333,0.0,0.7619047619047619,0.9047619047619048,0.1428571428571429,28,10
48,2.801635158716258,0.4474115788895179,legacy67,minmax,0.6952380952380952,0.8380952380952382,0.14285714285714302,0.9333333333333333,0.9333333333333333,0.0,0.7619047619047619,0.9047619047619048,0.1428571428571429,28,10
48,3.113095956122122,0.4931925073102317,legacy67,minmax,0.6952380952380952,0.8380952380952382,0.14285714285714302,0.9333333333333333,0.9333333333333333,0.0,0.7619047619047619,0.9047619047619048,0.1428571428571429,28,10
48,3.550012525851159,0.5502298854208525,legacy67,minmax,0.6952380952380952,0.8380952380952382,0.14285714285714302,0.9333333333333333,0.9333333333333333,0.0,0.7619047619047619,0.9047619047619048,0.1428571428571429,29,10
48,4.467752817973904,0.6500891374159279,legacy67,minmax,0.6952380952380952,0.8380952380952382,0.14285714285714302,0.9333333333333333,0.9333333333333333,0.0,0.7619047619047619,0.9047619047619048,0.1428571428571429,29,10
48,5.456725485601473,0.7369321060486276,legacy67,minmax,0.6923809523809523,0.8380952380952382,0.1457142857142859,0.9066666666666666,0.9333333333333333,0.026666666666666727,0.7857142857142857,0.9047619047619048,0.11904761904761907,30,10
48,6.72093005015611,0.8274293753904685,legacy67,minmax,0.6923809523809523,0.8380952380952382,0.1457142857142859,0.9066666666666666,0.9333333333333333,0.026666666666666727,0.7857142857142857,0.9047619047619048,0.11904761904761907,30,10
48,6.7965780907581514,0.832290311184182,legacy67,minmax,0.6923809523809523,0.8380952380952382,0.1457142857142859,0.9066666666666666,0.9333333333333333,0.026666666666666727,0.7857142857142857,0.9047619047619048,0.11904761904761907,30,27
48,7.128188058401357,0.85297914889198,legacy67,minmax,0.6923809523809523,0.8380952380952382,0.1457142857142859,0.9066666666666666,0.9333333333333333,0.026666666666666727,0.7857142857142857,0.9047619047619048,0.11904761904761907,30,27
48,8.241925264876443,0.9160286721639492,legacy67,minmax,0.6923809523809523,0.8380952380952382,0.1457142857142859,0.9066666666666666,0.9333333333333333,0.026666666666666727,0.7857142857142857,0.9047619047619048,0.11904761904761907,31,27
48,8.287522363768153,0.9184247133522563,legacy67,minmax,0.6923809523809523,0.8380952380952382,0.1457142857142859,0.9066666666666666,0.9333333333333333,0.026666666666666727,0.7857142857142857,0.9047619047619048,0.11904761904761907,31,27
48,8.471801418819974,0.9279757672456204,legacy67,minmax,0.6923809523809523,0.8380952380952382,0.1457142857142859,0.9066666666666666,0.9333333333333333,0.026666666666666727,0.7857142857142857,0.9047619047619048,0.11904761904761907,31,27
48,11.044350847124681,1.0431401944675898,legacy67,minmax,0.6790476190476191,0.8380952380952382,0.1590476190476191,0.8933333333333333,0.9333333333333333,0.040000000000000036,0.7857142857142857,0.9047619047619048,0.11904761904761907,31,27
48,12.130221181165155,1.083868719818244,legacy67,minmax,0.6657142857142857,0.8380952380952382,0.17238095238095252,0.88,0.9333333333333333,0.053333333333333344,0.7857142857142857,0.9047619047619048,0.11904761904761907,31,27
48,12.164139351417056,1.085081386743783,legacy67,minmax,0.6657142857142857,0.8380952380952382,0.17238095238095252,0.88,0.9333333333333333,0.053333333333333344,0.7857142857142857,0.9047619047619048,0.11904761904761907,31,27
48,12.273800987852958,1.0889790771866297,legacy67,minmax,0.6657142857142857,0.8380952380952382,0.17238095238095252,0.88,0.9333333333333333,0.053333333333333344,0.7857142857142857,0.9047619047619048,0.11904761904761907,31,27
48,12.604664585649452,1.1005312934444582,legacy67,minmax,0.6657142857142857,0.8380952380952382,0.17238095238095252,0.88,0.9333333333333333,0.053333333333333344,0.7857142857142857,0.9047619047619048,0.11904761904761907,31,27
48,13.826232179369853,1.1407038455720544,legacy67,minmax,0.6657142857142857,0.8380952380952382,0.17238095238095252,0.88,0.9333333333333333,0.053333333333333344,0.7857142857142857,0.9047619047619048,0.11904761904761907,31,27
48,16.172900811143133,1.2087879230161587,legacy67,minmax,0.6657142857142857,0.8380952380952382,0.17238095238095252,0.88,0.9333333333333333,0.053333333333333344,0.7857142857142857,0.9047619047619048,0.11904761904761907,32,27
48,17.123375973163967,1.2335893924658445,legacy67,minmax,0.6657142857142857,0.8380952380952382,0.17238095238095252,0.88,0.9333333333333333,0.053333333333333344,0.7857142857142857,0.9047619047619048,0.11904761904761907,32,27
48,18.274508859816006,1.2618457138193366,legacy67,minmax,0.6657142857142857,0.8380952380952382,0.17238095238095252,0.88,0.9333333333333333,0.053333333333333344,0.7857142857142857,0.9047619047619048,0.11904761904761907,32,27
48,20.65142557895924,1.3149500366077174,legacy67,minmax,0.6657142857142857,0.8380952380952382,0.17238095238095252,0.88,0.9333333333333333,0.053333333333333344,0.7857142857142857,0.9047619047619048,0.11904761904761907,32,27
48,21.36832907235874,1.329770563201687,legacy67,minmax,0.6657142857142857,0.8380952380952382,0.17238095238095252,0.88,0.9333333333333333,0.053333333333333344,0.7857142857142857,0.9047619047619048,0.11904761904761907,32,27
48,28.340904295147727,1.452413703502374,legacy67,minmax,0.7133333333333334,0.8380952380952382,0.12476190476190485,0.88,0.9333333333333333,0.053333333333333344,0.8333333333333334,0.9047619047619048,0.0714285714285714,32,27
48,29.154431891537524,1.4647045830997407,legacy67,minmax,0.7133333333333334,0.8380952380952382,0.12476190476190485,0.88,0.9333333333333333,0.053333333333333344,0.8333333333333334,0.9047619047619048,0.0714285714285714,32,27
48,35.387588647792384,1.5488509703053062,legacy67,minmax,0.7133333333333334,0.861904761904762,0.14857142857142858,0.88,0.9333333333333333,0.053333333333333344,0.8333333333333334,0.9285714285714286,0.09523809523809523,32,27
48,37.95853142670639,1.5793094017105953,legacy67,minmax,0.6895238095238096,0.861904761904762,0.1723809523809523,0.88,0.9333333333333333,0.053333333333333344,0.8095238095238095,0.9285714285714286,0.11904761904761907,33,27
48,43.37920697490936,1.6372816083151283,legacy67,minmax,0.6895238095238096,0.861904761904762,0.1723809523809523,0.88,0.9333333333333333,0.053333333333333344,0.8095238095238095,0.9285714285714286,0.11904761904761907,33,27
48,48.69640941520897,1.6874969400924673,legacy67,minmax,0.6895238095238096,0.861904761904762,0.1723809523809523,0.88,0.9333333333333333,0.053333333333333344,0.8095238095238095,0.9285714285714286,0.11904761904761907,33,27
48,57.279044707996185,1.7579957662567565,legacy67,minmax,0.6761904761904762,0.861904761904762,0.18571428571428572,0.8666666666666667,0.9333333333333333,0.06666666666666665,0.8095238095238095,0.9285714285714286,0.11904761904761907,33,27
48,62.45139574743064,1.795542149013333,legacy67,minmax,0.6761904761904762,0.861904761904762,0.18571428571428572,0.8666666666666667,0.9333333333333333,0.06666666666666665,0.8095238095238095,0.9285714285714286,0.11904761904761907,33,29
48,63.512210106406926,1.8028572256396647,legacy67,minmax,0.6761904761904762,0.861904761904762,0.18571428571428572,0.8666666666666667,0.9333333333333333,0.06666666666666665,0.8095238095238095,0.9285714285714286,0.11904761904761907,33,29
48,72.86653737491037,1.8625281322982374,legacy67,minmax,0.6761904761904762,0.861904761904762,0.18571428571428572,0.8666666666666667,0.9333333333333333,0.06666666666666665,0.8095238095238095,0.9285714285714286,0.11904761904761907,33,29
48,75.56810141274423,1.8783385110582342,legacy67,minmax,0.6761904761904762,0.861904761904762,0.18571428571428572,0.8666666666666667,0.9333333333333333,0.06666666666666665,0.8095238095238095,0.9285714285714286,0.11904761904761907,33,29
48,75.79479953347995,1.8796394086479773,legacy67,minmax,0.6761904761904762,0.861904761904762,0.18571428571428572,0.8666666666666667,0.9333333333333333,0.06666666666666665,0.8095238095238095,0.9285714285714286,0.11904761904761907,33,29
48,88.62326508576248,1.9475477464020692,legacy67,minmax,0.6761904761904762,0.861904761904762,0.18571428571428572,0.8666666666666667,0.9333333333333333,0.06666666666666665,0.8095238095238095,0.9285714285714286,0.11904761904761907,33,29
49,0.010521761868451128,-1.9779115315055904,legacy67,minmax,0.0,0.0,0.0,1.0,1.0,0.0,0.0,0.0,0.0,0,0
49,0.012087541473056955,-1.9176620228167902,legacy67,minmax,0.0,0.0,0.0,1.0,1.0,0.0,0.0,0.0,0.0,0,0
49,0.01263794633808287,-1.8983234930236192,legacy67,minmax,0.0,0.0,0.0,1.0,1.0,0.0,0.0,0.0,0.0,0,0
49,0.013726318898045865,-1.8624459155391264,legacy67,minmax,0.0,0.0,0.0,1.0,1.0,0.0,0.0,0.0,0.0,0,0
49,0.0151673306880762,-1.8190908443578477,legacy67,minmax,0.0,0.0,0.0,1.0,1.0,0.0,0.0,0.0,0.0,0,0
49,0.015339162591163618,-1.814198349120009,legacy67,minmax,0.0,0.0,0.0,1.0,1.0,0.0,0.0,0.0,0.0,0,0
49,0.017073967431528118,-1.7676655513272022,legacy67,minmax,0.0,0.0,0.0,1.0,1.0,0.0,0.0,0.0,0.0,1,0
49,0.017956984225677628,-1.7457665988559055,legacy67,minmax,0.0,0.0,0.0,1.0,1.0,0.0,0.0,0.0,0.0,1,0
49,0.018205657658407252,-1.739793628058882,legacy67,minmax,0.0,0.0,0.0,1.0,1.0,0.0,0.0,0.0,0.0,1,1
49,0.019777828512462715,-1.7038213930636386,legacy67,minmax,0.0,0.0,0.0,1.0,1.0,0.0,0.0,0.0,0.0,2,1
49,0.01987021538542862,-1.7017974252809167,legacy67,minmax,0.0,0.0,0.0,1.0,1.0,0.0,0.0,0.0,0.0,2,1
49,0.022592797420156945,-1.646029991792322,legacy67,minmax,0.11904761904761907,0.33333333333333326,0.2142857142857142,1.0,1.0,0.0,0.11904761904761904,0.3333333333333333,0.21428571428571427,3,2
49,0.024586032763280048,-1.6093115439744645,legacy67,minmax,0.26190476190476186,0.33333333333333326,0.0714285714285714,1.0,1.0,0.0,0.2619047619047619,0.3333333333333333,0.0714285714285714,3,2
49,0.027012557725439066,-1.5684342920267822,legacy67,minmax,0.30952380952380953,0.33333333333333326,0.023809523809523725,1.0,1.0,0.0,0.30952380952380953,0.3333333333333333,0.02380952380952378,3,2
49,0.029072088906598435,-1.5365237618994811,legacy67,minmax,0.3571428571428572,0.5714285714285714,0.2142857142857142,1.0,1.0,0.0,0.35714285714285715,0.5714285714285714,0.21428571428571425,3,2
49,0.030086868214458433,-1.5216230162467932,legacy67,minmax,0.3571428571428572,0.5714285714285714,0.2142857142857142,1.0,1.0,0.0,0.35714285714285715,0.5714285714285714,0.21428571428571425,3,2
49,0.030771802712506853,-1.5118470606208847,legacy67,minmax,0.40476190476190466,0.5714285714285714,0.16666666666666674,1.0,1.0,0.0,0.40476190476190477,0.5714285714285714,0.16666666666666663,3,2
49,0.036138942712165265,-1.4420245573918327,legacy67,minmax,0.5952380952380953,0.5714285714285714,-0.023809523809523947,1.0,1.0,0.0,0.5952380952380952,0.5714285714285714,-0.023809523809523836,3,2
49,0.03661819220392428,-1.4363031001009494,legacy67,minmax,0.5952380952380953,0.5714285714285714,-0.023809523809523947,1.0,1.0,0.0,0.5952380952380952,0.5714285714285714,-0.023809523809523836,3,2
49,0.04207053950287936,-1.3760219186551894,legacy67,minmax,0.6666666666666665,0.6904761904761905,0.023809523809523947,1.0,1.0,0.0,0.6666666666666666,0.6904761904761905,0.023809523809523836,3,3
49,0.04207988669606635,-1.375925438230254,legacy67,minmax,0.6666666666666665,0.6904761904761905,0.023809523809523947,1.0,1.0,0.0,0.6666666666666666,0.6904761904761905,0.023809523809523836,3,3
49,0.04809461967501572,-1.3179035052508339,legacy67,minmax,0.6904761904761905,0.6904761904761905,0.0,1.0,1.0,0.0,0.6904761904761905,0.6904761904761905,0.0,5,4
49,0.05337032762603955,-1.2727001311715975,legacy67,minmax,0.6904761904761905,0.6904761904761905,0.0,1.0,1.0,0.0,0.6904761904761905,0.6904761904761905,0.0,5,4
49,0.05415244119402536,-1.2663819605862647,legacy67,minmax,0.6904761904761905,0.6904761904761905,0.0,1.0,1.0,0.0,0.6904761904761905,0.6904761904761905,0.0,5,4
49,0.05488047000766042,-1.2605821778978918,legacy67,minmax,0.6904761904761905,0.6904761904761905,0.0,1.0,1.0,0.0,0.6904761904761905,0.6904761904761905,0.0,5,4
49,0.060803901902965994,-1.2160685503234192,legacy67,minmax,0.6904761904761905,0.6904761904761905,0.0,1.0,1.0,0.0,0.6904761904761905,0.6904761904761905,0.0,5,5
49,0.06235377135673155,-1.2051372738633104,legacy67,minmax,0.6904761904761905,0.6904761904761905,0.0,1.0,1.0,0.0,0.6904761904761905,0.6904761904761905,0.0,5,5
49,0.06290644294586147,-1.201304871366561,legacy67,minmax,0.6904761904761905,0.6904761904761905,0.0,1.0,1.0,0.0,0.6904761904761905,0.6904761904761905,0.0,5,6
49,0.07068974950624601,-1.1506435572868954,legacy67,minmax,0.677142857142857,0.6904761904761905,0.01333333333333342,0.9866666666666667,1.0,0.013333333333333308,0.6904761904761905,0.6904761904761905,0.0,6,6
49,0.10842262717330158,-0.9648800735999323,legacy67,minmax,0.6980952380952381,0.7619047619047619,0.06380952380952376,0.96,1.0,0.040000000000000036,0.7380952380952381,0.7619047619047619,0.023809523809523725,8,9
49,0.12172958098369964,-0.9146038729044164,legacy67,minmax,0.7219047619047618,0.8095238095238095,0.08761904761904771,0.96,1.0,0.040000000000000036,0.7619047619047619,0.8095238095238095,0.04761904761904767,8,9
49,0.1329652145729951,-0.876261961250477,legacy67,minmax,0.7457142857142856,0.7961904761904761,0.05047619047619056,0.96,0.9866666666666667,0.026666666666666727,0.7857142857142857,0.8095238095238095,0.023809523809523836,10,9
49,0.14618962793704957,-0.8350834392078323,legacy67,minmax,0.7457142857142856,0.7961904761904761,0.05047619047619056,0.96,0.9866666666666667,0.026666666666666727,0.7857142857142857,0.8095238095238095,0.023809523809523836,11,9
49,0.14742753159914665,-0.8314214058591274,legacy67,minmax,0.7457142857142856,0.7961904761904761,0.05047619047619056,0.96,0.9866666666666667,0.026666666666666727,0.7857142857142857,0.8095238095238095,0.023809523809523836,12,9
49,0.16480446427978968,-0.7830310281618491,legacy67,minmax,0.7457142857142856,0.7961904761904761,0.05047619047619056,0.96,0.9866666666666667,0.026666666666666727,0.7857142857142857,0.8095238095238095,0.023809523809523836,13,9
49,0.16536937182824418,-0.7815449233065173,legacy67,minmax,0.7457142857142856,0.7961904761904761,0.05047619047619056,0.96,0.9866666666666667,0.026666666666666727,0.7857142857142857,0.8095238095238095,0.023809523809523836,13,9
49,0.1753594952976441,-0.7560707131373512,legacy67,minmax,0.7457142857142856,0.7961904761904761,0.05047619047619056,0.96,0.9866666666666667,0.026666666666666727,0.7857142857142857,0.8095238095238095,0.023809523809523836,13,9
49,0.17654048052495064,-0.7531556956423562,legacy67,minmax,0.7457142857142856,0.7961904761904761,0.05047619047619056,0.96,0.9866666666666667,0.026666666666666727,0.7857142857142857,0.8095238095238095,0.023809523809523836,13,9
49,0.1998634077852887,-0.6992667118930118,legacy67,minmax,0.7457142857142856,0.7961904761904761,0.05047619047619056,0.96,0.9866666666666667,0.026666666666666727,0.7857142857142857,0.8095238095238095,0.023809523809523836,13,9
49,0.2001342062287997,-0.6986786769469426,legacy67,minmax,0.7457142857142856,0.7961904761904761,0.05047619047619056,0.96,0.9866666666666667,0.026666666666666727,0.7857142857142857,0.8095238095238095,0.023809523809523836,13,9
49,0.21066486017042194,-0.6764079005894033,legacy67,minmax,0.7457142857142856,0.7961904761904761,0.05047619047619056,0.96,0.9866666666666667,0.026666666666666727,0.7857142857142857,0.8095238095238095,0.023809523809523836,13,9
49,0.2673088310781669,-0.5729866932256429,legacy67,minmax,0.7457142857142856,0.7961904761904761,0.05047619047619056,0.96,0.9866666666666667,0.026666666666666727,0.7857142857142857,0.8095238095238095,0.023809523809523836,14,8
49,0.2715581955282939,-0.5661370858229096,legacy67,minmax,0.7457142857142856,0.7961904761904761,0.05047619047619056,0.96,0.9866666666666667,0.026666666666666727,0.7857142857142857,0.8095238095238095,0.023809523809523836,14,8
49,0.292043384718141,-0.5345526268252332,legacy67,minmax,0.7457142857142856,0.7961904761904761,0.05047619047619056,0.96,0.9866666666666667,0.026666666666666727,0.7857142857142857,0.8095238095238095,0.023809523809523836,15,8
49,0.314891164795686,-0.50183952461055,legacy67,minmax,0.7219047619047618,0.7961904761904761,0.07428571428571429,0.96,0.9866666666666667,0.026666666666666727,0.7619047619047619,0.8095238095238095,0.04761904761904767,15,8
49,0.35868164986275475,-0.44529084124207197,legacy67,minmax,0.7323809523809524,0.7961904761904761,0.06380952380952376,0.9466666666666667,0.9866666666666667,0.040000000000000036,0.7857142857142857,0.8095238095238095,0.023809523809523836,15,8
49,0.5130551760589832,-0.2898359265658015,legacy67,minmax,0.7323809523809524,0.8200000000000001,0.08761904761904771,0.9466666666666667,0.9866666666666667,0.040000000000000036,0.7857142857142857,0.8333333333333334,0.04761904761904767,17,8
49,0.5342937261279772,-0.27221992543153695,legacy67,minmax,0.7323809523809524,0.8200000000000001,0.08761904761904771,0.9466666666666667,0.9866666666666667,0.040000000000000036,0.7857142857142857,0.8333333333333334,0.04761904761904767,17,8
49,0.5762487216478598,-0.23939002504159476,legacy67,minmax,0.7323809523809524,0.8200000000000001,0.08761904761904771,0.9466666666666667,0.9866666666666667,0.040000000000000036,0.7857142857142857,0.8333333333333334,0.04761904761904767,17,8
49,0.6672367170464204,-0.17572006313185626,legacy67,minmax,0.7323809523809524,0.8200000000000001,0.08761904761904771,0.9466666666666667,0.9866666666666667,0.040000000000000036,0.7857142857142857,0.8333333333333334,0.04761904761904767,18,8
49,0.7742116473996242,-0.1111402993522028,legacy67,minmax,0.7085714285714286,0.8200000000000001,0.11142857142857143,0.9466666666666667,0.9866666666666667,0.040000000000000036,0.7619047619047619,0.8333333333333334,0.07142857142857151,18,8
49,0.9444574254983555,-0.02481761454243703,legacy67,minmax,0.7219047619047618,0.8200000000000001,0.09809523809523824,0.96,0.9866666666666667,0.026666666666666727,0.7619047619047619,0.8333333333333334,0.07142857142857151,20,8
49,0.9565499215943818,-0.019292359554919238,legacy67,minmax,0.7219047619047618,0.8200000000000001,0.09809523809523824,0.96,0.9866666666666667,0.026666666666666727,0.7619047619047619,0.8333333333333334,0.07142857142857151,20,8
49,1.1400863701127315,0.0569377536544464,legacy67,minmax,0.7219047619047618,0.8200000000000001,0.09809523809523824,0.96,0.9866666666666667,0.026666666666666727,0.7619047619047619,0.8333333333333334,0.07142857142857151,22,8
49,1.2030178871154662,0.08027208471124325,legacy67,minmax,0.7352380952380952,0.8200000000000001,0.08476190476190482,0.9733333333333334,0.9866666666666667,0.013333333333333308,0.7619047619047619,0.8333333333333334,0.07142857142857151,22,8
49,1.2329098365270508,0.0909313175279762,legacy67,minmax,0.7219047619047618,0.8200000000000001,0.09809523809523824,0.96,0.9866666666666667,0.026666666666666727,0.7619047619047619,0.8333333333333334,0.07142857142857151,22,8
49,1.2561043700013554,0.09902572652895136,legacy67,minmax,0.7219047619047618,0.8200000000000001,0.09809523809523824,0.96,0.9866666666666667,0.026666666666666727,0.7619047619047619,0.8333333333333334,0.07142857142857151,22,8
49,1.4817820606039076,0.17078433263299386,legacy67,minmax,0.7457142857142856,0.8200000000000001,0.07428571428571451,0.96,0.9866666666666667,0.026666666666666727,0.7857142857142857,0.8333333333333334,0.04761904761904767,23,8
49,1.5375920235481748,0.1868411173731186,legacy67,minmax,0.7457142857142856,0.8200000000000001,0.07428571428571451,0.96,0.9866666666666667,0.026666666666666727,0.7857142857142857,0.8333333333333334,0.04761904761904767,23,8
49,1.7583640270008503,0.24510879027798493,legacy67,minmax,0.7457142857142856,0.8200000000000001,0.07428571428571451,0.96,0.9866666666666667,0.026666666666666727,0.7857142857142857,0.8333333333333334,0.04761904761904767,24,8
49,2.34238498471129,0.36965827544816987,legacy67,minmax,0.7695238095238095,0.8200000000000001,0.05047619047619056,0.96,0.9866666666666667,0.026666666666666727,0.8095238095238095,0.8333333333333334,0.023809523809523836,28,8
49,2.4637685958997446,0.39159991524434057,legacy67,minmax,0.7695238095238095,0.8200000000000001,0.05047619047619056,0.96,0.9866666666666667,0.026666666666666727,0.8095238095238095,0.8333333333333334,0.023809523809523836,28,8
49,2.4810409748678097,0.3946339367881464,legacy67,minmax,0.7695238095238095,0.8200000000000001,0.05047619047619056,0.96,0.9866666666666667,0.026666666666666727,0.8095238095238095,0.8333333333333334,0.023809523809523836,28,8
49,2.5378155082656626,0.40446004697283516,legacy67,minmax,0.7695238095238095,0.8200000000000001,0.05047619047619056,0.96,0.9866666666666667,0.026666666666666727,0.8095238095238095,0.8333333333333334,0.023809523809523836,29,8
49,2.692646910086177,0.43017940760575346,legacy67,minmax,0.7561904761904761,0.8200000000000001,0.06380952380952398,0.9466666666666667,0.9866666666666667,0.040000000000000036,0.8095238095238095,0.8333333333333334,0.023809523809523836,29,8
49,2.801635158716258,0.4474115788895179,legacy67,minmax,0.7561904761904761,0.8200000000000001,0.06380952380952398,0.9466666666666667,0.9866666666666667,0.040000000000000036,0.8095238095238095,0.8333333333333334,0.023809523809523836,29,8
49,3.113095956122122,0.4931925073102317,legacy67,minmax,0.7561904761904761,0.8200000000000001,0.06380952380952398,0.9466666666666667,0.9866666666666667,0.040000000000000036,0.8095238095238095,0.8333333333333334,0.023809523809523836,28,8
49,3.550012525851159,0.5502298854208525,legacy67,minmax,0.7323809523809524,0.8200000000000001,0.08761904761904771,0.9466666666666667,0.9866666666666667,0.040000000000000036,0.7857142857142857,0.8333333333333334,0.04761904761904767,28,8
49,4.467752817973904,0.6500891374159279,legacy67,minmax,0.6847619047619049,0.8200000000000001,0.13523809523809516,0.9466666666666667,0.9866666666666667,0.040000000000000036,0.7380952380952381,0.8333333333333334,0.09523809523809523,30,8
49,5.456725485601473,0.7369321060486276,legacy67,minmax,0.660952380952381,0.8200000000000001,0.1590476190476191,0.9466666666666667,0.9866666666666667,0.040000000000000036,0.7142857142857143,0.8333333333333334,0.11904761904761907,30,8
49,6.72093005015611,0.8274293753904685,legacy67,minmax,0.6476190476190475,0.8200000000000001,0.17238095238095252,0.9333333333333333,0.9866666666666667,0.053333333333333344,0.7142857142857143,0.8333333333333334,0.11904761904761907,31,8
49,6.7965780907581514,0.832290311184182,legacy67,minmax,0.6476190476190475,0.8200000000000001,0.17238095238095252,0.9333333333333333,0.9866666666666667,0.053333333333333344,0.7142857142857143,0.8333333333333334,0.11904761904761907,31,8
49,7.128188058401357,0.85297914889198,legacy67,minmax,0.6476190476190475,0.8200000000000001,0.17238095238095252,0.9333333333333333,0.9866666666666667,0.053333333333333344,0.7142857142857143,0.8333333333333334,0.11904761904761907,31,8
49,8.241925264876443,0.9160286721639492,legacy67,minmax,0.6714285714285715,0.8200000000000001,0.14857142857142858,0.9333333333333333,0.9866666666666667,0.053333333333333344,0.7380952380952381,0.8333333333333334,0.09523809523809523,32,28
49,8.287522363768153,0.9184247133522563,legacy67,minmax,0.6714285714285715,0.8200000000000001,0.14857142857142858,0.9333333333333333,0.9866666666666667,0.053333333333333344,0.7380952380952381,0.8333333333333334,0.09523809523809523,32,28
49,8.471801418819974,0.9279757672456204,legacy67,minmax,0.6714285714285715,0.8200000000000001,0.14857142857142858,0.9333333333333333,0.9866666666666667,0.053333333333333344,0.7380952380952381,0.8333333333333334,0.09523809523809523,32,28
49,11.044350847124681,1.0431401944675898,legacy67,minmax,0.6580952380952381,0.8200000000000001,0.161904761904762,0.92,0.9866666666666667,0.06666666666666665,0.7380952380952381,0.8333333333333334,0.09523809523809523,33,28
49,12.130221181165155,1.083868719818244,legacy67,minmax,0.6580952380952381,0.8200000000000001,0.161904761904762,0.92,0.9866666666666667,0.06666666666666665,0.7380952380952381,0.8333333333333334,0.09523809523809523,33,28
49,12.164139351417056,1.085081386743783,legacy67,minmax,0.6580952380952381,0.8200000000000001,0.161904761904762,0.92,0.9866666666666667,0.06666666666666665,0.7380952380952381,0.8333333333333334,0.09523809523809523,33,28
49,12.273800987852958,1.0889790771866297,legacy67,minmax,0.6580952380952381,0.8200000000000001,0.161904761904762,0.92,0.9866666666666667,0.06666666666666665,0.7380952380952381,0.8333333333333334,0.09523809523809523,33,28
49,12.604664585649452,1.1005312934444582,legacy67,minmax,0.6580952380952381,0.8200000000000001,0.161904761904762,0.92,0.9866666666666667,0.06666666666666665,0.7380952380952381,0.8333333333333334,0.09523809523809523,33,28
49,13.826232179369853,1.1407038455720544,legacy67,minmax,0.6580952380952381,0.8542857142857143,0.19619047619047625,0.92,0.9733333333333334,0.053333333333333344,0.7380952380952381,0.8809523809523809,0.1428571428571428,33,28
49,16.172900811143133,1.2087879230161587,legacy67,minmax,0.6580952380952381,0.8542857142857143,0.19619047619047625,0.92,0.9733333333333334,0.053333333333333344,0.7380952380952381,0.8809523809523809,0.1428571428571428,33,28
49,17.123375973163967,1.2335893924658445,legacy67,minmax,0.6580952380952381,0.8542857142857143,0.19619047619047625,0.92,0.9733333333333334,0.053333333333333344,0.7380952380952381,0.8809523809523809,0.1428571428571428,33,28
49,18.274508859816006,1.2618457138193366,legacy67,minmax,0.6580952380952381,0.8542857142857143,0.19619047619047625,0.92,0.9733333333333334,0.053333333333333344,0.7380952380952381,0.8809523809523809,0.1428571428571428,33,28
49,20.65142557895924,1.3149500366077174,legacy67,minmax,0.6580952380952381,0.8542857142857143,0.19619047619047625,0.92,0.9733333333333334,0.053333333333333344,0.7380952380952381,0.8809523809523809,0.1428571428571428,33,28
49,21.36832907235874,1.329770563201687,legacy67,minmax,0.6580952380952381,0.8542857142857143,0.19619047619047625,0.92,0.9733333333333334,0.053333333333333344,0.7380952380952381,0.8809523809523809,0.1428571428571428,33,28
49,28.340904295147727,1.452413703502374,legacy67,minmax,0.6580952380952381,0.8542857142857143,0.19619047619047625,0.92,0.9733333333333334,0.053333333333333344,0.7380952380952381,0.8809523809523809,0.1428571428571428,33,29
49,29.154431891537524,1.4647045830997407,legacy67,minmax,0.6580952380952381,0.8542857142857143,0.19619047619047625,0.92,0.9733333333333334,0.053333333333333344,0.7380952380952381,0.8809523809523809,0.1428571428571428,33,29
49,35.387588647792384,1.5488509703053062,legacy67,minmax,0.6819047619047618,0.8542857142857143,0.17238095238095252,0.92,0.9733333333333334,0.053333333333333344,0.7619047619047619,0.8809523809523809,0.11904761904761907,33,29
49,37.95853142670639,1.5793094017105953,legacy67,minmax,0.6819047619047618,0.8542857142857143,0.17238095238095252,0.92,0.9733333333333334,0.053333333333333344,0.7619047619047619,0.8809523809523809,0.11904761904761907,33,29
49,43.37920697490936,1.6372816083151283,legacy67,minmax,0.6819047619047618,0.8542857142857143,0.17238095238095252,0.92,0.9733333333333334,0.053333333333333344,0.7619047619047619,0.8809523809523809,0.11904761904761907,33,29
49,48.69640941520897,1.6874969400924673,legacy67,minmax,0.6819047619047618,0.8542857142857143,0.17238095238095252,0.92,0.9733333333333334,0.053333333333333344,0.7619047619047619,0.8809523809523809,0.11904761904761907,33,29
49,57.279044707996185,1.7579957662567565,legacy67,minmax,0.6819047619047618,0.8542857142857143,0.17238095238095252,0.92,0.9733333333333334,0.053333333333333344,0.7619047619047619,0.8809523809523809,0.11904761904761907,33,31
49,62.45139574743064,1.795542149013333,legacy67,minmax,0.6819047619047618,0.8542857142857143,0.17238095238095252,0.92,0.9733333333333334,0.053333333333333344,0.7619047619047619,0.8809523809523809,0.11904761904761907,33,31
49,63.512210106406926,1.8028572256396647,legacy67,minmax,0.6819047619047618,0.8542857142857143,0.17238095238095252,0.92,0.9733333333333334,0.053333333333333344,0.7619047619047619,0.8809523809523809,0.11904761904761907,33,31
49,72.86653737491037,1.8625281322982374,legacy67,minmax,0.6819047619047618,0.8542857142857143,0.17238095238095252,0.92,0.9733333333333334,0.053333333333333344,0.7619047619047619,0.8809523809523809,0.11904761904761907,33,31
49,75.56810141274423,1.8783385110582342,legacy67,minmax,0.6819047619047618,0.8542857142857143,0.17238095238095252,0.92,0.9733333333333334,0.053333333333333344,0.7619047619047619,0.8809523809523809,0.11904761904761907,33,31
49,75.79479953347995,1.8796394086479773,legacy67,minmax,0.6819047619047618,0.8542857142857143,0.17238095238095252,0.92,0.9733333333333334,0.053333333333333344,0.7619047619047619,0.8809523809523809,0.11904761904761907,33,31
49,88.62326508576248,1.9475477464020692,legacy67,minmax,0.6819047619047618,0.8542857142857143,0.17238095238095252,0.92,0.9733333333333334,0.053333333333333344,0.7619047619047619,0.8809523809523809,0.11904761904761907,33,32
50,0.010521761868451128,-1.9779115315055904,legacy67,minmax,0.0,0.0,0.0,1.0,1.0,0.0,0.0,0.0,0.0,0,0
50,0.012087541473056955,-1.9176620228167902,legacy67,minmax,0.0,0.0,0.0,1.0,1.0,0.0,0.0,0.0,0.0,0,0
50,0.01263794633808287,-1.8983234930236192,legacy67,minmax,0.0,0.0,0.0,1.0,1.0,0.0,0.0,0.0,0.0,0,0
50,0.013726318898045865,-1.8624459155391264,legacy67,minmax,0.0,0.0,0.0,1.0,1.0,0.0,0.0,0.0,0.0,0,0
50,0.0151673306880762,-1.8190908443578477,legacy67,minmax,0.0,0.0,0.0,1.0,1.0,0.0,0.0,0.0,0.0,0,0
50,0.015339162591163618,-1.814198349120009,legacy67,minmax,0.0,0.0,0.0,1.0,1.0,0.0,0.0,0.0,0.0,0,0
50,0.017073967431528118,-1.7676655513272022,legacy67,minmax,0.0,0.0,0.0,1.0,1.0,0.0,0.0,0.0,0.0,1,1
50,0.017956984225677628,-1.7457665988559055,legacy67,minmax,0.0,0.0,0.0,1.0,1.0,0.0,0.0,0.0,0.0,2,1
50,0.018205657658407252,-1.739793628058882,legacy67,minmax,0.0,0.0,0.0,1.0,1.0,0.0,0.0,0.0,0.0,2,1
50,0.019777828512462715,-1.7038213930636386,legacy67,minmax,0.023809523809523725,0.0,-0.023809523809523725,1.0,1.0,0.0,0.023809523809523808,0.0,-0.023809523809523808,2,1
50,0.01987021538542862,-1.7017974252809167,legacy67,minmax,0.023809523809523725,0.0,-0.023809523809523725,1.0,1.0,0.0,0.023809523809523808,0.0,-0.023809523809523808,2,1
50,0.022592797420156945,-1.646029991792322,legacy67,minmax,0.0714285714285714,0.4761904761904763,0.4047619047619049,1.0,1.0,0.0,0.07142857142857142,0.47619047619047616,0.40476190476190477,3,1
50,0.024586032763280048,-1.6093115439744645,legacy67,minmax,0.2857142857142856,0.4761904761904763,0.1904761904761907,1.0,1.0,0.0,0.2857142857142857,0.47619047619047616,0.19047619047619047,3,1
50,0.027012557725439066,-1.5684342920267822,legacy67,minmax,0.3571428571428572,0.4761904761904763,0.11904761904761907,1.0,1.0,0.0,0.35714285714285715,0.47619047619047616,0.11904761904761901,3,1
50,0.029072088906598435,-1.5365237618994811,legacy67,minmax,0.40476190476190466,0.4761904761904763,0.07142857142857162,1.0,1.0,0.0,0.40476190476190477,0.47619047619047616,0.0714285714285714,3,2
50,0.030086868214458433,-1.5216230162467932,legacy67,minmax,0.4761904761904763,0.4761904761904763,0.0,1.0,1.0,0.0,0.47619047619047616,0.47619047619047616,0.0,3,2
50,0.030771802712506853,-1.5118470606208847,legacy67,minmax,0.5,0.4761904761904763,-0.023809523809523725,1.0,1.0,0.0,0.5,0.47619047619047616,-0.023809523809523836,3,2
50,0.036138942712165265,-1.4420245573918327,legacy67,minmax,0.5238095238095237,0.4761904761904763,-0.04761904761904745,1.0,1.0,0.0,0.5238095238095238,0.47619047619047616,-0.04761904761904767,3,2
50,0.03661819220392428,-1.4363031001009494,legacy67,minmax,0.5476190476190477,0.4761904761904763,-0.0714285714285714,1.0,1.0,0.0,0.5476190476190477,0.47619047619047616,-0.07142857142857151,3,2
50,0.04207053950287936,-1.3760219186551894,legacy67,minmax,0.5714285714285714,0.4761904761904763,-0.09523809523809512,1.0,1.0,0.0,0.5714285714285714,0.47619047619047616,-0.09523809523809523,3,2
50,0.04207988669606635,-1.375925438230254,legacy67,minmax,0.5714285714285714,0.4761904761904763,-0.09523809523809512,1.0,1.0,0.0,0.5714285714285714,0.47619047619047616,-0.09523809523809523,3,2
50,0.04809461967501572,-1.3179035052508339,legacy67,minmax,0.6428571428571428,0.4761904761904763,-0.16666666666666652,1.0,1.0,0.0,0.6428571428571429,0.47619047619047616,-0.16666666666666674,3,3
50,0.05337032762603955,-1.2727001311715975,legacy67,minmax,0.6666666666666665,0.5714285714285714,-0.09523809523809512,1.0,1.0,0.0,0.6666666666666666,0.5714285714285714,-0.09523809523809523,4,3
50,0.05415244119402536,-1.2663819605862647,legacy67,minmax,0.6666666666666665,0.5714285714285714,-0.09523809523809512,1.0,1.0,0.0,0.6666666666666666,0.5714285714285714,-0.09523809523809523,4,3
50,0.05488047000766042,-1.2605821778978918,legacy67,minmax,0.6904761904761905,0.5714285714285714,-0.11904761904761907,1.0,1.0,0.0,0.6904761904761905,0.5714285714285714,-0.11904761904761907,4,3
50,0.060803901902965994,-1.2160685503234192,legacy67,minmax,0.6904761904761905,0.5714285714285714,-0.11904761904761907,1.0,1.0,0.0,0.6904761904761905,0.5714285714285714,-0.11904761904761907,4,3
50,0.06235377135673155,-1.2051372738633104,legacy67,minmax,0.6904761904761905,0.5714285714285714,-0.11904761904761907,1.0,1.0,0.0,0.6904761904761905,0.5714285714285714,-0.11904761904761907,4,3
50,0.06290644294586147,-1.201304871366561,legacy67,minmax,0.6904761904761905,0.5714285714285714,-0.11904761904761907,1.0,1.0,0.0,0.6904761904761905,0.5714285714285714,-0.11904761904761907,4,3
50,0.07068974950624601,-1.1506435572868954,legacy67,minmax,0.6904761904761905,0.5714285714285714,-0.11904761904761907,1.0,1.0,0.0,0.6904761904761905,0.5714285714285714,-0.11904761904761907,5,4
50,0.10842262717330158,-0.9648800735999323,legacy67,minmax,0.6638095238095238,0.6904761904761905,0.026666666666666616,0.9733333333333334,1.0,0.026666666666666616,0.6904761904761905,0.6904761904761905,0.0,7,8
50,0.12172958098369964,-0.9146038729044164,legacy67,minmax,0.6876190476190476,0.7619047619047619,0.07428571428571429,0.9733333333333334,1.0,0.026666666666666616,0.7142857142857143,0.7619047619047619,0.04761904761904756,8,8
50,0.1329652145729951,-0.876261961250477,legacy67,minmax,0.6876190476190476,0.7619047619047619,0.07428571428571429,0.9733333333333334,1.0,0.026666666666666616,0.7142857142857143,0.7619047619047619,0.04761904761904756,9,8
50,0.14618962793704957,-0.8350834392078323,legacy67,minmax,0.6742857142857144,0.7619047619047619,0.08761904761904749,0.96,1.0,0.040000000000000036,0.7142857142857143,0.7619047619047619,0.04761904761904756,9,8
50,0.14742753159914665,-0.8314214058591274,legacy67,minmax,0.6742857142857144,0.7619047619047619,0.08761904761904749,0.96,1.0,0.040000000000000036,0.7142857142857143,0.7619047619047619,0.04761904761904756,9,8
50,0.16480446427978968,-0.7830310281618491,legacy67,minmax,0.6742857142857144,0.8095238095238095,0.13523809523809516,0.96,1.0,0.040000000000000036,0.7142857142857143,0.8095238095238095,0.09523809523809523,13,8
50,0.16536937182824418,-0.7815449233065173,legacy67,minmax,0.6742857142857144,0.8095238095238095,0.13523809523809516,0.96,1.0,0.040000000000000036,0.7142857142857143,0.8095238095238095,0.09523809523809523,13,8
50,0.1753594952976441,-0.7560707131373512,legacy67,minmax,0.6742857142857144,0.8095238095238095,0.13523809523809516,0.96,1.0,0.040000000000000036,0.7142857142857143,0.8095238095238095,0.09523809523809523,13,8
50,0.17654048052495064,-0.7531556956423562,legacy67,minmax,0.6980952380952381,0.8095238095238095,0.11142857142857143,0.96,1.0,0.040000000000000036,0.7380952380952381,0.8095238095238095,0.0714285714285714,13,8
50,0.1998634077852887,-0.6992667118930118,legacy67,minmax,0.6980952380952381,0.8095238095238095,0.11142857142857143,0.96,1.0,0.040000000000000036,0.7380952380952381,0.8095238095238095,0.0714285714285714,14,8
50,0.2001342062287997,-0.6986786769469426,legacy67,minmax,0.6980952380952381,0.8095238095238095,0.11142857142857143,0.96,1.0,0.040000000000000036,0.7380952380952381,0.8095238095238095,0.0714285714285714,14,8
50,0.21066486017042194,-0.6764079005894033,legacy67,minmax,0.6980952380952381,0.8095238095238095,0.11142857142857143,0.96,1.0,0.040000000000000036,0.7380952380952381,0.8095238095238095,0.0714285714285714,14,8
50,0.2673088310781669,-0.5729866932256429,legacy67,minmax,0.7352380952380952,0.8333333333333335,0.09809523809523824,0.9733333333333334,1.0,0.026666666666666616,0.7619047619047619,0.8333333333333334,0.07142857142857151,16,8
50,0.2715581955282939,-0.5661370858229096,legacy67,minmax,0.7352380952380952,0.8333333333333335,0.09809523809523824,0.9733333333333334,1.0,0.026666666666666616,0.7619047619047619,0.8333333333333334,0.07142857142857151,17,8
50,0.292043384718141,-0.5345526268252332,legacy67,minmax,0.7590476190476192,0.8333333333333335,0.07428571428571429,0.9733333333333334,1.0,0.026666666666666616,0.7857142857142857,0.8333333333333334,0.04761904761904767,17,8
50,0.314891164795686,-0.50183952461055,legacy67,minmax,0.7590476190476192,0.8333333333333335,0.07428571428571429,0.9733333333333334,1.0,0.026666666666666616,0.7857142857142857,0.8333333333333334,0.04761904761904767,17,8
50,0.35868164986275475,-0.44529084124207197,legacy67,minmax,0.7590476190476192,0.8333333333333335,0.07428571428571429,0.9733333333333334,1.0,0.026666666666666616,0.7857142857142857,0.8333333333333334,0.04761904761904767,18,8
50,0.5130551760589832,-0.2898359265658015,legacy67,minmax,0.7352380952380952,0.8571428571428572,0.12190476190476196,0.9733333333333334,1.0,0.026666666666666616,0.7619047619047619,0.8571428571428571,0.09523809523809523,18,8
50,0.5342937261279772,-0.27221992543153695,legacy67,minmax,0.7352380952380952,0.8571428571428572,0.12190476190476196,0.9733333333333334,1.0,0.026666666666666616,0.7619047619047619,0.8571428571428571,0.09523809523809523,18,8
50,0.5762487216478598,-0.23939002504159476,legacy67,minmax,0.7352380952380952,0.8571428571428572,0.12190476190476196,0.9733333333333334,1.0,0.026666666666666616,0.7619047619047619,0.8571428571428571,0.09523809523809523,19,8
50,0.6672367170464204,-0.17572006313185626,legacy67,minmax,0.7352380952380952,0.8571428571428572,0.12190476190476196,0.9733333333333334,1.0,0.026666666666666616,0.7619047619047619,0.8571428571428571,0.09523809523809523,19,8
50,0.7742116473996242,-0.1111402993522028,legacy67,minmax,0.7352380952380952,0.8571428571428572,0.12190476190476196,0.9733333333333334,1.0,0.026666666666666616,0.7619047619047619,0.8571428571428571,0.09523809523809523,19,8
50,0.9444574254983555,-0.02481761454243703,legacy67,minmax,0.7352380952380952,0.8571428571428572,0.12190476190476196,0.9733333333333334,1.0,0.026666666666666616,0.7619047619047619,0.8571428571428571,0.09523809523809523,21,8
50,0.9565499215943818,-0.019292359554919238,legacy67,minmax,0.7352380952380952,0.8809523809523809,0.14571428571428569,0.9733333333333334,1.0,0.026666666666666616,0.7619047619047619,0.8809523809523809,0.11904761904761907,21,8
50,1.1400863701127315,0.0569377536544464,legacy67,minmax,0.7352380952380952,0.8809523809523809,0.14571428571428569,0.9733333333333334,1.0,0.026666666666666616,0.7619047619047619,0.8809523809523809,0.11904761904761907,23,8
50,1.2030178871154662,0.08027208471124325,legacy67,minmax,0.7352380952380952,0.8809523809523809,0.14571428571428569,0.9733333333333334,1.0,0.026666666666666616,0.7619047619047619,0.8809523809523809,0.11904761904761907,25,8
50,1.2329098365270508,0.0909313175279762,legacy67,minmax,0.7352380952380952,0.8809523809523809,0.14571428571428569,0.9733333333333334,1.0,0.026666666666666616,0.7619047619047619,0.8809523809523809,0.11904761904761907,24,8
50,1.2561043700013554,0.09902572652895136,legacy67,minmax,0.7352380952380952,0.8809523809523809,0.14571428571428569,0.9733333333333334,1.0,0.026666666666666616,0.7619047619047619,0.8809523809523809,0.11904761904761907,24,8
50,1.4817820606039076,0.17078433263299386,legacy67,minmax,0.7114285714285715,0.8809523809523809,0.1695238095238094,0.9733333333333334,1.0,0.026666666666666616,0.7380952380952381,0.8809523809523809,0.1428571428571428,25,8
50,1.5375920235481748,0.1868411173731186,legacy67,minmax,0.7114285714285715,0.8809523809523809,0.1695238095238094,0.9733333333333334,1.0,0.026666666666666616,0.7380952380952381,0.8809523809523809,0.1428571428571428,25,8
50,1.7583640270008503,0.24510879027798493,legacy67,minmax,0.6980952380952381,0.8809523809523809,0.18285714285714283,0.96,1.0,0.040000000000000036,0.7380952380952381,0.8809523809523809,0.1428571428571428,27,8
50,2.34238498471129,0.36965827544816987,legacy67,minmax,0.7219047619047618,0.8809523809523809,0.1590476190476191,0.96,1.0,0.040000000000000036,0.7619047619047619,0.8809523809523809,0.11904761904761907,29,8
50,2.4637685958997446,0.39159991524434057,legacy67,minmax,0.6952380952380952,0.8809523809523809,0.18571428571428572,0.9333333333333333,1.0,0.06666666666666665,0.7619047619047619,0.8809523809523809,0.11904761904761907,29,8
50,2.4810409748678097,0.3946339367881464,legacy67,minmax,0.6952380952380952,0.8809523809523809,0.18571428571428572,0.9333333333333333,1.0,0.06666666666666665,0.7619047619047619,0.8809523809523809,0.11904761904761907,29,8
50,2.5378155082656626,0.40446004697283516,legacy67,minmax,0.6952380952380952,0.8809523809523809,0.18571428571428572,0.9333333333333333,1.0,0.06666666666666665,0.7619047619047619,0.8809523809523809,0.11904761904761907,29,8
50,2.692646910086177,0.43017940760575346,legacy67,minmax,0.6952380952380952,0.8809523809523809,0.18571428571428572,0.9333333333333333,1.0,0.06666666666666665,0.7619047619047619,0.8809523809523809,0.11904761904761907,30,8
50,2.801635158716258,0.4474115788895179,legacy67,minmax,0.6952380952380952,0.8809523809523809,0.18571428571428572,0.9333333333333333,1.0,0.06666666666666665,0.7619047619047619,0.8809523809523809,0.11904761904761907,30,8
50,3.113095956122122,0.4931925073102317,legacy67,minmax,0.6952380952380952,0.8809523809523809,0.18571428571428572,0.9333333333333333,1.0,0.06666666666666665,0.7619047619047619,0.8809523809523809,0.11904761904761907,30,8
50,3.550012525851159,0.5502298854208525,legacy67,minmax,0.6714285714285715,0.8809523809523809,0.20952380952380945,0.9333333333333333,1.0,0.06666666666666665,0.7380952380952381,0.8809523809523809,0.1428571428571428,31,8
50,4.467752817973904,0.6500891374159279,legacy67,minmax,0.6714285714285715,0.8809523809523809,0.20952380952380945,0.9333333333333333,1.0,0.06666666666666665,0.7380952380952381,0.8809523809523809,0.1428571428571428,32,8
50,5.456725485601473,0.7369321060486276,legacy67,minmax,0.6714285714285715,0.8809523809523809,0.20952380952380945,0.9333333333333333,1.0,0.06666666666666665,0.7380952380952381,0.8809523809523809,0.1428571428571428,32,8
50,6.72093005015611,0.8274293753904685,legacy67,minmax,0.6714285714285715,0.8809523809523809,0.20952380952380945,0.9333333333333333,1.0,0.06666666666666665,0.7380952380952381,0.8809523809523809,0.1428571428571428,33,8
50,6.7965780907581514,0.832290311184182,legacy67,minmax,0.6714285714285715,0.8809523809523809,0.20952380952380945,0.9333333333333333,1.0,0.06666666666666665,0.7380952380952381,0.8809523809523809,0.1428571428571428,33,8
50,7.128188058401357,0.85297914889198,legacy67,minmax,0.6580952380952381,0.8809523809523809,0.22285714285714286,0.92,1.0,0.07999999999999996,0.7380952380952381,0.8809523809523809,0.1428571428571428,32,8
50,8.241925264876443,0.9160286721639492,legacy67,minmax,0.6580952380952381,0.8809523809523809,0.22285714285714286,0.92,1.0,0.07999999999999996,0.7380952380952381,0.8809523809523809,0.1428571428571428,32,8
50,8.287522363768153,0.9184247133522563,legacy67,minmax,0.6580952380952381,0.8809523809523809,0.22285714285714286,0.92,1.0,0.07999999999999996,0.7380952380952381,0.8809523809523809,0.1428571428571428,32,8
50,8.471801418819974,0.9279757672456204,legacy67,minmax,0.6342857142857143,0.8809523809523809,0.2466666666666666,0.92,1.0,0.07999999999999996,0.7142857142857143,0.8809523809523809,0.16666666666666663,32,25
50,11.044350847124681,1.0431401944675898,legacy67,minmax,0.6342857142857143,0.8809523809523809,0.2466666666666666,0.92,1.0,0.07999999999999996,0.7142857142857143,0.8809523809523809,0.16666666666666663,31,25
50,12.130221181165155,1.083868719818244,legacy67,minmax,0.6209523809523809,0.8809523809523809,0.26,0.9066666666666666,1.0,0.09333333333333338,0.7142857142857143,0.8809523809523809,0.16666666666666663,32,25
50,12.164139351417056,1.085081386743783,legacy67,minmax,0.6209523809523809,0.8809523809523809,0.26,0.9066666666666666,1.0,0.09333333333333338,0.7142857142857143,0.8809523809523809,0.16666666666666663,32,25
50,12.273800987852958,1.0889790771866297,legacy67,minmax,0.6209523809523809,0.8809523809523809,0.26,0.9066666666666666,1.0,0.09333333333333338,0.7142857142857143,0.8809523809523809,0.16666666666666663,32,25
50,12.604664585649452,1.1005312934444582,legacy67,minmax,0.6209523809523809,0.8809523809523809,0.26,0.9066666666666666,1.0,0.09333333333333338,0.7142857142857143,0.8809523809523809,0.16666666666666663,32,25
50,13.826232179369853,1.1407038455720544,legacy67,minmax,0.6209523809523809,0.8809523809523809,0.26,0.9066666666666666,1.0,0.09333333333333338,0.7142857142857143,0.8809523809523809,0.16666666666666663,32,25
50,16.172900811143133,1.2087879230161587,legacy67,minmax,0.6209523809523809,0.8809523809523809,0.26,0.9066666666666666,1.0,0.09333333333333338,0.7142857142857143,0.8809523809523809,0.16666666666666663,32,25
50,17.123375973163967,1.2335893924658445,legacy67,minmax,0.6209523809523809,0.8809523809523809,0.26,0.9066666666666666,1.0,0.09333333333333338,0.7142857142857143,0.8809523809523809,0.16666666666666663,32,25
50,18.274508859816006,1.2618457138193366,legacy67,minmax,0.6209523809523809,0.8809523809523809,0.26,0.9066666666666666,1.0,0.09333333333333338,0.7142857142857143,0.8809523809523809,0.16666666666666663,32,25
50,20.65142557895924,1.3149500366077174,legacy67,minmax,0.6209523809523809,0.8809523809523809,0.26,0.9066666666666666,1.0,0.09333333333333338,0.7142857142857143,0.8809523809523809,0.16666666666666663,32,25
50,21.36832907235874,1.329770563201687,legacy67,minmax,0.6209523809523809,0.8809523809523809,0.26,0.9066666666666666,1.0,0.09333333333333338,0.7142857142857143,0.8809523809523809,0.16666666666666663,32,25
50,28.340904295147727,1.452413703502374,legacy67,minmax,0.597142857142857,0.8809523809523809,0.28380952380952396,0.9066666666666666,1.0,0.09333333333333338,0.6904761904761905,0.8809523809523809,0.19047619047619047,33,25
50,29.154431891537524,1.4647045830997407,legacy67,minmax,0.597142857142857,0.8809523809523809,0.28380952380952396,0.9066666666666666,1.0,0.09333333333333338,0.6904761904761905,0.8809523809523809,0.19047619047619047,33,25
50,35.387588647792384,1.5488509703053062,legacy67,minmax,0.597142857142857,0.8809523809523809,0.28380952380952396,0.9066666666666666,1.0,0.09333333333333338,0.6904761904761905,0.8809523809523809,0.19047619047619047,33,25
50,37.95853142670639,1.5793094017105953,legacy67,minmax,0.597142857142857,0.8809523809523809,0.28380952380952396,0.9066666666666666,1.0,0.09333333333333338,0.6904761904761905,0.8809523809523809,0.19047619047619047,33,25
50,43.37920697490936,1.6372816083151283,legacy67,minmax,0.6209523809523809,0.8809523809523809,0.26,0.9066666666666666,1.0,0.09333333333333338,0.7142857142857143,0.8809523809523809,0.16666666666666663,33,25
50,48.69640941520897,1.6874969400924673,legacy67,minmax,0.6209523809523809,0.8809523809523809,0.26,0.9066666666666666,1.0,0.09333333333333338,0.7142857142857143,0.8809523809523809,0.16666666666666663,33,25
50,57.279044707996185,1.7579957662567565,legacy67,minmax,0.6209523809523809,0.8809523809523809,0.26,0.9066666666666666,1.0,0.09333333333333338,0.7142857142857143,0.8809523809523809,0.16666666666666663,33,25
50,62.45139574743064,1.795542149013333,legacy67,minmax,0.6209523809523809,0.8809523809523809,0.26,0.9066666666666666,1.0,0.09333333333333338,0.7142857142857143,0.8809523809523809,0.16666666666666663,33,25
50,63.512210106406926,1.8028572256396647,legacy67,minmax,0.6209523809523809,0.8809523809523809,0.26,0.9066666666666666,1.0,0.09333333333333338,0.7142857142857143,0.8809523809523809,0.16666666666666663,33,25
50,72.86653737491037,1.8625281322982374,legacy67,minmax,0.6209523809523809,0.8809523809523809,0.26,0.9066666666666666,1.0,0.09333333333333338,0.7142857142857143,0.8809523809523809,0.16666666666666663,33,28
50,75.56810141274423,1.8783385110582342,legacy67,minmax,0.6209523809523809,0.8809523809523809,0.26,0.9066666666666666,1.0,0.09333333333333338,0.7142857142857143,0.8809523809523809,0.16666666666666663,33,29
50,75.79479953347995,1.8796394086479773,legacy67,minmax,0.6209523809523809,0.8809523809523809,0.26,0.9066666666666666,1.0,0.09333333333333338,0.7142857142857143,0.8809523809523809,0.16666666666666663,33,29
50,88.62326508576248,1.9475477464020692,legacy67,minmax,0.6209523809523809,0.8809523809523809,0.26,0.9066666666666666,1.0,0.09333333333333338,0.7142857142857143,0.8809523809523809,0.16666666666666663,33,30
51,0.010521761868451128,-1.9779115315055904,legacy67,minmax,0.0,0.0,0.0,1.0,1.0,0.0,0.0,0.0,0.0,0,0
51,0.012087541473056955,-1.9176620228167902,legacy67,minmax,0.0,0.0,0.0,1.0,1.0,0.0,0.0,0.0,0.0,0,0
51,0.01263794633808287,-1.8983234930236192,legacy67,minmax,0.0,0.0,0.0,1.0,1.0,0.0,0.0,0.0,0.0,0,0
51,0.013726318898045865,-1.8624459155391264,legacy67,minmax,0.0,0.0,0.0,1.0,1.0,0.0,0.0,0.0,0.0,0,0
51,0.0151673306880762,-1.8190908443578477,legacy67,minmax,0.0,0.0,0.0,1.0,1.0,0.0,0.0,0.0,0.0,0,0
51,0.015339162591163618,-1.814198349120009,legacy67,minmax,0.0,0.0,0.0,1.0,1.0,0.0,0.0,0.0,0.0,0,0
51,0.017073967431528118,-1.7676655513272022,legacy67,minmax,0.0,0.0,0.0,1.0,1.0,0.0,0.0,0.0,0.0,0,0
51,0.017956984225677628,-1.7457665988559055,legacy67,minmax,0.0,0.0,0.0,1.0,1.0,0.0,0.0,0.0,0.0,1,1
51,0.018205657658407252,-1.739793628058882,legacy67,minmax,0.0,0.0,0.0,1.0,1.0,0.0,0.0,0.0,0.0,1,1
51,0.019777828512462715,-1.7038213930636386,legacy67,minmax,0.0,0.0,0.0,1.0,1.0,0.0,0.0,0.0,0.0,2,1
51,0.01987021538542862,-1.7017974252809167,legacy67,minmax,0.0,0.0,0.0,1.0,1.0,0.0,0.0,0.0,0.0,2,1
51,0.022592797420156945,-1.646029991792322,legacy67,minmax,0.1428571428571428,0.0,-0.1428571428571428,1.0,1.0,0.0,0.14285714285714285,0.0,-0.14285714285714285,3,1
51,0.024586032763280048,-1.6093115439744645,legacy67,minmax,0.2857142857142856,0.5476190476190477,0.2619047619047621,1.0,1.0,0.0,0.2857142857142857,0.5476190476190477,0.261904761904762,3,3
51,0.027012557725439066,-1.5684342920267822,legacy67,minmax,0.33333333333333326,0.5476190476190477,0.2142857142857144,1.0,1.0,0.0,0.3333333333333333,0.5476190476190477,0.21428571428571436,3,3
51,0.029072088906598435,-1.5365237618994811,legacy67,minmax,0.33333333333333326,0.5476190476190477,0.2142857142857144,1.0,1.0,0.0,0.3333333333333333,0.5476190476190477,0.21428571428571436,3,3
51,0.030086868214458433,-1.5216230162467932,legacy67,minmax,0.3571428571428572,0.5476190476190477,0.19047619047619047,1.0,1.0,0.0,0.35714285714285715,0.5476190476190477,0.19047619047619052,3,3
51,0.030771802712506853,-1.5118470606208847,legacy67,minmax,0.4285714285714286,0.5952380952380953,0.16666666666666674,1.0,1.0,0.0,0.42857142857142855,0.5952380952380952,0.16666666666666669,3,3
51,0.036138942712165265,-1.4420245573918327,legacy67,minmax,0.5238095238095237,0.5952380952380953,0.07142857142857162,1.0,1.0,0.0,0.5238095238095238,0.5952380952380952,0.0714285714285714,3,3
51,0.03661819220392428,-1.4363031001009494,legacy67,minmax,0.5238095238095237,0.5952380952380953,0.07142857142857162,1.0,1.0,0.0,0.5238095238095238,0.5952380952380952,0.0714285714285714,3,3
51,0.04207053950287936,-1.3760219186551894,legacy67,minmax,0.5714285714285714,0.5952380952380953,0.023809523809523947,1.0,1.0,0.0,0.5714285714285714,0.5952380952380952,0.023809523809523836,4,3
51,0.04207988669606635,-1.375925438230254,legacy67,minmax,0.5714285714285714,0.5952380952380953,0.023809523809523947,1.0,1.0,0.0,0.5714285714285714,0.5952380952380952,0.023809523809523836,4,3
51,0.04809461967501572,-1.3179035052508339,legacy67,minmax,0.6904761904761905,0.7666666666666666,0.07619047619047614,1.0,0.9333333333333333,-0.06666666666666665,0.6904761904761905,0.8333333333333334,0.1428571428571429,4,3
51,0.05337032762603955,-1.2727001311715975,legacy67,minmax,0.7142857142857144,0.7666666666666666,0.052380952380952195,1.0,0.9333333333333333,-0.06666666666666665,0.7142857142857143,0.8333333333333334,0.11904761904761907,5,3
51,0.05415244119402536,-1.2663819605862647,legacy67,minmax,0.7142857142857144,0.7666666666666666,0.052380952380952195,1.0,0.9333333333333333,-0.06666666666666665,0.7142857142857143,0.8333333333333334,0.11904761904761907,5,3
51,0.05488047000766042,-1.2605821778978918,legacy67,minmax,0.7142857142857144,0.7666666666666666,0.052380952380952195,1.0,0.9333333333333333,-0.06666666666666665,0.7142857142857143,0.8333333333333334,0.11904761904761907,5,3
51,0.060803901902965994,-1.2160685503234192,legacy67,minmax,0.7142857142857144,0.8380952380952382,0.12380952380952381,1.0,0.9333333333333333,-0.06666666666666665,0.7142857142857143,0.9047619047619048,0.19047619047619047,5,3
51,0.06235377135673155,-1.2051372738633104,legacy67,minmax,0.7142857142857144,0.8380952380952382,0.12380952380952381,1.0,0.9333333333333333,-0.06666666666666665,0.7142857142857143,0.9047619047619048,0.19047619047619047,5,3
51,0.06290644294586147,-1.201304871366561,legacy67,minmax,0.7142857142857144,0.8380952380952382,0.12380952380952381,1.0,0.9333333333333333,-0.06666666666666665,0.7142857142857143,0.9047619047619048,0.19047619047619047,5,3
51,0.07068974950624601,-1.1506435572868954,legacy67,minmax,0.7247619047619049,0.8380952380952382,0.11333333333333329,0.9866666666666667,0.9333333333333333,-0.053333333333333344,0.7380952380952381,0.9047619047619048,0.16666666666666663,5,4
51,0.10842262717330158,-0.9648800735999323,legacy67,minmax,0.7085714285714286,0.8380952380952382,0.1295238095238096,0.9466666666666667,0.9333333333333333,-0.013333333333333308,0.7619047619047619,0.9047619047619048,0.1428571428571429,7,4
51,0.12172958098369964,-0.9146038729044164,legacy67,minmax,0.7085714285714286,0.8380952380952382,0.1295238095238096,0.9466666666666667,0.9333333333333333,-0.013333333333333308,0.7619047619047619,0.9047619047619048,0.1428571428571429,8,5
51,0.1329652145729951,-0.876261961250477,legacy67,minmax,0.7085714285714286,0.8380952380952382,0.1295238095238096,0.9466666666666667,0.9333333333333333,-0.013333333333333308,0.7619047619047619,0.9047619047619048,0.1428571428571429,8,5
51,0.14618962793704957,-0.8350834392078323,legacy67,minmax,0.7085714285714286,0.8380952380952382,0.1295238095238096,0.9466666666666667,0.9333333333333333,-0.013333333333333308,0.7619047619047619,0.9047619047619048,0.1428571428571429,9,6
51,0.14742753159914665,-0.8314214058591274,legacy67,minmax,0.7085714285714286,0.8380952380952382,0.1295238095238096,0.9466666666666667,0.9333333333333333,-0.013333333333333308,0.7619047619047619,0.9047619047619048,0.1428571428571429,9,6
51,0.16480446427978968,-0.7830310281618491,legacy67,minmax,0.6952380952380952,0.861904761904762,0.16666666666666674,0.9333333333333333,0.9333333333333333,0.0,0.7619047619047619,0.9285714285714286,0.16666666666666674,11,6
51,0.16536937182824418,-0.7815449233065173,legacy67,minmax,0.6952380952380952,0.861904761904762,0.16666666666666674,0.9333333333333333,0.9333333333333333,0.0,0.7619047619047619,0.9285714285714286,0.16666666666666674,11,6
51,0.1753594952976441,-0.7560707131373512,legacy67,minmax,0.6952380952380952,0.861904761904762,0.16666666666666674,0.9333333333333333,0.9333333333333333,0.0,0.7619047619047619,0.9285714285714286,0.16666666666666674,11,6
51,0.17654048052495064,-0.7531556956423562,legacy67,minmax,0.6952380952380952,0.861904761904762,0.16666666666666674,0.9333333333333333,0.9333333333333333,0.0,0.7619047619047619,0.9285714285714286,0.16666666666666674,11,6
51,0.1998634077852887,-0.6992667118930118,legacy67,minmax,0.6819047619047618,0.861904761904762,0.18000000000000016,0.92,0.9333333333333333,0.013333333333333308,0.7619047619047619,0.9285714285714286,0.16666666666666674,13,7
51,0.2001342062287997,-0.6986786769469426,legacy67,minmax,0.6819047619047618,0.861904761904762,0.18000000000000016,0.92,0.9333333333333333,0.013333333333333308,0.7619047619047619,0.9285714285714286,0.16666666666666674,13,8
51,0.21066486017042194,-0.6764079005894033,legacy67,minmax,0.6819047619047618,0.861904761904762,0.18000000000000016,0.92,0.9333333333333333,0.013333333333333308,0.7619047619047619,0.9285714285714286,0.16666666666666674,13,8
51,0.2673088310781669,-0.5729866932256429,legacy67,minmax,0.6819047619047618,0.8219047619047619,0.14000000000000012,0.92,0.8933333333333333,-0.026666666666666727,0.7619047619047619,0.9285714285714286,0.16666666666666674,15,9
51,0.2715581955282939,-0.5661370858229096,legacy67,minmax,0.6819047619047618,0.8085714285714287,0.12666666666666693,0.92,0.88,-0.040000000000000036,0.7619047619047619,0.9285714285714286,0.16666666666666674,15,9
51,0.292043384718141,-0.5345526268252332,legacy67,minmax,0.7057142857142857,0.8085714285714287,0.10285714285714298,0.92,0.88,-0.040000000000000036,0.7857142857142857,0.9285714285714286,0.1428571428571429,16,9
51,0.314891164795686,-0.50183952461055,legacy67,minmax,0.7057142857142857,0.8085714285714287,0.10285714285714298,0.92,0.88,-0.040000000000000036,0.7857142857142857,0.9285714285714286,0.1428571428571429,17,9
51,0.35868164986275475,-0.44529084124207197,legacy67,minmax,0.6819047619047618,0.8085714285714287,0.12666666666666693,0.92,0.88,-0.040000000000000036,0.7619047619047619,0.9285714285714286,0.16666666666666674,17,10
51,0.5130551760589832,-0.2898359265658015,legacy67,minmax,0.7323809523809524,0.8085714285714287,0.07619047619047636,0.9466666666666667,0.88,-0.06666666666666665,0.7857142857142857,0.9285714285714286,0.1428571428571429,18,11
51,0.5342937261279772,-0.27221992543153695,legacy67,minmax,0.7323809523809524,0.8085714285714287,0.07619047619047636,0.9466666666666667,0.88,-0.06666666666666665,0.7857142857142857,0.9285714285714286,0.1428571428571429,18,11
51,0.5762487216478598,-0.23939002504159476,legacy67,minmax,0.7190476190476192,0.8085714285714287,0.08952380952380956,0.9333333333333333,0.88,-0.053333333333333344,0.7857142857142857,0.9285714285714286,0.1428571428571429,20,11
51,0.6672367170464204,-0.17572006313185626,legacy67,minmax,0.7561904761904761,0.7952380952380953,0.03904761904761922,0.9466666666666667,0.8666666666666667,-0.07999999999999996,0.8095238095238095,0.9285714285714286,0.11904761904761907,22,11
51,0.7742116473996242,-0.1111402993522028,legacy67,minmax,0.7561904761904761,0.7952380952380953,0.03904761904761922,0.9466666666666667,0.8666666666666667,-0.07999999999999996,0.8095238095238095,0.9285714285714286,0.11904761904761907,21,11
51,0.9444574254983555,-0.02481761454243703,legacy67,minmax,0.7428571428571429,0.7952380952380953,0.05238095238095242,0.9333333333333333,0.8666666666666667,-0.06666666666666665,0.8095238095238095,0.9285714285714286,0.11904761904761907,21,11
51,0.9565499215943818,-0.019292359554919238,legacy67,minmax,0.7666666666666666,0.7952380952380953,0.028571428571428692,0.9333333333333333,0.8666666666666667,-0.06666666666666665,0.8333333333333334,0.9285714285714286,0.09523809523809523,21,11
51,1.1400863701127315,0.0569377536544464,legacy67,minmax,0.78,0.7685714285714287,-0.011428571428571344,0.9466666666666667,0.84,-0.10666666666666669,0.8333333333333334,0.9285714285714286,0.09523809523809523,22,11
51,1.2030178871154662,0.08027208471124325,legacy67,minmax,0.78,0.7685714285714287,-0.011428571428571344,0.9466666666666667,0.84,-0.10666666666666669,0.8333333333333334,0.9285714285714286,0.09523809523809523,22,11
51,1.2329098365270508,0.0909313175279762,legacy67,minmax,0.78,0.7685714285714287,-0.011428571428571344,0.9466666666666667,0.84,-0.10666666666666669,0.8333333333333334,0.9285714285714286,0.09523809523809523,22,11
51,1.2561043700013554,0.09902572652895136,legacy67,minmax,0.78,0.7685714285714287,-0.011428571428571344,0.9466666666666667,0.84,-0.10666666666666669,0.8333333333333334,0.9285714285714286,0.09523809523809523,23,11
51,1.4817820606039076,0.17078433263299386,legacy67,minmax,0.7933333333333334,0.7685714285714287,-0.024761904761904763,0.96,0.84,-0.12,0.8333333333333334,0.9285714285714286,0.09523809523809523,24,11
51,1.5375920235481748,0.1868411173731186,legacy67,minmax,0.7933333333333334,0.7685714285714287,-0.024761904761904763,0.96,0.84,-0.12,0.8333333333333334,0.9285714285714286,0.09523809523809523,24,11
51,1.7583640270008503,0.24510879027798493,legacy67,minmax,0.7933333333333334,0.7685714285714287,-0.024761904761904763,0.96,0.84,-0.12,0.8333333333333334,0.9285714285714286,0.09523809523809523,25,11
51,2.34238498471129,0.36965827544816987,legacy67,minmax,0.7933333333333334,0.7685714285714287,-0.024761904761904763,0.96,0.84,-0.12,0.8333333333333334,0.9285714285714286,0.09523809523809523,29,11
51,2.4637685958997446,0.39159991524434057,legacy67,minmax,0.7933333333333334,0.7685714285714287,-0.024761904761904763,0.96,0.84,-0.12,0.8333333333333334,0.9285714285714286,0.09523809523809523,29,11
51,2.4810409748678097,0.3946339367881464,legacy67,minmax,0.7933333333333334,0.7685714285714287,-0.024761904761904763,0.96,0.84,-0.12,0.8333333333333334,0.9285714285714286,0.09523809523809523,29,11
51,2.5378155082656626,0.40446004697283516,legacy67,minmax,0.7933333333333334,0.7685714285714287,-0.024761904761904763,0.96,0.84,-0.12,0.8333333333333334,0.9285714285714286,0.09523809523809523,29,11
51,2.692646910086177,0.43017940760575346,legacy67,minmax,0.78,0.7685714285714287,-0.011428571428571344,0.9466666666666667,0.84,-0.10666666666666669,0.8333333333333334,0.9285714285714286,0.09523809523809523,28,11
51,2.801635158716258,0.4474115788895179,legacy67,minmax,0.78,0.7685714285714287,-0.011428571428571344,0.9466666666666667,0.84,-0.10666666666666669,0.8333333333333334,0.9285714285714286,0.09523809523809523,28,11
51,3.113095956122122,0.4931925073102317,legacy67,minmax,0.78,0.7685714285714287,-0.011428571428571344,0.9466666666666667,0.84,-0.10666666666666669,0.8333333333333334,0.9285714285714286,0.09523809523809523,28,11
51,3.550012525851159,0.5502298854208525,legacy67,minmax,0.7561904761904761,0.7685714285714287,0.012380952380952603,0.9466666666666667,0.84,-0.10666666666666669,0.8095238095238095,0.9285714285714286,0.11904761904761907,28,11
51,4.467752817973904,0.6500891374159279,legacy67,minmax,0.7695238095238095,0.7685714285714287,-0.0009523809523808158,0.96,0.84,-0.12,0.8095238095238095,0.9285714285714286,0.11904761904761907,28,11
51,5.456725485601473,0.7369321060486276,legacy67,minmax,0.7695238095238095,0.7685714285714287,-0.0009523809523808158,0.96,0.84,-0.12,0.8095238095238095,0.9285714285714286,0.11904761904761907,28,11
51,6.72093005015611,0.8274293753904685,legacy67,minmax,0.7457142857142856,0.7685714285714287,0.02285714285714313,0.96,0.84,-0.12,0.7857142857142857,0.9285714285714286,0.1428571428571429,30,11
51,6.7965780907581514,0.832290311184182,legacy67,minmax,0.7457142857142856,0.7685714285714287,0.02285714285714313,0.96,0.84,-0.12,0.7857142857142857,0.9285714285714286,0.1428571428571429,30,11
51,7.128188058401357,0.85297914889198,legacy67,minmax,0.7457142857142856,0.7685714285714287,0.02285714285714313,0.96,0.84,-0.12,0.7857142857142857,0.9285714285714286,0.1428571428571429,30,11
51,8.241925264876443,0.9160286721639492,legacy67,minmax,0.7457142857142856,0.7685714285714287,0.02285714285714313,0.96,0.84,-0.12,0.7857142857142857,0.9285714285714286,0.1428571428571429,30,11
51,8.287522363768153,0.9184247133522563,legacy67,minmax,0.7457142857142856,0.7685714285714287,0.02285714285714313,0.96,0.84,-0.12,0.7857142857142857,0.9285714285714286,0.1428571428571429,30,11
51,8.471801418819974,0.9279757672456204,legacy67,minmax,0.7457142857142856,0.7685714285714287,0.02285714285714313,0.96,0.84,-0.12,0.7857142857142857,0.9285714285714286,0.1428571428571429,30,11
51,11.044350847124681,1.0431401944675898,legacy67,minmax,0.7323809523809524,0.7685714285714287,0.03619047619047633,0.9466666666666667,0.84,-0.10666666666666669,0.7857142857142857,0.9285714285714286,0.1428571428571429,30,11
51,12.130221181165155,1.083868719818244,legacy67,minmax,0.7190476190476192,0.7685714285714287,0.049523809523809526,0.9333333333333333,0.84,-0.09333333333333338,0.7857142857142857,0.9285714285714286,0.1428571428571429,30,25
51,12.164139351417056,1.085081386743783,legacy67,minmax,0.7190476190476192,0.7685714285714287,0.049523809523809526,0.9333333333333333,0.84,-0.09333333333333338,0.7857142857142857,0.9285714285714286,0.1428571428571429,30,25
51,12.273800987852958,1.0889790771866297,legacy67,minmax,0.7190476190476192,0.7685714285714287,0.049523809523809526,0.9333333333333333,0.84,-0.09333333333333338,0.7857142857142857,0.9285714285714286,0.1428571428571429,30,25
51,12.604664585649452,1.1005312934444582,legacy67,minmax,0.7190476190476192,0.7685714285714287,0.049523809523809526,0.9333333333333333,0.84,-0.09333333333333338,0.7857142857142857,0.9285714285714286,0.1428571428571429,30,25
51,13.826232179369853,1.1407038455720544,legacy67,minmax,0.7428571428571429,0.7685714285714287,0.0257142857142858,0.9333333333333333,0.84,-0.09333333333333338,0.8095238095238095,0.9285714285714286,0.11904761904761907,30,25
51,16.172900811143133,1.2087879230161587,legacy67,minmax,0.7428571428571429,0.7685714285714287,0.0257142857142858,0.9333333333333333,0.84,-0.09333333333333338,0.8095238095238095,0.9285714285714286,0.11904761904761907,31,28
51,17.123375973163967,1.2335893924658445,legacy67,minmax,0.7428571428571429,0.7685714285714287,0.0257142857142858,0.9333333333333333,0.84,-0.09333333333333338,0.8095238095238095,0.9285714285714286,0.11904761904761907,30,28
51,18.274508859816006,1.2618457138193366,legacy67,minmax,0.7428571428571429,0.7685714285714287,0.0257142857142858,0.9333333333333333,0.84,-0.09333333333333338,0.8095238095238095,0.9285714285714286,0.11904761904761907,31,28
51,20.65142557895924,1.3149500366077174,legacy67,minmax,0.7428571428571429,0.7685714285714287,0.0257142857142858,0.9333333333333333,0.84,-0.09333333333333338,0.8095238095238095,0.9285714285714286,0.11904761904761907,31,29
51,21.36832907235874,1.329770563201687,legacy67,minmax,0.7428571428571429,0.7685714285714287,0.0257142857142858,0.9333333333333333,0.84,-0.09333333333333338,0.8095238095238095,0.9285714285714286,0.11904761904761907,31,29
51,28.340904295147727,1.452413703502374,legacy67,minmax,0.7428571428571429,0.7685714285714287,0.0257142857142858,0.9333333333333333,0.84,-0.09333333333333338,0.8095238095238095,0.9285714285714286,0.11904761904761907,31,30
51,29.154431891537524,1.4647045830997407,legacy67,minmax,0.7428571428571429,0.7685714285714287,0.0257142857142858,0.9333333333333333,0.84,-0.09333333333333338,0.8095238095238095,0.9285714285714286,0.11904761904761907,31,30
51,35.387588647792384,1.5488509703053062,legacy67,minmax,0.7428571428571429,0.7685714285714287,0.0257142857142858,0.9333333333333333,0.84,-0.09333333333333338,0.8095238095238095,0.9285714285714286,0.11904761904761907,31,31
51,37.95853142670639,1.5793094017105953,legacy67,minmax,0.7428571428571429,0.7419047619047618,-0.0009523809523810378,0.9333333333333333,0.8133333333333334,-0.12,0.8095238095238095,0.9285714285714286,0.11904761904761907,31,31
51,43.37920697490936,1.6372816083151283,legacy67,minmax,0.7428571428571429,0.7419047619047618,-0.0009523809523810378,0.9333333333333333,0.8133333333333334,-0.12,0.8095238095238095,0.9285714285714286,0.11904761904761907,31,31
51,48.69640941520897,1.6874969400924673,legacy67,minmax,0.7428571428571429,0.7419047619047618,-0.0009523809523810378,0.9333333333333333,0.8133333333333334,-0.12,0.8095238095238095,0.9285714285714286,0.11904761904761907,31,31
51,57.279044707996185,1.7579957662567565,legacy67,minmax,0.7428571428571429,0.7419047619047618,-0.0009523809523810378,0.9333333333333333,0.8133333333333334,-0.12,0.8095238095238095,0.9285714285714286,0.11904761904761907,31,31
51,62.45139574743064,1.795542149013333,legacy67,minmax,0.7428571428571429,0.7419047619047618,-0.0009523809523810378,0.9333333333333333,0.8133333333333334,-0.12,0.8095238095238095,0.9285714285714286,0.11904761904761907,31,31
51,63.512210106406926,1.8028572256396647,legacy67,minmax,0.7428571428571429,0.7419047619047618,-0.0009523809523810378,0.9333333333333333,0.8133333333333334,-0.12,0.8095238095238095,0.9285714285714286,0.11904761904761907,31,31
51,72.86653737491037,1.8625281322982374,legacy67,minmax,0.7428571428571429,0.7419047619047618,-0.0009523809523810378,0.9333333333333333,0.8133333333333334,-0.12,0.8095238095238095,0.9285714285714286,0.11904761904761907,32,31
51,75.56810141274423,1.8783385110582342,legacy67,minmax,0.7428571428571429,0.7419047619047618,-0.0009523809523810378,0.9333333333333333,0.8133333333333334,-0.12,0.8095238095238095,0.9285714285714286,0.11904761904761907,32,32
51,75.79479953347995,1.8796394086479773,legacy67,minmax,0.7561904761904761,0.7419047619047618,-0.014285714285714235,0.9466666666666667,0.8133333333333334,-0.1333333333333333,0.8095238095238095,0.9285714285714286,0.11904761904761907,32,32
51,88.62326508576248,1.9475477464020692,legacy67,minmax,0.7561904761904761,0.7523809523809524,-0.003809523809523707,0.9466666666666667,0.8,-0.1466666666666666,0.8095238095238095,0.9523809523809523,0.1428571428571428,33,32
52,0.010521761868451128,-1.9779115315055904,legacy67,minmax,0.0,0.0,0.0,1.0,1.0,0.0,0.0,0.0,0.0,0,0
52,0.012087541473056955,-1.9176620228167902,legacy67,minmax,0.0,0.0,0.0,1.0,1.0,0.0,0.0,0.0,0.0,0,0
52,0.01263794633808287,-1.8983234930236192,legacy67,minmax,0.0,0.0,0.0,1.0,1.0,0.0,0.0,0.0,0.0,0,0
52,0.013726318898045865,-1.8624459155391264,legacy67,minmax,0.0,0.0,0.0,1.0,1.0,0.0,0.0,0.0,0.0,0,0
52,0.0151673306880762,-1.8190908443578477,legacy67,minmax,0.0,0.0,0.0,1.0,1.0,0.0,0.0,0.0,0.0,0,0
52,0.015339162591163618,-1.814198349120009,legacy67,minmax,0.0,0.0,0.0,1.0,1.0,0.0,0.0,0.0,0.0,0,0
52,0.017073967431528118,-1.7676655513272022,legacy67,minmax,0.0,0.0,0.0,1.0,1.0,0.0,0.0,0.0,0.0,1,1
52,0.017956984225677628,-1.7457665988559055,legacy67,minmax,0.0,0.0,0.0,1.0,1.0,0.0,0.0,0.0,0.0,1,1
52,0.018205657658407252,-1.739793628058882,legacy67,minmax,0.0,0.0,0.0,1.0,1.0,0.0,0.0,0.0,0.0,1,1
52,0.019777828512462715,-1.7038213930636386,legacy67,minmax,0.0714285714285714,0.0,-0.0714285714285714,1.0,1.0,0.0,0.07142857142857142,0.0,-0.07142857142857142,2,1
52,0.01987021538542862,-1.7017974252809167,legacy67,minmax,0.0714285714285714,0.0,-0.0714285714285714,1.0,1.0,0.0,0.07142857142857142,0.0,-0.07142857142857142,2,1
52,0.022592797420156945,-1.646029991792322,legacy67,minmax,0.2142857142857142,0.4285714285714286,0.2142857142857144,1.0,1.0,0.0,0.21428571428571427,0.42857142857142855,0.21428571428571427,2,1
52,0.024586032763280048,-1.6093115439744645,legacy67,minmax,0.2142857142857142,0.4285714285714286,0.2142857142857144,1.0,1.0,0.0,0.21428571428571427,0.42857142857142855,0.21428571428571427,3,1
52,0.027012557725439066,-1.5684342920267822,legacy67,minmax,0.26190476190476186,0.4285714285714286,0.16666666666666674,1.0,1.0,0.0,0.2619047619047619,0.42857142857142855,0.16666666666666663,3,1
52,0.029072088906598435,-1.5365237618994811,legacy67,minmax,0.33333333333333326,0.4285714285714286,0.09523809523809534,1.0,1.0,0.0,0.3333333333333333,0.42857142857142855,0.09523809523809523,3,1
52,0.030086868214458433,-1.5216230162467932,legacy67,minmax,0.33333333333333326,0.4285714285714286,0.09523809523809534,1.0,1.0,0.0,0.3333333333333333,0.42857142857142855,0.09523809523809523,3,1
52,0.030771802712506853,-1.5118470606208847,legacy67,minmax,0.3571428571428572,0.4285714285714286,0.0714285714285714,1.0,1.0,0.0,0.35714285714285715,0.42857142857142855,0.0714285714285714,3,1
52,0.036138942712165265,-1.4420245573918327,legacy67,minmax,0.4761904761904763,0.4285714285714286,-0.04761904761904767,1.0,1.0,0.0,0.47619047619047616,0.42857142857142855,-0.047619047619047616,3,1
52,0.03661819220392428,-1.4363031001009494,legacy67,minmax,0.4761904761904763,0.4285714285714286,-0.04761904761904767,1.0,1.0,0.0,0.47619047619047616,0.42857142857142855,-0.047619047619047616,3,1
52,0.04207053950287936,-1.3760219186551894,legacy67,minmax,0.5476190476190477,0.4285714285714286,-0.11904761904761907,1.0,1.0,0.0,0.5476190476190477,0.42857142857142855,-0.11904761904761912,4,4
52,0.04207988669606635,-1.375925438230254,legacy67,minmax,0.5476190476190477,0.4285714285714286,-0.11904761904761907,1.0,1.0,0.0,0.5476190476190477,0.42857142857142855,-0.11904761904761912,4,4
52,0.04809461967501572,-1.3179035052508339,legacy67,minmax,0.5952380952380953,0.4285714285714286,-0.16666666666666674,1.0,1.0,0.0,0.5952380952380952,0.42857142857142855,-0.16666666666666669,5,5
52,0.05337032762603955,-1.2727001311715975,legacy67,minmax,0.5952380952380953,0.4285714285714286,-0.16666666666666674,1.0,1.0,0.0,0.5952380952380952,0.42857142857142855,-0.16666666666666669,5,5
52,0.05415244119402536,-1.2663819605862647,legacy67,minmax,0.5952380952380953,0.4285714285714286,-0.16666666666666674,1.0,1.0,0.0,0.5952380952380952,0.42857142857142855,-0.16666666666666669,5,5
52,0.05488047000766042,-1.2605821778978918,legacy67,minmax,0.5952380952380953,0.4285714285714286,-0.16666666666666674,1.0,1.0,0.0,0.5952380952380952,0.42857142857142855,-0.16666666666666669,5,5
52,0.060803901902965994,-1.2160685503234192,legacy67,minmax,0.6190476190476191,0.5238095238095237,-0.09523809523809534,1.0,1.0,0.0,0.6190476190476191,0.5238095238095238,-0.09523809523809523,5,5
52,0.06235377135673155,-1.2051372738633104,legacy67,minmax,0.6190476190476191,0.5238095238095237,-0.09523809523809534,1.0,1.0,0.0,0.6190476190476191,0.5238095238095238,-0.09523809523809523,5,5
52,0.06290644294586147,-1.201304871366561,legacy67,minmax,0.6190476190476191,0.5238095238095237,-0.09523809523809534,1.0,1.0,0.0,0.6190476190476191,0.5238095238095238,-0.09523809523809523,5,5
52,0.07068974950624601,-1.1506435572868954,legacy67,minmax,0.6428571428571428,0.5476190476190477,-0.09523809523809512,1.0,1.0,0.0,0.6428571428571429,0.5476190476190477,-0.09523809523809523,6,5
52,0.10842262717330158,-0.9648800735999323,legacy67,minmax,0.6428571428571428,0.5952380952380953,-0.04761904761904745,1.0,1.0,0.0,0.6428571428571429,0.5952380952380952,-0.04761904761904767,6,7
52,0.12172958098369964,-0.9146038729044164,legacy67,minmax,0.6428571428571428,0.5952380952380953,-0.04761904761904745,1.0,1.0,0.0,0.6428571428571429,0.5952380952380952,-0.04761904761904767,7,8
52,0.1329652145729951,-0.876261961250477,legacy67,minmax,0.6428571428571428,0.6057142857142859,-0.03714285714285692,1.0,0.9866666666666667,-0.013333333333333308,0.6428571428571429,0.6190476190476191,-0.023809523809523836,7,8
52,0.14618962793704957,-0.8350834392078323,legacy67,minmax,0.6428571428571428,0.6057142857142859,-0.03714285714285692,1.0,0.9866666666666667,-0.013333333333333308,0.6428571428571429,0.6190476190476191,-0.023809523809523836,9,8
52,0.14742753159914665,-0.8314214058591274,legacy67,minmax,0.6428571428571428,0.6057142857142859,-0.03714285714285692,1.0,0.9866666666666667,-0.013333333333333308,0.6428571428571429,0.6190476190476191,-0.023809523809523836,9,8
52,0.16480446427978968,-0.7830310281618491,legacy67,minmax,0.6190476190476191,0.6295238095238096,0.010476190476190528,1.0,0.9866666666666667,-0.013333333333333308,0.6190476190476191,0.6428571428571429,0.023809523809523836,11,8
52,0.16536937182824418,-0.7815449233065173,legacy67,minmax,0.6190476190476191,0.6295238095238096,0.010476190476190528,1.0,0.9866666666666667,-0.013333333333333308,0.6190476190476191,0.6428571428571429,0.023809523809523836,11,8
52,0.1753594952976441,-0.7560707131373512,legacy67,minmax,0.6190476190476191,0.700952380952381,0.08190476190476192,1.0,0.9866666666666667,-0.013333333333333308,0.6190476190476191,0.7142857142857143,0.09523809523809523,11,8
52,0.17654048052495064,-0.7531556956423562,legacy67,minmax,0.6190476190476191,0.700952380952381,0.08190476190476192,1.0,0.9866666666666667,-0.013333333333333308,0.6190476190476191,0.7142857142857143,0.09523809523809523,11,8
52,0.1998634077852887,-0.6992667118930118,legacy67,minmax,0.6190476190476191,0.7114285714285715,0.09238095238095245,1.0,0.9733333333333334,-0.026666666666666616,0.6190476190476191,0.7380952380952381,0.11904761904761907,13,8
52,0.2001342062287997,-0.6986786769469426,legacy67,minmax,0.6190476190476191,0.7114285714285715,0.09238095238095245,1.0,0.9733333333333334,-0.026666666666666616,0.6190476190476191,0.7380952380952381,0.11904761904761907,13,8
52,0.21066486017042194,-0.6764079005894033,legacy67,minmax,0.5952380952380953,0.7114285714285715,0.11619047619047618,1.0,0.9733333333333334,-0.026666666666666616,0.5952380952380952,0.7380952380952381,0.1428571428571429,12,8
52,0.2673088310781669,-0.5729866932256429,legacy67,minmax,0.6190476190476191,0.7114285714285715,0.09238095238095245,1.0,0.9733333333333334,-0.026666666666666616,0.6190476190476191,0.7380952380952381,0.11904761904761907,14,9
52,0.2715581955282939,-0.5661370858229096,legacy67,minmax,0.6190476190476191,0.7352380952380952,0.11619047619047618,1.0,0.9733333333333334,-0.026666666666666616,0.6190476190476191,0.7619047619047619,0.1428571428571428,14,9
52,0.292043384718141,-0.5345526268252332,legacy67,minmax,0.6190476190476191,0.7352380952380952,0.11619047619047618,1.0,0.9733333333333334,-0.026666666666666616,0.6190476190476191,0.7619047619047619,0.1428571428571428,15,9
52,0.314891164795686,-0.50183952461055,legacy67,minmax,0.6428571428571428,0.7590476190476192,0.1161904761904764,1.0,0.9733333333333334,-0.026666666666666616,0.6428571428571429,0.7857142857142857,0.1428571428571428,16,9
52,0.35868164986275475,-0.44529084124207197,legacy67,minmax,0.6428571428571428,0.7590476190476192,0.1161904761904764,1.0,0.9733333333333334,-0.026666666666666616,0.6428571428571429,0.7857142857142857,0.1428571428571428,17,9
52,0.5130551760589832,-0.2898359265658015,legacy67,minmax,0.7380952380952381,0.8542857142857143,0.11619047619047618,1.0,0.9733333333333334,-0.026666666666666616,0.7380952380952381,0.8809523809523809,0.1428571428571428,19,9
52,0.5342937261279772,-0.27221992543153695,legacy67,minmax,0.7380952380952381,0.8542857142857143,0.11619047619047618,1.0,0.9733333333333334,-0.026666666666666616,0.7380952380952381,0.8809523809523809,0.1428571428571428,19,9
52,0.5762487216478598,-0.23939002504159476,legacy67,minmax,0.7380952380952381,0.8542857142857143,0.11619047619047618,1.0,0.9733333333333334,-0.026666666666666616,0.7380952380952381,0.8809523809523809,0.1428571428571428,19,9
52,0.6672367170464204,-0.17572006313185626,legacy67,minmax,0.7380952380952381,0.8542857142857143,0.11619047619047618,1.0,0.9733333333333334,-0.026666666666666616,0.7380952380952381,0.8809523809523809,0.1428571428571428,19,8
52,0.7742116473996242,-0.1111402993522028,legacy67,minmax,0.7247619047619049,0.8542857142857143,0.12952380952380937,0.9866666666666667,0.9733333333333334,-0.013333333333333308,0.7380952380952381,0.8809523809523809,0.1428571428571428,20,8
52,0.9444574254983555,-0.02481761454243703,legacy67,minmax,0.7485714285714287,0.8542857142857143,0.10571428571428565,0.9866666666666667,0.9733333333333334,-0.013333333333333308,0.7619047619047619,0.8809523809523809,0.11904761904761907,22,8
52,0.9565499215943818,-0.019292359554919238,legacy67,minmax,0.7485714285714287,0.8542857142857143,0.10571428571428565,0.9866666666666667,0.9733333333333334,-0.013333333333333308,0.7619047619047619,0.8809523809523809,0.11904761904761907,22,8
52,1.1400863701127315,0.0569377536544464,legacy67,minmax,0.700952380952381,0.861904761904762,0.16095238095238096,0.9866666666666667,0.9333333333333333,-0.053333333333333344,0.7142857142857143,0.9285714285714286,0.2142857142857143,25,9
52,1.2030178871154662,0.08027208471124325,legacy67,minmax,0.700952380952381,0.861904761904762,0.16095238095238096,0.9866666666666667,0.9333333333333333,-0.053333333333333344,0.7142857142857143,0.9285714285714286,0.2142857142857143,26,9
52,1.2329098365270508,0.0909313175279762,legacy67,minmax,0.700952380952381,0.861904761904762,0.16095238095238096,0.9866666666666667,0.9333333333333333,-0.053333333333333344,0.7142857142857143,0.9285714285714286,0.2142857142857143,26,9
52,1.2561043700013554,0.09902572652895136,legacy67,minmax,0.700952380952381,0.861904761904762,0.16095238095238096,0.9866666666666667,0.9333333333333333,-0.053333333333333344,0.7142857142857143,0.9285714285714286,0.2142857142857143,26,9
52,1.4817820606039076,0.17078433263299386,legacy67,minmax,0.7247619047619049,0.861904761904762,0.137142857142857,0.9866666666666667,0.9333333333333333,-0.053333333333333344,0.7380952380952381,0.9285714285714286,0.19047619047619047,27,9
52,1.5375920235481748,0.1868411173731186,legacy67,minmax,0.7485714285714287,0.861904761904762,0.11333333333333329,0.9866666666666667,0.9333333333333333,-0.053333333333333344,0.7619047619047619,0.9285714285714286,0.16666666666666674,27,9
52,1.7583640270008503,0.24510879027798493,legacy67,minmax,0.7723809523809524,0.861904761904762,0.08952380952380956,0.9866666666666667,0.9333333333333333,-0.053333333333333344,0.7857142857142857,0.9285714285714286,0.1428571428571429,27,9
52,2.34238498471129,0.36965827544816987,legacy67,minmax,0.7723809523809524,0.8752380952380951,0.10285714285714276,0.9866666666666667,0.9466666666666667,-0.040000000000000036,0.7857142857142857,0.9285714285714286,0.1428571428571429,27,9
52,2.4637685958997446,0.39159991524434057,legacy67,minmax,0.7590476190476192,0.8752380952380951,0.11619047619047596,0.9733333333333334,0.9466666666666667,-0.026666666666666727,0.7857142857142857,0.9285714285714286,0.1428571428571429,27,9
52,2.4810409748678097,0.3946339367881464,legacy67,minmax,0.7590476190476192,0.8752380952380951,0.11619047619047596,0.9733333333333334,0.9466666666666667,-0.026666666666666727,0.7857142857142857,0.9285714285714286,0.1428571428571429,27,9
52,2.5378155082656626,0.40446004697283516,legacy67,minmax,0.7590476190476192,0.8752380952380951,0.11619047619047596,0.9733333333333334,0.9466666666666667,-0.026666666666666727,0.7857142857142857,0.9285714285714286,0.1428571428571429,27,9
52,2.692646910086177,0.43017940760575346,legacy67,minmax,0.7590476190476192,0.8752380952380951,0.11619047619047596,0.9733333333333334,0.9466666666666667,-0.026666666666666727,0.7857142857142857,0.9285714285714286,0.1428571428571429,26,9
52,2.801635158716258,0.4474115788895179,legacy67,minmax,0.7590476190476192,0.8752380952380951,0.11619047619047596,0.9733333333333334,0.9466666666666667,-0.026666666666666727,0.7857142857142857,0.9285714285714286,0.1428571428571429,27,9
52,3.113095956122122,0.4931925073102317,legacy67,minmax,0.7590476190476192,0.8752380952380951,0.11619047619047596,0.9733333333333334,0.9466666666666667,-0.026666666666666727,0.7857142857142857,0.9285714285714286,0.1428571428571429,27,9
52,3.550012525851159,0.5502298854208525,legacy67,minmax,0.7828571428571429,0.8752380952380951,0.09238095238095223,0.9733333333333334,0.9466666666666667,-0.026666666666666727,0.8095238095238095,0.9285714285714286,0.11904761904761907,27,9
52,4.467752817973904,0.6500891374159279,legacy67,minmax,0.8066666666666666,0.8752380952380951,0.0685714285714285,0.9733333333333334,0.9466666666666667,-0.026666666666666727,0.8333333333333334,0.9285714285714286,0.09523809523809523,28,9
52,5.456725485601473,0.7369321060486276,legacy67,minmax,0.8066666666666666,0.8752380952380951,0.0685714285714285,0.9733333333333334,0.9466666666666667,-0.026666666666666727,0.8333333333333334,0.9285714285714286,0.09523809523809523,30,9
52,6.72093005015611,0.8274293753904685,legacy67,minmax,0.8066666666666666,0.8752380952380951,0.0685714285714285,0.9733333333333334,0.9466666666666667,-0.026666666666666727,0.8333333333333334,0.9285714285714286,0.09523809523809523,31,9
52,6.7965780907581514,0.832290311184182,legacy67,minmax,0.8066666666666666,0.8752380952380951,0.0685714285714285,0.9733333333333334,0.9466666666666667,-0.026666666666666727,0.8333333333333334,0.9285714285714286,0.09523809523809523,31,10
52,7.128188058401357,0.85297914889198,legacy67,minmax,0.8066666666666666,0.8752380952380951,0.0685714285714285,0.9733333333333334,0.9466666666666667,-0.026666666666666727,0.8333333333333334,0.9285714285714286,0.09523809523809523,30,9
52,8.241925264876443,0.9160286721639492,legacy67,minmax,0.8066666666666666,0.8752380952380951,0.0685714285714285,0.9733333333333334,0.9466666666666667,-0.026666666666666727,0.8333333333333334,0.9285714285714286,0.09523809523809523,30,31
52,8.287522363768153,0.9184247133522563,legacy67,minmax,0.8066666666666666,0.8752380952380951,0.0685714285714285,0.9733333333333334,0.9466666666666667,-0.026666666666666727,0.8333333333333334,0.9285714285714286,0.09523809523809523,30,31
52,8.471801418819974,0.9279757672456204,legacy67,minmax,0.8066666666666666,0.8752380952380951,0.0685714285714285,0.9733333333333334,0.9466666666666667,-0.026666666666666727,0.8333333333333334,0.9285714285714286,0.09523809523809523,30,31
52,11.044350847124681,1.0431401944675898,legacy67,minmax,0.8171428571428572,0.8752380952380951,0.05809523809523798,0.96,0.9466666666666667,-0.013333333333333308,0.8571428571428571,0.9285714285714286,0.07142857142857151,30,31
52,12.130221181165155,1.083868719818244,legacy67,minmax,0.8171428571428572,0.8752380952380951,0.05809523809523798,0.96,0.9466666666666667,-0.013333333333333308,0.8571428571428571,0.9285714285714286,0.07142857142857151,32,31
52,12.164139351417056,1.085081386743783,legacy67,minmax,0.8171428571428572,0.8752380952380951,0.05809523809523798,0.96,0.9466666666666667,-0.013333333333333308,0.8571428571428571,0.9285714285714286,0.07142857142857151,32,31
52,12.273800987852958,1.0889790771866297,legacy67,minmax,0.8171428571428572,0.8752380952380951,0.05809523809523798,0.96,0.9466666666666667,-0.013333333333333308,0.8571428571428571,0.9285714285714286,0.07142857142857151,32,31
52,12.604664585649452,1.1005312934444582,legacy67,minmax,0.8171428571428572,0.8752380952380951,0.05809523809523798,0.96,0.9466666666666667,-0.013333333333333308,0.8571428571428571,0.9285714285714286,0.07142857142857151,32,31
52,13.826232179369853,1.1407038455720544,legacy67,minmax,0.8171428571428572,0.8752380952380951,0.05809523809523798,0.96,0.9466666666666667,-0.013333333333333308,0.8571428571428571,0.9285714285714286,0.07142857142857151,32,31
52,16.172900811143133,1.2087879230161587,legacy67,minmax,0.7933333333333334,0.8752380952380951,0.0819047619047617,0.96,0.9466666666666667,-0.013333333333333308,0.8333333333333334,0.9285714285714286,0.09523809523809523,32,31
52,17.123375973163967,1.2335893924658445,legacy67,minmax,0.7933333333333334,0.8752380952380951,0.0819047619047617,0.96,0.9466666666666667,-0.013333333333333308,0.8333333333333334,0.9285714285714286,0.09523809523809523,32,31
52,18.274508859816006,1.2618457138193366,legacy67,minmax,0.78,0.8752380952380951,0.09523809523809512,0.9466666666666667,0.9466666666666667,0.0,0.8333333333333334,0.9285714285714286,0.09523809523809523,32,31
52,20.65142557895924,1.3149500366077174,legacy67,minmax,0.78,0.8752380952380951,0.09523809523809512,0.9466666666666667,0.9466666666666667,0.0,0.8333333333333334,0.9285714285714286,0.09523809523809523,32,31
52,21.36832907235874,1.329770563201687,legacy67,minmax,0.78,0.8752380952380951,0.09523809523809512,0.9466666666666667,0.9466666666666667,0.0,0.8333333333333334,0.9285714285714286,0.09523809523809523,32,31
52,28.340904295147727,1.452413703502374,legacy67,minmax,0.7666666666666666,0.8219047619047619,0.05523809523809531,0.9333333333333333,0.8933333333333333,-0.040000000000000036,0.8333333333333334,0.9285714285714286,0.09523809523809523,32,31
52,29.154431891537524,1.4647045830997407,legacy67,minmax,0.7666666666666666,0.8219047619047619,0.05523809523809531,0.9333333333333333,0.8933333333333333,-0.040000000000000036,0.8333333333333334,0.9285714285714286,0.09523809523809523,32,31
52,35.387588647792384,1.5488509703053062,legacy67,minmax,0.7666666666666666,0.8219047619047619,0.05523809523809531,0.9333333333333333,0.8933333333333333,-0.040000000000000036,0.8333333333333334,0.9285714285714286,0.09523809523809523,33,31
52,37.95853142670639,1.5793094017105953,legacy67,minmax,0.7666666666666666,0.8219047619047619,0.05523809523809531,0.9333333333333333,0.8933333333333333,-0.040000000000000036,0.8333333333333334,0.9285714285714286,0.09523809523809523,33,32
52,43.37920697490936,1.6372816083151283,legacy67,minmax,0.7666666666666666,0.8219047619047619,0.05523809523809531,0.9333333333333333,0.8933333333333333,-0.040000000000000036,0.8333333333333334,0.9285714285714286,0.09523809523809523,33,32
52,48.69640941520897,1.6874969400924673,legacy67,minmax,0.7666666666666666,0.8219047619047619,0.05523809523809531,0.9333333333333333,0.8933333333333333,-0.040000000000000036,0.8333333333333334,0.9285714285714286,0.09523809523809523,33,32
52,57.279044707996185,1.7579957662567565,legacy67,minmax,0.7666666666666666,0.8219047619047619,0.05523809523809531,0.9333333333333333,0.8933333333333333,-0.040000000000000036,0.8333333333333334,0.9285714285714286,0.09523809523809523,33,32
52,62.45139574743064,1.795542149013333,legacy67,minmax,0.7666666666666666,0.8219047619047619,0.05523809523809531,0.9333333333333333,0.8933333333333333,-0.040000000000000036,0.8333333333333334,0.9285714285714286,0.09523809523809523,33,32
52,63.512210106406926,1.8028572256396647,legacy67,minmax,0.7666666666666666,0.8219047619047619,0.05523809523809531,0.9333333333333333,0.8933333333333333,-0.040000000000000036,0.8333333333333334,0.9285714285714286,0.09523809523809523,33,32
52,72.86653737491037,1.8625281322982374,legacy67,minmax,0.7666666666666666,0.8219047619047619,0.05523809523809531,0.9333333333333333,0.8933333333333333,-0.040000000000000036,0.8333333333333334,0.9285714285714286,0.09523809523809523,33,32
52,75.56810141274423,1.8783385110582342,legacy67,minmax,0.7666666666666666,0.8219047619047619,0.05523809523809531,0.9333333333333333,0.8933333333333333,-0.040000000000000036,0.8333333333333334,0.9285714285714286,0.09523809523809523,33,32
52,75.79479953347995,1.8796394086479773,legacy67,minmax,0.7666666666666666,0.8219047619047619,0.05523809523809531,0.9333333333333333,0.8933333333333333,-0.040000000000000036,0.8333333333333334,0.9285714285714286,0.09523809523809523,33,32
52,88.62326508576248,1.9475477464020692,legacy67,minmax,0.7666666666666666,0.8219047619047619,0.05523809523809531,0.9333333333333333,0.8933333333333333,-0.040000000000000036,0.8333333333333334,0.9285714285714286,0.09523809523809523,33,32
53,0.010521761868451128,-1.9779115315055904,legacy67,minmax,0.0,0.0,0.0,1.0,1.0,0.0,0.0,0.0,0.0,0,0
53,0.012087541473056955,-1.9176620228167902,legacy67,minmax,0.0,0.0,0.0,1.0,1.0,0.0,0.0,0.0,0.0,0,0
53,0.01263794633808287,-1.8983234930236192,legacy67,minmax,0.0,0.0,0.0,1.0,1.0,0.0,0.0,0.0,0.0,0,0
53,0.013726318898045865,-1.8624459155391264,legacy67,minmax,0.0,0.0,0.0,1.0,1.0,0.0,0.0,0.0,0.0,0,0
53,0.0151673306880762,-1.8190908443578477,legacy67,minmax,0.0,0.0,0.0,1.0,1.0,0.0,0.0,0.0,0.0,0,0
53,0.015339162591163618,-1.814198349120009,legacy67,minmax,0.0,0.0,0.0,1.0,1.0,0.0,0.0,0.0,0.0,0,0
53,0.017073967431528118,-1.7676655513272022,legacy67,minmax,0.0,0.0,0.0,1.0,1.0,0.0,0.0,0.0,0.0,1,1
53,0.017956984225677628,-1.7457665988559055,legacy67,minmax,0.0,0.0,0.0,1.0,1.0,0.0,0.0,0.0,0.0,1,1
53,0.018205657658407252,-1.739793628058882,legacy67,minmax,0.0,0.0,0.0,1.0,1.0,0.0,0.0,0.0,0.0,2,1
53,0.019777828512462715,-1.7038213930636386,legacy67,minmax,0.0714285714285714,0.0,-0.0714285714285714,1.0,1.0,0.0,0.07142857142857142,0.0,-0.07142857142857142,3,1
53,0.01987021538542862,-1.7017974252809167,legacy67,minmax,0.0714285714285714,0.0,-0.0714285714285714,1.0,1.0,0.0,0.07142857142857142,0.0,-0.07142857142857142,3,1
53,0.022592797420156945,-1.646029991792322,legacy67,minmax,0.16666666666666674,0.40476190476190466,0.23809523809523792,1.0,1.0,0.0,0.16666666666666666,0.40476190476190477,0.2380952380952381,3,1
53,0.024586032763280048,-1.6093115439744645,legacy67,minmax,0.19047619047619047,0.40476190476190466,0.2142857142857142,1.0,1.0,0.0,0.19047619047619047,0.40476190476190477,0.2142857142857143,3,1
53,0.027012557725439066,-1.5684342920267822,legacy67,minmax,0.23809523809523814,0.40476190476190466,0.16666666666666652,1.0,1.0,0.0,0.23809523809523808,0.40476190476190477,0.16666666666666669,3,2
53,0.029072088906598435,-1.5365237618994811,legacy67,minmax,0.23809523809523814,0.40476190476190466,0.16666666666666652,1.0,1.0,0.0,0.23809523809523808,0.40476190476190477,0.16666666666666669,3,2
53,0.030086868214458433,-1.5216230162467932,legacy67,minmax,0.23809523809523814,0.40476190476190466,0.16666666666666652,1.0,1.0,0.0,0.23809523809523808,0.40476190476190477,0.16666666666666669,3,2
53,0.030771802712506853,-1.5118470606208847,legacy67,minmax,0.2857142857142856,0.40476190476190466,0.11904761904761907,1.0,1.0,0.0,0.2857142857142857,0.40476190476190477,0.11904761904761907,3,2
53,0.036138942712165265,-1.4420245573918327,legacy67,minmax,0.4285714285714286,0.40476190476190466,-0.023809523809523947,1.0,1.0,0.0,0.42857142857142855,0.40476190476190477,-0.02380952380952378,4,2
53,0.03661819220392428,-1.4363031001009494,legacy67,minmax,0.4285714285714286,0.40476190476190466,-0.023809523809523947,1.0,1.0,0.0,0.42857142857142855,0.40476190476190477,-0.02380952380952378,4,2
53,0.04207053950287936,-1.3760219186551894,legacy67,minmax,0.45238095238095233,0.40476190476190466,-0.04761904761904767,1.0,1.0,0.0,0.4523809523809524,0.40476190476190477,-0.047619047619047616,4,3
53,0.04207988669606635,-1.375925438230254,legacy67,minmax,0.45238095238095233,0.40476190476190466,-0.04761904761904767,1.0,1.0,0.0,0.4523809523809524,0.40476190476190477,-0.047619047619047616,4,3
53,0.04809461967501572,-1.3179035052508339,legacy67,minmax,0.5,0.40476190476190466,-0.09523809523809534,1.0,1.0,0.0,0.5,0.40476190476190477,-0.09523809523809523,5,4
53,0.05337032762603955,-1.2727001311715975,legacy67,minmax,0.5714285714285714,0.40476190476190466,-0.16666666666666674,1.0,1.0,0.0,0.5714285714285714,0.40476190476190477,-0.16666666666666663,5,5
53,0.05415244119402536,-1.2663819605862647,legacy67,minmax,0.5714285714285714,0.4285714285714286,-0.1428571428571428,1.0,1.0,0.0,0.5714285714285714,0.42857142857142855,-0.14285714285714285,5,5
53,0.05488047000766042,-1.2605821778978918,legacy67,minmax,0.5714285714285714,0.4285714285714286,-0.1428571428571428,1.0,1.0,0.0,0.5714285714285714,0.42857142857142855,-0.14285714285714285,6,5
53,0.060803901902965994,-1.2160685503234192,legacy67,minmax,0.5714285714285714,0.4761904761904763,-0.09523809523809512,1.0,1.0,0.0,0.5714285714285714,0.47619047619047616,-0.09523809523809523,7,6
53,0.06235377135673155,-1.2051372738633104,legacy67,minmax,0.5714285714285714,0.5,-0.0714285714285714,1.0,1.0,0.0,0.5714285714285714,0.5,-0.0714285714285714,7,6
53,0.06290644294586147,-1.201304871366561,legacy67,minmax,0.5714285714285714,0.5238095238095237,-0.04761904761904767,1.0,1.0,0.0,0.5714285714285714,0.5238095238095238,-0.04761904761904756,7,6
53,0.07068974950624601,-1.1506435572868954,legacy67,minmax,0.558095238095238,0.5342857142857143,-0.023809523809523725,0.9866666666666667,0.9866666666666667,0.0,0.5714285714285714,0.5476190476190477,-0.023809523809523725,7,6
53,0.10842262717330158,-0.9648800735999323,legacy67,minmax,0.6161904761904764,0.6295238095238096,0.013333333333333197,0.9733333333333334,0.9866666666666667,0.013333333333333308,0.6428571428571429,0.6428571428571429,0.0,9,8
53,0.12172958098369964,-0.9146038729044164,legacy67,minmax,0.6161904761904764,0.6295238095238096,0.013333333333333197,0.9733333333333334,0.9866666666666667,0.013333333333333308,0.6428571428571429,0.6428571428571429,0.0,10,9
53,0.1329652145729951,-0.876261961250477,legacy67,minmax,0.6400000000000001,0.677142857142857,0.03714285714285692,0.9733333333333334,0.9866666666666667,0.013333333333333308,0.6666666666666666,0.6904761904761905,0.023809523809523836,12,9
53,0.14618962793704957,-0.8350834392078323,legacy67,minmax,0.6400000000000001,0.6476190476190475,0.007619047619047414,0.9733333333333334,0.9333333333333333,-0.040000000000000036,0.6666666666666666,0.7142857142857143,0.04761904761904767,12,9
53,0.14742753159914665,-0.8314214058591274,legacy67,minmax,0.6400000000000001,0.6476190476190475,0.007619047619047414,0.9733333333333334,0.9333333333333333,-0.040000000000000036,0.6666666666666666,0.7142857142857143,0.04761904761904767,12,9
53,0.16480446427978968,-0.7830310281618491,legacy67,minmax,0.6400000000000001,0.6476190476190475,0.007619047619047414,0.9733333333333334,0.9333333333333333,-0.040000000000000036,0.6666666666666666,0.7142857142857143,0.04761904761904767,12,9
53,0.16536937182824418,-0.7815449233065173,legacy67,minmax,0.6400000000000001,0.6476190476190475,0.007619047619047414,0.9733333333333334,0.9333333333333333,-0.040000000000000036,0.6666666666666666,0.7142857142857143,0.04761904761904767,12,9
53,0.1753594952976441,-0.7560707131373512,legacy67,minmax,0.6400000000000001,0.6476190476190475,0.007619047619047414,0.9733333333333334,0.9333333333333333,-0.040000000000000036,0.6666666666666666,0.7142857142857143,0.04761904761904767,12,9
53,0.17654048052495064,-0.7531556956423562,legacy67,minmax,0.6400000000000001,0.6476190476190475,0.007619047619047414,0.9733333333333334,0.9333333333333333,-0.040000000000000036,0.6666666666666666,0.7142857142857143,0.04761904761904767,12,9
53,0.1998634077852887,-0.6992667118930118,legacy67,minmax,0.6638095238095238,0.6476190476190475,-0.01619047619047631,0.9733333333333334,0.9333333333333333,-0.040000000000000036,0.6904761904761905,0.7142857142857143,0.023809523809523836,13,9
53,0.2001342062287997,-0.6986786769469426,legacy67,minmax,0.6638095238095238,0.6476190476190475,-0.01619047619047631,0.9733333333333334,0.9333333333333333,-0.040000000000000036,0.6904761904761905,0.7142857142857143,0.023809523809523836,13,9
53,0.21066486017042194,-0.6764079005894033,legacy67,minmax,0.6638095238095238,0.6476190476190475,-0.01619047619047631,0.9733333333333334,0.9333333333333333,-0.040000000000000036,0.6904761904761905,0.7142857142857143,0.023809523809523836,14,9
53,0.2673088310781669,-0.5729866932256429,legacy67,minmax,0.6238095238095238,0.6714285714285715,0.04761904761904767,0.9333333333333333,0.9333333333333333,0.0,0.6904761904761905,0.7380952380952381,0.04761904761904767,16,8
53,0.2715581955282939,-0.5661370858229096,legacy67,minmax,0.6238095238095238,0.6714285714285715,0.04761904761904767,0.9333333333333333,0.9333333333333333,0.0,0.6904761904761905,0.7380952380952381,0.04761904761904767,17,8
53,0.292043384718141,-0.5345526268252332,legacy67,minmax,0.6238095238095238,0.6714285714285715,0.04761904761904767,0.9333333333333333,0.9333333333333333,0.0,0.6904761904761905,0.7380952380952381,0.04761904761904767,17,8
53,0.314891164795686,-0.50183952461055,legacy67,minmax,0.6238095238095238,0.6714285714285715,0.04761904761904767,0.9333333333333333,0.9333333333333333,0.0,0.6904761904761905,0.7380952380952381,0.04761904761904767,17,8
53,0.35868164986275475,-0.44529084124207197,legacy67,minmax,0.6238095238095238,0.6714285714285715,0.04761904761904767,0.9333333333333333,0.9333333333333333,0.0,0.6904761904761905,0.7380952380952381,0.04761904761904767,18,8
53,0.5130551760589832,-0.2898359265658015,legacy67,minmax,0.6714285714285715,0.6714285714285715,0.0,0.9333333333333333,0.9333333333333333,0.0,0.7380952380952381,0.7380952380952381,0.0,21,7
53,0.5342937261279772,-0.27221992543153695,legacy67,minmax,0.6714285714285715,0.6714285714285715,0.0,0.9333333333333333,0.9333333333333333,0.0,0.7380952380952381,0.7380952380952381,0.0,21,7
53,0.5762487216478598,-0.23939002504159476,legacy67,minmax,0.6714285714285715,0.6714285714285715,0.0,0.9333333333333333,0.9333333333333333,0.0,0.7380952380952381,0.7380952380952381,0.0,23,7
53,0.6672367170464204,-0.17572006313185626,legacy67,minmax,0.6476190476190475,0.6714285714285715,0.023809523809523947,0.9333333333333333,0.9333333333333333,0.0,0.7142857142857143,0.7380952380952381,0.023809523809523836,25,7
53,0.7742116473996242,-0.1111402993522028,legacy67,minmax,0.6952380952380952,0.6714285714285715,-0.023809523809523725,0.9333333333333333,0.9333333333333333,0.0,0.7619047619047619,0.7380952380952381,-0.023809523809523725,25,7
53,0.9444574254983555,-0.02481761454243703,legacy67,minmax,0.6952380952380952,0.7533333333333334,0.0580952380952382,0.9333333333333333,0.92,-0.013333333333333308,0.7619047619047619,0.8333333333333334,0.07142857142857151,26,7
53,0.9565499215943818,-0.019292359554919238,legacy67,minmax,0.6952380952380952,0.7504761904761903,0.055238095238095086,0.9333333333333333,0.8933333333333333,-0.040000000000000036,0.7619047619047619,0.8571428571428571,0.09523809523809523,26,7
53,1.1400863701127315,0.0569377536544464,legacy67,minmax,0.6952380952380952,0.7504761904761903,0.055238095238095086,0.9333333333333333,0.8933333333333333,-0.040000000000000036,0.7619047619047619,0.8571428571428571,0.09523809523809523,26,7
53,1.2030178871154662,0.08027208471124325,legacy67,minmax,0.6952380952380952,0.7504761904761903,0.055238095238095086,0.9333333333333333,0.8933333333333333,-0.040000000000000036,0.7619047619047619,0.8571428571428571,0.09523809523809523,28,7
53,1.2329098365270508,0.0909313175279762,legacy67,minmax,0.6952380952380952,0.7504761904761903,0.055238095238095086,0.9333333333333333,0.8933333333333333,-0.040000000000000036,0.7619047619047619,0.8571428571428571,0.09523809523809523,29,7
53,1.2561043700013554,0.09902572652895136,legacy67,minmax,0.6952380952380952,0.7504761904761903,0.055238095238095086,0.9333333333333333,0.8933333333333333,-0.040000000000000036,0.7619047619047619,0.8571428571428571,0.09523809523809523,29,7
53,1.4817820606039076,0.17078433263299386,legacy67,minmax,0.6952380952380952,0.7504761904761903,0.055238095238095086,0.9333333333333333,0.8933333333333333,-0.040000000000000036,0.7619047619047619,0.8571428571428571,0.09523809523809523,29,7
53,1.5375920235481748,0.1868411173731186,legacy67,minmax,0.6952380952380952,0.7504761904761903,0.055238095238095086,0.9333333333333333,0.8933333333333333,-0.040000000000000036,0.7619047619047619,0.8571428571428571,0.09523809523809523,28,7
53,1.7583640270008503,0.24510879027798493,legacy67,minmax,0.7190476190476192,0.7504761904761903,0.03142857142857114,0.9333333333333333,0.8933333333333333,-0.040000000000000036,0.7857142857142857,0.8571428571428571,0.0714285714285714,28,7
53,2.34238498471129,0.36965827544816987,legacy67,minmax,0.7190476190476192,0.7504761904761903,0.03142857142857114,0.9333333333333333,0.8933333333333333,-0.040000000000000036,0.7857142857142857,0.8571428571428571,0.0714285714285714,30,7
53,2.4637685958997446,0.39159991524434057,legacy67,minmax,0.7190476190476192,0.7504761904761903,0.03142857142857114,0.9333333333333333,0.8933333333333333,-0.040000000000000036,0.7857142857142857,0.8571428571428571,0.0714285714285714,30,7
53,2.4810409748678097,0.3946339367881464,legacy67,minmax,0.7190476190476192,0.7504761904761903,0.03142857142857114,0.9333333333333333,0.8933333333333333,-0.040000000000000036,0.7857142857142857,0.8571428571428571,0.0714285714285714,30,7
53,2.5378155082656626,0.40446004697283516,legacy67,minmax,0.7190476190476192,0.7504761904761903,0.03142857142857114,0.9333333333333333,0.8933333333333333,-0.040000000000000036,0.7857142857142857,0.8571428571428571,0.0714285714285714,30,7
53,2.692646910086177,0.43017940760575346,legacy67,minmax,0.6952380952380952,0.7504761904761903,0.055238095238095086,0.9333333333333333,0.8933333333333333,-0.040000000000000036,0.7619047619047619,0.8571428571428571,0.09523809523809523,31,7
53,2.801635158716258,0.4474115788895179,legacy67,minmax,0.6952380952380952,0.7504761904761903,0.055238095238095086,0.9333333333333333,0.8933333333333333,-0.040000000000000036,0.7619047619047619,0.8571428571428571,0.09523809523809523,31,7
53,3.113095956122122,0.4931925073102317,legacy67,minmax,0.6952380952380952,0.7504761904761903,0.055238095238095086,0.9333333333333333,0.8933333333333333,-0.040000000000000036,0.7619047619047619,0.8571428571428571,0.09523809523809523,31,7
53,3.550012525851159,0.5502298854208525,legacy67,minmax,0.6952380952380952,0.7504761904761903,0.055238095238095086,0.9333333333333333,0.8933333333333333,-0.040000000000000036,0.7619047619047619,0.8571428571428571,0.09523809523809523,32,7
53,4.467752817973904,0.6500891374159279,legacy67,minmax,0.6580952380952381,0.7504761904761903,0.09238095238095223,0.92,0.8933333333333333,-0.026666666666666727,0.7380952380952381,0.8571428571428571,0.11904761904761896,32,7
53,5.456725485601473,0.7369321060486276,legacy67,minmax,0.6685714285714286,0.7504761904761903,0.0819047619047617,0.9066666666666666,0.8933333333333333,-0.013333333333333308,0.7619047619047619,0.8571428571428571,0.09523809523809523,31,28
53,6.72093005015611,0.8274293753904685,legacy67,minmax,0.6685714285714286,0.7504761904761903,0.0819047619047617,0.9066666666666666,0.8933333333333333,-0.013333333333333308,0.7619047619047619,0.8571428571428571,0.09523809523809523,31,28
53,6.7965780907581514,0.832290311184182,legacy67,minmax,0.6685714285714286,0.7504761904761903,0.0819047619047617,0.9066666666666666,0.8933333333333333,-0.013333333333333308,0.7619047619047619,0.8571428571428571,0.09523809523809523,31,28
53,7.128188058401357,0.85297914889198,legacy67,minmax,0.6685714285714286,0.7504761904761903,0.0819047619047617,0.9066666666666666,0.8933333333333333,-0.013333333333333308,0.7619047619047619,0.8571428571428571,0.09523809523809523,31,28
53,8.241925264876443,0.9160286721639492,legacy67,minmax,0.6685714285714286,0.7504761904761903,0.0819047619047617,0.9066666666666666,0.8933333333333333,-0.013333333333333308,0.7619047619047619,0.8571428571428571,0.09523809523809523,31,28
53,8.287522363768153,0.9184247133522563,legacy67,minmax,0.6685714285714286,0.7504761904761903,0.0819047619047617,0.9066666666666666,0.8933333333333333,-0.013333333333333308,0.7619047619047619,0.8571428571428571,0.09523809523809523,31,28
53,8.471801418819974,0.9279757672456204,legacy67,minmax,0.6685714285714286,0.7504761904761903,0.0819047619047617,0.9066666666666666,0.8933333333333333,-0.013333333333333308,0.7619047619047619,0.8571428571428571,0.09523809523809523,31,28
53,11.044350847124681,1.0431401944675898,legacy67,minmax,0.6819047619047618,0.7504761904761903,0.0685714285714285,0.92,0.8933333333333333,-0.026666666666666727,0.7619047619047619,0.8571428571428571,0.09523809523809523,32,28
53,12.130221181165155,1.083868719818244,legacy67,minmax,0.6819047619047618,0.7504761904761903,0.0685714285714285,0.92,0.8933333333333333,-0.026666666666666727,0.7619047619047619,0.8571428571428571,0.09523809523809523,32,28
53,12.164139351417056,1.085081386743783,legacy67,minmax,0.6819047619047618,0.7504761904761903,0.0685714285714285,0.92,0.8933333333333333,-0.026666666666666727,0.7619047619047619,0.8571428571428571,0.09523809523809523,32,28
53,12.273800987852958,1.0889790771866297,legacy67,minmax,0.6819047619047618,0.7504761904761903,0.0685714285714285,0.92,0.8933333333333333,-0.026666666666666727,0.7619047619047619,0.8571428571428571,0.09523809523809523,32,28
53,12.604664585649452,1.1005312934444582,legacy67,minmax,0.6819047619047618,0.7504761904761903,0.0685714285714285,0.92,0.8933333333333333,-0.026666666666666727,0.7619047619047619,0.8571428571428571,0.09523809523809523,32,28
53,13.826232179369853,1.1407038455720544,legacy67,minmax,0.6819047619047618,0.7504761904761903,0.0685714285714285,0.92,0.8933333333333333,-0.026666666666666727,0.7619047619047619,0.8571428571428571,0.09523809523809523,32,29
53,16.172900811143133,1.2087879230161587,legacy67,minmax,0.6819047619047618,0.7504761904761903,0.0685714285714285,0.92,0.8933333333333333,-0.026666666666666727,0.7619047619047619,0.8571428571428571,0.09523809523809523,32,29
53,17.123375973163967,1.2335893924658445,legacy67,minmax,0.6819047619047618,0.7504761904761903,0.0685714285714285,0.92,0.8933333333333333,-0.026666666666666727,0.7619047619047619,0.8571428571428571,0.09523809523809523,32,29
53,18.274508859816006,1.2618457138193366,legacy67,minmax,0.6819047619047618,0.7504761904761903,0.0685714285714285,0.92,0.8933333333333333,-0.026666666666666727,0.7619047619047619,0.8571428571428571,0.09523809523809523,32,29
53,20.65142557895924,1.3149500366077174,legacy67,minmax,0.6685714285714286,0.7504761904761903,0.0819047619047617,0.9066666666666666,0.8933333333333333,-0.013333333333333308,0.7619047619047619,0.8571428571428571,0.09523809523809523,32,29
53,21.36832907235874,1.329770563201687,legacy67,minmax,0.6685714285714286,0.7504761904761903,0.0819047619047617,0.9066666666666666,0.8933333333333333,-0.013333333333333308,0.7619047619047619,0.8571428571428571,0.09523809523809523,32,29
53,28.340904295147727,1.452413703502374,legacy67,minmax,0.6685714285714286,0.7504761904761903,0.0819047619047617,0.9066666666666666,0.8933333333333333,-0.013333333333333308,0.7619047619047619,0.8571428571428571,0.09523809523809523,33,29
53,29.154431891537524,1.4647045830997407,legacy67,minmax,0.6685714285714286,0.7504761904761903,0.0819047619047617,0.9066666666666666,0.8933333333333333,-0.013333333333333308,0.7619047619047619,0.8571428571428571,0.09523809523809523,33,29
53,35.387588647792384,1.5488509703053062,legacy67,minmax,0.6685714285714286,0.7504761904761903,0.0819047619047617,0.9066666666666666,0.8933333333333333,-0.013333333333333308,0.7619047619047619,0.8571428571428571,0.09523809523809523,33,29
53,37.95853142670639,1.5793094017105953,legacy67,minmax,0.6685714285714286,0.7504761904761903,0.0819047619047617,0.9066666666666666,0.8933333333333333,-0.013333333333333308,0.7619047619047619,0.8571428571428571,0.09523809523809523,33,29
53,43.37920697490936,1.6372816083151283,legacy67,minmax,0.6685714285714286,0.7504761904761903,0.0819047619047617,0.9066666666666666,0.8933333333333333,-0.013333333333333308,0.7619047619047619,0.8571428571428571,0.09523809523809523,33,29
53,48.69640941520897,1.6874969400924673,legacy67,minmax,0.6685714285714286,0.7504761904761903,0.0819047619047617,0.9066666666666666,0.8933333333333333,-0.013333333333333308,0.7619047619047619,0.8571428571428571,0.09523809523809523,33,29
53,57.279044707996185,1.7579957662567565,legacy67,minmax,0.6685714285714286,0.7504761904761903,0.0819047619047617,0.9066666666666666,0.8933333333333333,-0.013333333333333308,0.7619047619047619,0.8571428571428571,0.09523809523809523,33,31
53,62.45139574743064,1.795542149013333,legacy67,minmax,0.6685714285714286,0.7504761904761903,0.0819047619047617,0.9066666666666666,0.8933333333333333,-0.013333333333333308,0.7619047619047619,0.8571428571428571,0.09523809523809523,33,31
53,63.512210106406926,1.8028572256396647,legacy67,minmax,0.6685714285714286,0.7504761904761903,0.0819047619047617,0.9066666666666666,0.8933333333333333,-0.013333333333333308,0.7619047619047619,0.8571428571428571,0.09523809523809523,33,31
53,72.86653737491037,1.8625281322982374,legacy67,minmax,0.6685714285714286,0.7504761904761903,0.0819047619047617,0.9066666666666666,0.8933333333333333,-0.013333333333333308,0.7619047619047619,0.8571428571428571,0.09523809523809523,33,31
53,75.56810141274423,1.8783385110582342,legacy67,minmax,0.6685714285714286,0.7504761904761903,0.0819047619047617,0.9066666666666666,0.8933333333333333,-0.013333333333333308,0.7619047619047619,0.8571428571428571,0.09523809523809523,33,31
53,75.79479953347995,1.8796394086479773,legacy67,minmax,0.6685714285714286,0.7504761904761903,0.0819047619047617,0.9066666666666666,0.8933333333333333,-0.013333333333333308,0.7619047619047619,0.8571428571428571,0.09523809523809523,33,31
53,88.62326508576248,1.9475477464020692,legacy67,minmax,0.6685714285714286,0.7504761904761903,0.0819047619047617,0.9066666666666666,0.8933333333333333,-0.013333333333333308,0.7619047619047619,0.8571428571428571,0.09523809523809523,33,31
54,0.010521761868451128,-1.9779115315055904,legacy67,minmax,0.0,0.0,0.0,1.0,1.0,0.0,0.0,0.0,0.0,0,0
54,0.012087541473056955,-1.9176620228167902,legacy67,minmax,0.0,0.0,0.0,1.0,1.0,0.0,0.0,0.0,0.0,0,0
54,0.01263794633808287,-1.8983234930236192,legacy67,minmax,0.0,0.0,0.0,1.0,1.0,0.0,0.0,0.0,0.0,0,0
54,0.013726318898045865,-1.8624459155391264,legacy67,minmax,0.0,0.0,0.0,1.0,1.0,0.0,0.0,0.0,0.0,0,0
54,0.0151673306880762,-1.8190908443578477,legacy67,minmax,0.0,0.0,0.0,1.0,1.0,0.0,0.0,0.0,0.0,0,0
54,0.015339162591163618,-1.814198349120009,legacy67,minmax,0.0,0.0,0.0,1.0,1.0,0.0,0.0,0.0,0.0,0,0
54,0.017073967431528118,-1.7676655513272022,legacy67,minmax,0.0,0.0,0.0,1.0,1.0,0.0,0.0,0.0,0.0,1,0
54,0.017956984225677628,-1.7457665988559055,legacy67,minmax,0.0,0.0,0.0,1.0,1.0,0.0,0.0,0.0,0.0,1,0
54,0.018205657658407252,-1.739793628058882,legacy67,minmax,0.0,0.0,0.0,1.0,1.0,0.0,0.0,0.0,0.0,1,2
54,0.019777828512462715,-1.7038213930636386,legacy67,minmax,0.023809523809523725,0.0,-0.023809523809523725,1.0,1.0,0.0,0.023809523809523808,0.0,-0.023809523809523808,2,2
54,0.01987021538542862,-1.7017974252809167,legacy67,minmax,0.023809523809523725,0.0,-0.023809523809523725,1.0,1.0,0.0,0.023809523809523808,0.0,-0.023809523809523808,2,2
54,0.022592797420156945,-1.646029991792322,legacy67,minmax,0.2142857142857142,0.2857142857142856,0.0714285714285714,1.0,1.0,0.0,0.21428571428571427,0.2857142857142857,0.07142857142857142,3,2
54,0.024586032763280048,-1.6093115439744645,legacy67,minmax,0.33333333333333326,0.2857142857142856,-0.04761904761904767,1.0,1.0,0.0,0.3333333333333333,0.2857142857142857,-0.047619047619047616,4,2
54,0.027012557725439066,-1.5684342920267822,legacy67,minmax,0.4285714285714286,0.2857142857142856,-0.14285714285714302,1.0,1.0,0.0,0.42857142857142855,0.2857142857142857,-0.14285714285714285,4,2
54,0.029072088906598435,-1.5365237618994811,legacy67,minmax,0.45238095238095233,0.2857142857142856,-0.16666666666666674,1.0,1.0,0.0,0.4523809523809524,0.2857142857142857,-0.16666666666666669,4,2
54,0.030086868214458433,-1.5216230162467932,legacy67,minmax,0.4761904761904763,0.2857142857142856,-0.1904761904761907,1.0,1.0,0.0,0.47619047619047616,0.2857142857142857,-0.19047619047619047,4,2
54,0.030771802712506853,-1.5118470606208847,legacy67,minmax,0.4761904761904763,0.2857142857142856,-0.1904761904761907,1.0,1.0,0.0,0.47619047619047616,0.2857142857142857,-0.19047619047619047,4,2
54,0.036138942712165265,-1.4420245573918327,legacy67,minmax,0.5952380952380953,0.6904761904761905,0.09523809523809512,1.0,1.0,0.0,0.5952380952380952,0.6904761904761905,0.09523809523809523,4,2
54,0.03661819220392428,-1.4363031001009494,legacy67,minmax,0.5952380952380953,0.6904761904761905,0.09523809523809512,1.0,1.0,0.0,0.5952380952380952,0.6904761904761905,0.09523809523809523,4,2
54,0.04207053950287936,-1.3760219186551894,legacy67,minmax,0.5952380952380953,0.6904761904761905,0.09523809523809512,1.0,1.0,0.0,0.5952380952380952,0.6904761904761905,0.09523809523809523,4,2
54,0.04207988669606635,-1.375925438230254,legacy67,minmax,0.5952380952380953,0.6904761904761905,0.09523809523809512,1.0,1.0,0.0,0.5952380952380952,0.6904761904761905,0.09523809523809523,4,2
54,0.04809461967501572,-1.3179035052508339,legacy67,minmax,0.6190476190476191,0.6904761904761905,0.0714285714285714,1.0,1.0,0.0,0.6190476190476191,0.6904761904761905,0.0714285714285714,5,2
54,0.05337032762603955,-1.2727001311715975,legacy67,minmax,0.6295238095238096,0.6904761904761905,0.06095238095238087,0.9866666666666667,1.0,0.013333333333333308,0.6428571428571429,0.6904761904761905,0.04761904761904756,5,4
54,0.05415244119402536,-1.2663819605862647,legacy67,minmax,0.6295238095238096,0.6904761904761905,0.06095238095238087,0.9866666666666667,1.0,0.013333333333333308,0.6428571428571429,0.6904761904761905,0.04761904761904756,5,4
54,0.05488047000766042,-1.2605821778978918,legacy67,minmax,0.6295238095238096,0.6904761904761905,0.06095238095238087,0.9866666666666667,1.0,0.013333333333333308,0.6428571428571429,0.6904761904761905,0.04761904761904756,5,4
54,0.060803901902965994,-1.2160685503234192,legacy67,minmax,0.677142857142857,0.6904761904761905,0.01333333333333342,0.9866666666666667,1.0,0.013333333333333308,0.6904761904761905,0.6904761904761905,0.0,6,4
54,0.06235377135673155,-1.2051372738633104,legacy67,minmax,0.677142857142857,0.6904761904761905,0.01333333333333342,0.9866666666666667,1.0,0.013333333333333308,0.6904761904761905,0.6904761904761905,0.0,6,4
54,0.06290644294586147,-1.201304871366561,legacy67,minmax,0.677142857142857,0.6904761904761905,0.01333333333333342,0.9866666666666667,1.0,0.013333333333333308,0.6904761904761905,0.6904761904761905,0.0,6,4
54,0.07068974950624601,-1.1506435572868954,legacy67,minmax,0.6638095238095238,0.6904761904761905,0.026666666666666616,0.9733333333333334,1.0,0.026666666666666616,0.6904761904761905,0.6904761904761905,0.0,8,4
54,0.10842262717330158,-0.9648800735999323,legacy67,minmax,0.6638095238095238,0.7380952380952381,0.07428571428571429,0.9733333333333334,1.0,0.026666666666666616,0.6904761904761905,0.7380952380952381,0.04761904761904767,9,8
54,0.12172958098369964,-0.9146038729044164,legacy67,minmax,0.6876190476190476,0.7380952380952381,0.05047619047619056,0.9733333333333334,1.0,0.026666666666666616,0.7142857142857143,0.7380952380952381,0.023809523809523836,10,8
54,0.1329652145729951,-0.876261961250477,legacy67,minmax,0.6876190476190476,0.7619047619047619,0.07428571428571429,0.9733333333333334,1.0,0.026666666666666616,0.7142857142857143,0.7619047619047619,0.04761904761904756,11,8
54,0.14618962793704957,-0.8350834392078323,legacy67,minmax,0.7352380952380952,0.7619047619047619,0.026666666666666616,0.9733333333333334,1.0,0.026666666666666616,0.7619047619047619,0.7619047619047619,0.0,14,8
54,0.14742753159914665,-0.8314214058591274,legacy67,minmax,0.7352380952380952,0.7857142857142856,0.05047619047619034,0.9733333333333334,1.0,0.026666666666666616,0.7619047619047619,0.7857142857142857,0.023809523809523836,15,8
54,0.16480446427978968,-0.7830310281618491,legacy67,minmax,0.6876190476190476,0.7857142857142856,0.09809523809523801,0.9733333333333334,1.0,0.026666666666666616,0.7142857142857143,0.7857142857142857,0.0714285714285714,16,10
54,0.16536937182824418,-0.7815449233065173,legacy67,minmax,0.6876190476190476,0.7857142857142856,0.09809523809523801,0.9733333333333334,1.0,0.026666666666666616,0.7142857142857143,0.7857142857142857,0.0714285714285714,16,10
54,0.1753594952976441,-0.7560707131373512,legacy67,minmax,0.6876190476190476,0.8571428571428572,0.16952380952380963,0.9733333333333334,1.0,0.026666666666666616,0.7142857142857143,0.8571428571428571,0.1428571428571428,16,10
54,0.17654048052495064,-0.7531556956423562,legacy67,minmax,0.6876190476190476,0.8571428571428572,0.16952380952380963,0.9733333333333334,1.0,0.026666666666666616,0.7142857142857143,0.8571428571428571,0.1428571428571428,16,10
54,0.1998634077852887,-0.6992667118930118,legacy67,minmax,0.6876190476190476,0.8571428571428572,0.16952380952380963,0.9733333333333334,1.0,0.026666666666666616,0.7142857142857143,0.8571428571428571,0.1428571428571428,16,10
54,0.2001342062287997,-0.6986786769469426,legacy67,minmax,0.6876190476190476,0.8571428571428572,0.16952380952380963,0.9733333333333334,1.0,0.026666666666666616,0.7142857142857143,0.8571428571428571,0.1428571428571428,16,10
54,0.21066486017042194,-0.6764079005894033,legacy67,minmax,0.6876190476190476,0.8571428571428572,0.16952380952380963,0.9733333333333334,1.0,0.026666666666666616,0.7142857142857143,0.8571428571428571,0.1428571428571428,16,10
54,0.2673088310781669,-0.5729866932256429,legacy67,minmax,0.7114285714285715,0.8571428571428572,0.14571428571428569,0.9733333333333334,1.0,0.026666666666666616,0.7380952380952381,0.8571428571428571,0.11904761904761896,19,10
54,0.2715581955282939,-0.5661370858229096,legacy67,minmax,0.7114285714285715,0.8571428571428572,0.14571428571428569,0.9733333333333334,1.0,0.026666666666666616,0.7380952380952381,0.8571428571428571,0.11904761904761896,19,11
54,0.292043384718141,-0.5345526268252332,legacy67,minmax,0.7114285714285715,0.8571428571428572,0.14571428571428569,0.9733333333333334,1.0,0.026666666666666616,0.7380952380952381,0.8571428571428571,0.11904761904761896,19,10
54,0.314891164795686,-0.50183952461055,legacy67,minmax,0.7114285714285715,0.8571428571428572,0.14571428571428569,0.9733333333333334,1.0,0.026666666666666616,0.7380952380952381,0.8571428571428571,0.11904761904761896,19,10
54,0.35868164986275475,-0.44529084124207197,legacy67,minmax,0.7457142857142856,0.8809523809523809,0.13523809523809538,0.96,1.0,0.040000000000000036,0.7857142857142857,0.8809523809523809,0.09523809523809523,19,10
54,0.5130551760589832,-0.2898359265658015,legacy67,minmax,0.7695238095238095,0.8809523809523809,0.11142857142857143,0.96,1.0,0.040000000000000036,0.8095238095238095,0.8809523809523809,0.0714285714285714,21,10
54,0.5342937261279772,-0.27221992543153695,legacy67,minmax,0.7561904761904761,0.8809523809523809,0.12476190476190485,0.9466666666666667,1.0,0.053333333333333344,0.8095238095238095,0.8809523809523809,0.0714285714285714,23,10
54,0.5762487216478598,-0.23939002504159476,legacy67,minmax,0.7561904761904761,0.8809523809523809,0.12476190476190485,0.9466666666666667,1.0,0.053333333333333344,0.8095238095238095,0.8809523809523809,0.0714285714285714,23,10
54,0.6672367170464204,-0.17572006313185626,legacy67,minmax,0.7561904761904761,0.8809523809523809,0.12476190476190485,0.9466666666666667,1.0,0.053333333333333344,0.8095238095238095,0.8809523809523809,0.0714285714285714,23,10
54,0.7742116473996242,-0.1111402993522028,legacy67,minmax,0.78,0.9047619047619047,0.12476190476190463,0.9466666666666667,1.0,0.053333333333333344,0.8333333333333334,0.9047619047619048,0.0714285714285714,23,10
54,0.9444574254983555,-0.02481761454243703,legacy67,minmax,0.78,0.9047619047619047,0.12476190476190463,0.9466666666666667,1.0,0.053333333333333344,0.8333333333333334,0.9047619047619048,0.0714285714285714,23,10
54,0.9565499215943818,-0.019292359554919238,legacy67,minmax,0.78,0.9047619047619047,0.12476190476190463,0.9466666666666667,1.0,0.053333333333333344,0.8333333333333334,0.9047619047619048,0.0714285714285714,23,10
54,1.1400863701127315,0.0569377536544464,legacy67,minmax,0.7933333333333334,0.9047619047619047,0.11142857142857121,0.96,1.0,0.040000000000000036,0.8333333333333334,0.9047619047619048,0.0714285714285714,23,10
54,1.2030178871154662,0.08027208471124325,legacy67,minmax,0.7933333333333334,0.9047619047619047,0.11142857142857121,0.96,1.0,0.040000000000000036,0.8333333333333334,0.9047619047619048,0.0714285714285714,23,10
54,1.2329098365270508,0.0909313175279762,legacy67,minmax,0.7933333333333334,0.9047619047619047,0.11142857142857121,0.96,1.0,0.040000000000000036,0.8333333333333334,0.9047619047619048,0.0714285714285714,23,10
54,1.2561043700013554,0.09902572652895136,legacy67,minmax,0.7933333333333334,0.9047619047619047,0.11142857142857121,0.96,1.0,0.040000000000000036,0.8333333333333334,0.9047619047619048,0.0714285714285714,23,10
54,1.4817820606039076,0.17078433263299386,legacy67,minmax,0.8171428571428572,0.9047619047619047,0.08761904761904749,0.96,1.0,0.040000000000000036,0.8571428571428571,0.9047619047619048,0.04761904761904767,23,10
54,1.5375920235481748,0.1868411173731186,legacy67,minmax,0.8171428571428572,0.9047619047619047,0.08761904761904749,0.96,1.0,0.040000000000000036,0.8571428571428571,0.9047619047619048,0.04761904761904767,23,10
54,1.7583640270008503,0.24510879027798493,legacy67,minmax,0.8038095238095238,0.9047619047619047,0.1009523809523809,0.9466666666666667,1.0,0.053333333333333344,0.8571428571428571,0.9047619047619048,0.04761904761904767,25,10
54,2.34238498471129,0.36965827544816987,legacy67,minmax,0.7666666666666666,0.9047619047619047,0.13809523809523805,0.9333333333333333,1.0,0.06666666666666665,0.8333333333333334,0.9047619047619048,0.0714285714285714,25,10
54,2.4637685958997446,0.39159991524434057,legacy67,minmax,0.7666666666666666,0.9047619047619047,0.13809523809523805,0.9333333333333333,1.0,0.06666666666666665,0.8333333333333334,0.9047619047619048,0.0714285714285714,25,10
54,2.4810409748678097,0.3946339367881464,legacy67,minmax,0.7666666666666666,0.9047619047619047,0.13809523809523805,0.9333333333333333,1.0,0.06666666666666665,0.8333333333333334,0.9047619047619048,0.0714285714285714,25,10
54,2.5378155082656626,0.40446004697283516,legacy67,minmax,0.7666666666666666,0.9047619047619047,0.13809523809523805,0.9333333333333333,1.0,0.06666666666666665,0.8333333333333334,0.9047619047619048,0.0714285714285714,25,10
54,2.692646910086177,0.43017940760575346,legacy67,minmax,0.7666666666666666,0.9047619047619047,0.13809523809523805,0.9333333333333333,1.0,0.06666666666666665,0.8333333333333334,0.9047619047619048,0.0714285714285714,25,10
54,2.801635158716258,0.4474115788895179,legacy67,minmax,0.7666666666666666,0.9047619047619047,0.13809523809523805,0.9333333333333333,1.0,0.06666666666666665,0.8333333333333334,0.9047619047619048,0.0714285714285714,26,10
54,3.113095956122122,0.4931925073102317,legacy67,minmax,0.7666666666666666,0.9047619047619047,0.13809523809523805,0.9333333333333333,1.0,0.06666666666666665,0.8333333333333334,0.9047619047619048,0.0714285714285714,27,10
54,3.550012525851159,0.5502298854208525,legacy67,minmax,0.7904761904761903,0.9047619047619047,0.11428571428571432,0.9333333333333333,1.0,0.06666666666666665,0.8571428571428571,0.9047619047619048,0.04761904761904767,28,10
54,4.467752817973904,0.6500891374159279,legacy67,minmax,0.7904761904761903,0.9047619047619047,0.11428571428571432,0.9333333333333333,1.0,0.06666666666666665,0.8571428571428571,0.9047619047619048,0.04761904761904767,31,10
54,5.456725485601473,0.7369321060486276,legacy67,minmax,0.7904761904761903,0.9047619047619047,0.11428571428571432,0.9333333333333333,1.0,0.06666666666666665,0.8571428571428571,0.9047619047619048,0.04761904761904767,32,10
54,6.72093005015611,0.8274293753904685,legacy67,minmax,0.7904761904761903,0.9285714285714286,0.13809523809523827,0.9333333333333333,1.0,0.06666666666666665,0.8571428571428571,0.9285714285714286,0.07142857142857151,32,10
54,6.7965780907581514,0.832290311184182,legacy67,minmax,0.7904761904761903,0.9285714285714286,0.13809523809523827,0.9333333333333333,1.0,0.06666666666666665,0.8571428571428571,0.9285714285714286,0.07142857142857151,32,10
54,7.128188058401357,0.85297914889198,legacy67,minmax,0.7904761904761903,0.9285714285714286,0.13809523809523827,0.9333333333333333,1.0,0.06666666666666665,0.8571428571428571,0.9285714285714286,0.07142857142857151,32,10
54,8.241925264876443,0.9160286721639492,legacy67,minmax,0.7771428571428571,0.9047619047619047,0.12761904761904752,0.92,1.0,0.07999999999999996,0.8571428571428571,0.9047619047619048,0.04761904761904767,31,30
54,8.287522363768153,0.9184247133522563,legacy67,minmax,0.7771428571428571,0.9047619047619047,0.12761904761904752,0.92,1.0,0.07999999999999996,0.8571428571428571,0.9047619047619048,0.04761904761904767,31,30
54,8.471801418819974,0.9279757672456204,legacy67,minmax,0.7771428571428571,0.9047619047619047,0.12761904761904752,0.92,1.0,0.07999999999999996,0.8571428571428571,0.9047619047619048,0.04761904761904767,31,30
54,11.044350847124681,1.0431401944675898,legacy67,minmax,0.7771428571428571,0.9152380952380952,0.13809523809523805,0.92,0.9866666666666667,0.06666666666666665,0.8571428571428571,0.9285714285714286,0.07142857142857151,31,31
54,12.130221181165155,1.083868719818244,legacy67,minmax,0.7771428571428571,0.901904761904762,0.12476190476190485,0.92,0.9733333333333334,0.053333333333333344,0.8571428571428571,0.9285714285714286,0.07142857142857151,32,31
54,12.164139351417056,1.085081386743783,legacy67,minmax,0.7771428571428571,0.901904761904762,0.12476190476190485,0.92,0.9733333333333334,0.053333333333333344,0.8571428571428571,0.9285714285714286,0.07142857142857151,32,31
54,12.273800987852958,1.0889790771866297,legacy67,minmax,0.7771428571428571,0.901904761904762,0.12476190476190485,0.92,0.9733333333333334,0.053333333333333344,0.8571428571428571,0.9285714285714286,0.07142857142857151,32,31
54,12.604664585649452,1.1005312934444582,legacy67,minmax,0.7771428571428571,0.901904761904762,0.12476190476190485,0.92,0.9733333333333334,0.053333333333333344,0.8571428571428571,0.9285714285714286,0.07142857142857151,32,31
54,13.826232179369853,1.1407038455720544,legacy67,minmax,0.7771428571428571,0.901904761904762,0.12476190476190485,0.92,0.9733333333333334,0.053333333333333344,0.8571428571428571,0.9285714285714286,0.07142857142857151,32,31
54,16.172900811143133,1.2087879230161587,legacy67,minmax,0.7771428571428571,0.901904761904762,0.12476190476190485,0.92,0.9733333333333334,0.053333333333333344,0.8571428571428571,0.9285714285714286,0.07142857142857151,32,31
54,17.123375973163967,1.2335893924658445,legacy67,minmax,0.7771428571428571,0.901904761904762,0.12476190476190485,0.92,0.9733333333333334,0.053333333333333344,0.8571428571428571,0.9285714285714286,0.07142857142857151,33,31
54,18.274508859816006,1.2618457138193366,legacy67,minmax,0.7771428571428571,0.901904761904762,0.12476190476190485,0.92,0.9733333333333334,0.053333333333333344,0.8571428571428571,0.9285714285714286,0.07142857142857151,33,31
54,20.65142557895924,1.3149500366077174,legacy67,minmax,0.7771428571428571,0.901904761904762,0.12476190476190485,0.92,0.9733333333333334,0.053333333333333344,0.8571428571428571,0.9285714285714286,0.07142857142857151,33,31
54,21.36832907235874,1.329770563201687,legacy67,minmax,0.7771428571428571,0.901904761904762,0.12476190476190485,0.92,0.9733333333333334,0.053333333333333344,0.8571428571428571,0.9285714285714286,0.07142857142857151,33,31
54,28.340904295147727,1.452413703502374,legacy67,minmax,0.7771428571428571,0.901904761904762,0.12476190476190485,0.92,0.9733333333333334,0.053333333333333344,0.8571428571428571,0.9285714285714286,0.07142857142857151,33,31
54,29.154431891537524,1.4647045830997407,legacy67,minmax,0.7771428571428571,0.901904761904762,0.12476190476190485,0.92,0.9733333333333334,0.053333333333333344,0.8571428571428571,0.9285714285714286,0.07142857142857151,33,31
54,35.387588647792384,1.5488509703053062,legacy67,minmax,0.7771428571428571,0.901904761904762,0.12476190476190485,0.92,0.9733333333333334,0.053333333333333344,0.8571428571428571,0.9285714285714286,0.07142857142857151,33,31
54,37.95853142670639,1.5793094017105953,legacy67,minmax,0.7638095238095237,0.901904761904762,0.13809523809523827,0.9066666666666666,0.9733333333333334,0.06666666666666676,0.8571428571428571,0.9285714285714286,0.07142857142857151,33,31
54,43.37920697490936,1.6372816083151283,legacy67,minmax,0.7638095238095237,0.901904761904762,0.13809523809523827,0.9066666666666666,0.9733333333333334,0.06666666666666676,0.8571428571428571,0.9285714285714286,0.07142857142857151,33,31
54,48.69640941520897,1.6874969400924673,legacy67,minmax,0.7638095238095237,0.901904761904762,0.13809523809523827,0.9066666666666666,0.9733333333333334,0.06666666666666676,0.8571428571428571,0.9285714285714286,0.07142857142857151,33,31
54,57.279044707996185,1.7579957662567565,legacy67,minmax,0.7638095238095237,0.901904761904762,0.13809523809523827,0.9066666666666666,0.9733333333333334,0.06666666666666676,0.8571428571428571,0.9285714285714286,0.07142857142857151,33,31
54,62.45139574743064,1.795542149013333,legacy67,minmax,0.7638095238095237,0.901904761904762,0.13809523809523827,0.9066666666666666,0.9733333333333334,0.06666666666666676,0.8571428571428571,0.9285714285714286,0.07142857142857151,33,32
54,63.512210106406926,1.8028572256396647,legacy67,minmax,0.7638095238095237,0.901904761904762,0.13809523809523827,0.9066666666666666,0.9733333333333334,0.06666666666666676,0.8571428571428571,0.9285714285714286,0.07142857142857151,33,32
54,72.86653737491037,1.8625281322982374,legacy67,minmax,0.7638095238095237,0.901904761904762,0.13809523809523827,0.9066666666666666,0.9733333333333334,0.06666666666666676,0.8571428571428571,0.9285714285714286,0.07142857142857151,33,32
54,75.56810141274423,1.8783385110582342,legacy67,minmax,0.7638095238095237,0.901904761904762,0.13809523809523827,0.9066666666666666,0.9733333333333334,0.06666666666666676,0.8571428571428571,0.9285714285714286,0.07142857142857151,33,32
54,75.79479953347995,1.8796394086479773,legacy67,minmax,0.7638095238095237,0.901904761904762,0.13809523809523827,0.9066666666666666,0.9733333333333334,0.06666666666666676,0.8571428571428571,0.9285714285714286,0.07142857142857151,33,32
54,88.62326508576248,1.9475477464020692,legacy67,minmax,0.7638095238095237,0.901904761904762,0.13809523809523827,0.9066666666666666,0.9733333333333334,0.06666666666666676,0.8571428571428571,0.9285714285714286,0.07142857142857151,33,33
55,0.010521761868451128,-1.9779115315055904,legacy67,minmax,0.0,0.0,0.0,1.0,1.0,0.0,0.0,0.0,0.0,0,0
55,0.012087541473056955,-1.9176620228167902,legacy67,minmax,0.0,0.0,0.0,1.0,1.0,0.0,0.0,0.0,0.0,0,0
55,0.01263794633808287,-1.8983234930236192,legacy67,minmax,0.0,0.0,0.0,1.0,1.0,0.0,0.0,0.0,0.0,0,0
55,0.013726318898045865,-1.8624459155391264,legacy67,minmax,0.0,0.0,0.0,1.0,1.0,0.0,0.0,0.0,0.0,0,0
55,0.0151673306880762,-1.8190908443578477,legacy67,minmax,0.0,0.0,0.0,1.0,1.0,0.0,0.0,0.0,0.0,0,0
55,0.015339162591163618,-1.814198349120009,legacy67,minmax,0.0,0.0,0.0,1.0,1.0,0.0,0.0,0.0,0.0,0,0
55,0.017073967431528118,-1.7676655513272022,legacy67,minmax,0.0,0.0,0.0,1.0,1.0,0.0,0.0,0.0,0.0,0,0
55,0.017956984225677628,-1.7457665988559055,legacy67,minmax,0.0,0.0,0.0,1.0,1.0,0.0,0.0,0.0,0.0,1,1
55,0.018205657658407252,-1.739793628058882,legacy67,minmax,0.0,0.0,0.0,1.0,1.0,0.0,0.0,0.0,0.0,1,1
55,0.019777828512462715,-1.7038213930636386,legacy67,minmax,0.0,0.0,0.0,1.0,1.0,0.0,0.0,0.0,0.0,1,1
55,0.01987021538542862,-1.7017974252809167,legacy67,minmax,0.0,0.0,0.0,1.0,1.0,0.0,0.0,0.0,0.0,1,1
55,0.022592797420156945,-1.646029991792322,legacy67,minmax,0.0714285714285714,0.0,-0.0714285714285714,1.0,1.0,0.0,0.07142857142857142,0.0,-0.07142857142857142,3,1
55,0.024586032763280048,-1.6093115439744645,legacy67,minmax,0.23809523809523814,0.5342857142857143,0.2961904761904761,1.0,0.9866666666666667,-0.013333333333333308,0.23809523809523808,0.5476190476190477,0.3095238095238096,3,1
55,0.027012557725439066,-1.5684342920267822,legacy67,minmax,0.3571428571428572,0.5342857142857143,0.17714285714285705,1.0,0.9866666666666667,-0.013333333333333308,0.35714285714285715,0.5476190476190477,0.19047619047619052,3,1
55,0.029072088906598435,-1.5365237618994811,legacy67,minmax,0.38095238095238093,0.5342857142857143,0.15333333333333332,1.0,0.9866666666666667,-0.013333333333333308,0.38095238095238093,0.5476190476190477,0.16666666666666674,3,1
55,0.030086868214458433,-1.5216230162467932,legacy67,minmax,0.38095238095238093,0.5342857142857143,0.15333333333333332,1.0,0.9866666666666667,-0.013333333333333308,0.38095238095238093,0.5476190476190477,0.16666666666666674,4,1
55,0.030771802712506853,-1.5118470606208847,legacy67,minmax,0.38095238095238093,0.5342857142857143,0.15333333333333332,1.0,0.9866666666666667,-0.013333333333333308,0.38095238095238093,0.5476190476190477,0.16666666666666674,4,2
55,0.036138942712165265,-1.4420245573918327,legacy67,minmax,0.4761904761904763,0.5342857142857143,0.05809523809523798,1.0,0.9866666666666667,-0.013333333333333308,0.47619047619047616,0.5476190476190477,0.07142857142857151,4,3
55,0.03661819220392428,-1.4363031001009494,legacy67,minmax,0.4761904761904763,0.5342857142857143,0.05809523809523798,1.0,0.9866666666666667,-0.013333333333333308,0.47619047619047616,0.5476190476190477,0.07142857142857151,4,3
55,0.04207053950287936,-1.3760219186551894,legacy67,minmax,0.558095238095238,0.5342857142857143,-0.023809523809523725,0.9866666666666667,0.9866666666666667,0.0,0.5714285714285714,0.5476190476190477,-0.023809523809523725,4,3
55,0.04207988669606635,-1.375925438230254,legacy67,minmax,0.558095238095238,0.5342857142857143,-0.023809523809523725,0.9866666666666667,0.9866666666666667,0.0,0.5714285714285714,0.5476190476190477,-0.023809523809523725,4,3
55,0.04809461967501572,-1.3179035052508339,legacy67,minmax,0.6057142857142859,0.5819047619047619,-0.023809523809523947,0.9866666666666667,0.9866666666666667,0.0,0.6190476190476191,0.5952380952380952,-0.023809523809523836,5,3
55,0.05337032762603955,-1.2727001311715975,legacy67,minmax,0.6057142857142859,0.5819047619047619,-0.023809523809523947,0.9866666666666667,0.9866666666666667,0.0,0.6190476190476191,0.5952380952380952,-0.023809523809523836,6,4
55,0.05415244119402536,-1.2663819605862647,legacy67,minmax,0.6057142857142859,0.5819047619047619,-0.023809523809523947,0.9866666666666667,0.9866666666666667,0.0,0.6190476190476191,0.5952380952380952,-0.023809523809523836,6,4
55,0.05488047000766042,-1.2605821778978918,legacy67,minmax,0.6057142857142859,0.5819047619047619,-0.023809523809523947,0.9866666666666667,0.9866666666666667,0.0,0.6190476190476191,0.5952380952380952,-0.023809523809523836,6,4
55,0.060803901902965994,-1.2160685503234192,legacy67,minmax,0.6295238095238096,0.660952380952381,0.03142857142857136,0.9866666666666667,0.9466666666666667,-0.040000000000000036,0.6428571428571429,0.7142857142857143,0.0714285714285714,6,4
55,0.06235377135673155,-1.2051372738633104,legacy67,minmax,0.6295238095238096,0.660952380952381,0.03142857142857136,0.9866666666666667,0.9466666666666667,-0.040000000000000036,0.6428571428571429,0.7142857142857143,0.0714285714285714,6,4
55,0.06290644294586147,-1.201304871366561,legacy67,minmax,0.6295238095238096,0.660952380952381,0.03142857142857136,0.9866666666666667,0.9466666666666667,-0.040000000000000036,0.6428571428571429,0.7142857142857143,0.0714285714285714,6,4
55,0.07068974950624601,-1.1506435572868954,legacy67,minmax,0.6400000000000001,0.7323809523809524,0.09238095238095223,0.9733333333333334,0.9466666666666667,-0.026666666666666727,0.6666666666666666,0.7857142857142857,0.11904761904761907,7,5
55,0.10842262717330158,-0.9648800735999323,legacy67,minmax,0.7219047619047618,0.7561904761904761,0.03428571428571425,0.96,0.9466666666666667,-0.013333333333333308,0.7619047619047619,0.8095238095238095,0.04761904761904767,9,8
55,0.12172958098369964,-0.9146038729044164,legacy67,minmax,0.7457142857142856,0.8304761904761904,0.08476190476190482,0.96,0.9733333333333334,0.01333333333333342,0.7857142857142857,0.8571428571428571,0.0714285714285714,11,9
55,0.1329652145729951,-0.876261961250477,legacy67,minmax,0.7457142857142856,0.8304761904761904,0.08476190476190482,0.96,0.9733333333333334,0.01333333333333342,0.7857142857142857,0.8571428571428571,0.0714285714285714,12,9
55,0.14618962793704957,-0.8350834392078323,legacy67,minmax,0.7457142857142856,0.8304761904761904,0.08476190476190482,0.96,0.9733333333333334,0.01333333333333342,0.7857142857142857,0.8571428571428571,0.0714285714285714,12,9
55,0.14742753159914665,-0.8314214058591274,legacy67,minmax,0.7457142857142856,0.8304761904761904,0.08476190476190482,0.96,0.9733333333333334,0.01333333333333342,0.7857142857142857,0.8571428571428571,0.0714285714285714,12,9
55,0.16480446427978968,-0.7830310281618491,legacy67,minmax,0.7457142857142856,0.8171428571428572,0.07142857142857162,0.96,0.96,0.0,0.7857142857142857,0.8571428571428571,0.0714285714285714,12,10
55,0.16536937182824418,-0.7815449233065173,legacy67,minmax,0.7457142857142856,0.8171428571428572,0.07142857142857162,0.96,0.96,0.0,0.7857142857142857,0.8571428571428571,0.0714285714285714,12,10
55,0.1753594952976441,-0.7560707131373512,legacy67,minmax,0.7457142857142856,0.8171428571428572,0.07142857142857162,0.96,0.96,0.0,0.7857142857142857,0.8571428571428571,0.0714285714285714,12,10
55,0.17654048052495064,-0.7531556956423562,legacy67,minmax,0.7457142857142856,0.8171428571428572,0.07142857142857162,0.96,0.96,0.0,0.7857142857142857,0.8571428571428571,0.0714285714285714,12,10
55,0.1998634077852887,-0.6992667118930118,legacy67,minmax,0.7457142857142856,0.8171428571428572,0.07142857142857162,0.96,0.96,0.0,0.7857142857142857,0.8571428571428571,0.0714285714285714,13,10
55,0.2001342062287997,-0.6986786769469426,legacy67,minmax,0.7457142857142856,0.8171428571428572,0.07142857142857162,0.96,0.96,0.0,0.7857142857142857,0.8571428571428571,0.0714285714285714,13,10
55,0.21066486017042194,-0.6764079005894033,legacy67,minmax,0.7457142857142856,0.8171428571428572,0.07142857142857162,0.96,0.96,0.0,0.7857142857142857,0.8571428571428571,0.0714285714285714,14,10
55,0.2673088310781669,-0.5729866932256429,legacy67,minmax,0.7457142857142856,0.8276190476190477,0.08190476190476215,0.96,0.9466666666666667,-0.013333333333333308,0.7857142857142857,0.8809523809523809,0.09523809523809523,15,9
55,0.2715581955282939,-0.5661370858229096,legacy67,minmax,0.7457142857142856,0.8276190476190477,0.08190476190476215,0.96,0.9466666666666667,-0.013333333333333308,0.7857142857142857,0.8809523809523809,0.09523809523809523,15,9
55,0.292043384718141,-0.5345526268252332,legacy67,minmax,0.7695238095238095,0.8276190476190477,0.0580952380952382,0.96,0.9466666666666667,-0.013333333333333308,0.8095238095238095,0.8809523809523809,0.0714285714285714,16,9
55,0.314891164795686,-0.50183952461055,legacy67,minmax,0.8171428571428572,0.8276190476190477,0.010476190476190528,0.96,0.9466666666666667,-0.013333333333333308,0.8571428571428571,0.8809523809523809,0.023809523809523836,17,9
55,0.35868164986275475,-0.44529084124207197,legacy67,minmax,0.8066666666666666,0.8247619047619048,0.018095238095238164,0.9733333333333334,0.92,-0.053333333333333344,0.8333333333333334,0.9047619047619048,0.0714285714285714,18,10
55,0.5130551760589832,-0.2898359265658015,legacy67,minmax,0.7723809523809524,0.8247619047619048,0.05238095238095242,0.9866666666666667,0.92,-0.06666666666666665,0.7857142857142857,0.9047619047619048,0.11904761904761907,21,9
55,0.5342937261279772,-0.27221992543153695,legacy67,minmax,0.7723809523809524,0.8247619047619048,0.05238095238095242,0.9866666666666667,0.92,-0.06666666666666665,0.7857142857142857,0.9047619047619048,0.11904761904761907,21,9
55,0.5762487216478598,-0.23939002504159476,legacy67,minmax,0.7723809523809524,0.8247619047619048,0.05238095238095242,0.9866666666666667,0.92,-0.06666666666666665,0.7857142857142857,0.9047619047619048,0.11904761904761907,24,9
55,0.6672367170464204,-0.17572006313185626,legacy67,minmax,0.7961904761904761,0.8247619047619048,0.028571428571428692,0.9866666666666667,0.92,-0.06666666666666665,0.8095238095238095,0.9047619047619048,0.09523809523809523,24,9
55,0.7742116473996242,-0.1111402993522028,legacy67,minmax,0.7961904761904761,0.8485714285714288,0.05238095238095264,0.9866666666666667,0.92,-0.06666666666666665,0.8095238095238095,0.9285714285714286,0.11904761904761907,25,9
55,0.9444574254983555,-0.02481761454243703,legacy67,minmax,0.7723809523809524,0.8485714285714288,0.07619047619047636,0.9866666666666667,0.92,-0.06666666666666665,0.7857142857142857,0.9285714285714286,0.1428571428571429,25,9
55,0.9565499215943818,-0.019292359554919238,legacy67,minmax,0.7723809523809524,0.8485714285714288,0.07619047619047636,0.9866666666666667,0.92,-0.06666666666666665,0.7857142857142857,0.9285714285714286,0.1428571428571429,25,9
55,1.1400863701127315,0.0569377536544464,legacy67,minmax,0.7723809523809524,0.8352380952380951,0.06285714285714272,0.9866666666666667,0.9066666666666666,-0.08000000000000007,0.7857142857142857,0.9285714285714286,0.1428571428571429,26,9
55,1.2030178871154662,0.08027208471124325,legacy67,minmax,0.7723809523809524,0.8352380952380951,0.06285714285714272,0.9866666666666667,0.9066666666666666,-0.08000000000000007,0.7857142857142857,0.9285714285714286,0.1428571428571429,26,9
55,1.2329098365270508,0.0909313175279762,legacy67,minmax,0.7723809523809524,0.8352380952380951,0.06285714285714272,0.9866666666666667,0.9066666666666666,-0.08000000000000007,0.7857142857142857,0.9285714285714286,0.1428571428571429,26,9
55,1.2561043700013554,0.09902572652895136,legacy67,minmax,0.7723809523809524,0.8352380952380951,0.06285714285714272,0.9866666666666667,0.9066666666666666,-0.08000000000000007,0.7857142857142857,0.9285714285714286,0.1428571428571429,25,9
55,1.4817820606039076,0.17078433263299386,legacy67,minmax,0.7485714285714287,0.8352380952380951,0.08666666666666645,0.9866666666666667,0.9066666666666666,-0.08000000000000007,0.7619047619047619,0.9285714285714286,0.16666666666666674,26,9
55,1.5375920235481748,0.1868411173731186,legacy67,minmax,0.7485714285714287,0.8352380952380951,0.08666666666666645,0.9866666666666667,0.9066666666666666,-0.08000000000000007,0.7619047619047619,0.9285714285714286,0.16666666666666674,26,9
55,1.7583640270008503,0.24510879027798493,legacy67,minmax,0.7485714285714287,0.8352380952380951,0.08666666666666645,0.9866666666666667,0.9066666666666666,-0.08000000000000007,0.7619047619047619,0.9285714285714286,0.16666666666666674,27,9
55,2.34238498471129,0.36965827544816987,legacy67,minmax,0.7485714285714287,0.8352380952380951,0.08666666666666645,0.9866666666666667,0.9066666666666666,-0.08000000000000007,0.7619047619047619,0.9285714285714286,0.16666666666666674,27,9
55,2.4637685958997446,0.39159991524434057,legacy67,minmax,0.7485714285714287,0.8352380952380951,0.08666666666666645,0.9866666666666667,0.9066666666666666,-0.08000000000000007,0.7619047619047619,0.9285714285714286,0.16666666666666674,27,9
55,2.4810409748678097,0.3946339367881464,legacy67,minmax,0.7485714285714287,0.8352380952380951,0.08666666666666645,0.9866666666666667,0.9066666666666666,-0.08000000000000007,0.7619047619047619,0.9285714285714286,0.16666666666666674,27,9
55,2.5378155082656626,0.40446004697283516,legacy67,minmax,0.7485714285714287,0.8352380952380951,0.08666666666666645,0.9866666666666667,0.9066666666666666,-0.08000000000000007,0.7619047619047619,0.9285714285714286,0.16666666666666674,27,9
55,2.692646910086177,0.43017940760575346,legacy67,minmax,0.7485714285714287,0.8352380952380951,0.08666666666666645,0.9866666666666667,0.9066666666666666,-0.08000000000000007,0.7619047619047619,0.9285714285714286,0.16666666666666674,27,9
55,2.801635158716258,0.4474115788895179,legacy67,minmax,0.7485714285714287,0.8352380952380951,0.08666666666666645,0.9866666666666667,0.9066666666666666,-0.08000000000000007,0.7619047619047619,0.9285714285714286,0.16666666666666674,27,9
55,3.113095956122122,0.4931925073102317,legacy67,minmax,0.7485714285714287,0.8352380952380951,0.08666666666666645,0.9866666666666667,0.9066666666666666,-0.08000000000000007,0.7619047619047619,0.9285714285714286,0.16666666666666674,27,9
55,3.550012525851159,0.5502298854208525,legacy67,minmax,0.7352380952380952,0.8352380952380951,0.09999999999999987,0.9733333333333334,0.9066666666666666,-0.06666666666666676,0.7619047619047619,0.9285714285714286,0.16666666666666674,27,9
55,4.467752817973904,0.6500891374159279,legacy67,minmax,0.7352380952380952,0.8352380952380951,0.09999999999999987,0.9733333333333334,0.9066666666666666,-0.06666666666666676,0.7619047619047619,0.9285714285714286,0.16666666666666674,28,9
55,5.456725485601473,0.7369321060486276,legacy67,minmax,0.7219047619047618,0.8352380952380951,0.11333333333333329,0.96,0.9066666666666666,-0.053333333333333344,0.7619047619047619,0.9285714285714286,0.16666666666666674,29,9
55,6.72093005015611,0.8274293753904685,legacy67,minmax,0.7219047619047618,0.8352380952380951,0.11333333333333329,0.96,0.9066666666666666,-0.053333333333333344,0.7619047619047619,0.9285714285714286,0.16666666666666674,30,9
55,6.7965780907581514,0.832290311184182,legacy67,minmax,0.7219047619047618,0.8352380952380951,0.11333333333333329,0.96,0.9066666666666666,-0.053333333333333344,0.7619047619047619,0.9285714285714286,0.16666666666666674,30,9
55,7.128188058401357,0.85297914889198,legacy67,minmax,0.7219047619047618,0.8352380952380951,0.11333333333333329,0.96,0.9066666666666666,-0.053333333333333344,0.7619047619047619,0.9285714285714286,0.16666666666666674,30,9
55,8.241925264876443,0.9160286721639492,legacy67,minmax,0.7219047619047618,0.8352380952380951,0.11333333333333329,0.96,0.9066666666666666,-0.053333333333333344,0.7619047619047619,0.9285714285714286,0.16666666666666674,30,23
55,8.287522363768153,0.9184247133522563,legacy67,minmax,0.7219047619047618,0.8352380952380951,0.11333333333333329,0.96,0.9066666666666666,-0.053333333333333344,0.7619047619047619,0.9285714285714286,0.16666666666666674,30,23
55,8.471801418819974,0.9279757672456204,legacy67,minmax,0.7219047619047618,0.8352380952380951,0.11333333333333329,0.96,0.9066666666666666,-0.053333333333333344,0.7619047619047619,0.9285714285714286,0.16666666666666674,30,23
55,11.044350847124681,1.0431401944675898,legacy67,minmax,0.7085714285714286,0.8352380952380951,0.12666666666666648,0.9466666666666667,0.9066666666666666,-0.040000000000000036,0.7619047619047619,0.9285714285714286,0.16666666666666674,31,23
55,12.130221181165155,1.083868719818244,legacy67,minmax,0.7085714285714286,0.8352380952380951,0.12666666666666648,0.9466666666666667,0.9066666666666666,-0.040000000000000036,0.7619047619047619,0.9285714285714286,0.16666666666666674,31,23
55,12.164139351417056,1.085081386743783,legacy67,minmax,0.7085714285714286,0.8352380952380951,0.12666666666666648,0.9466666666666667,0.9066666666666666,-0.040000000000000036,0.7619047619047619,0.9285714285714286,0.16666666666666674,31,23
55,12.273800987852958,1.0889790771866297,legacy67,minmax,0.7085714285714286,0.8352380952380951,0.12666666666666648,0.9466666666666667,0.9066666666666666,-0.040000000000000036,0.7619047619047619,0.9285714285714286,0.16666666666666674,31,23
55,12.604664585649452,1.1005312934444582,legacy67,minmax,0.7085714285714286,0.8352380952380951,0.12666666666666648,0.9466666666666667,0.9066666666666666,-0.040000000000000036,0.7619047619047619,0.9285714285714286,0.16666666666666674,31,23
55,13.826232179369853,1.1407038455720544,legacy67,minmax,0.7085714285714286,0.8352380952380951,0.12666666666666648,0.9466666666666667,0.9066666666666666,-0.040000000000000036,0.7619047619047619,0.9285714285714286,0.16666666666666674,31,23
55,16.172900811143133,1.2087879230161587,legacy67,minmax,0.7085714285714286,0.8352380952380951,0.12666666666666648,0.9466666666666667,0.9066666666666666,-0.040000000000000036,0.7619047619047619,0.9285714285714286,0.16666666666666674,31,23
55,17.123375973163967,1.2335893924658445,legacy67,minmax,0.7085714285714286,0.8352380952380951,0.12666666666666648,0.9466666666666667,0.9066666666666666,-0.040000000000000036,0.7619047619047619,0.9285714285714286,0.16666666666666674,31,23
55,18.274508859816006,1.2618457138193366,legacy67,minmax,0.7085714285714286,0.8219047619047619,0.11333333333333329,0.9466666666666667,0.8933333333333333,-0.053333333333333344,0.7619047619047619,0.9285714285714286,0.16666666666666674,31,23
55,20.65142557895924,1.3149500366077174,legacy67,minmax,0.7085714285714286,0.8219047619047619,0.11333333333333329,0.9466666666666667,0.8933333333333333,-0.053333333333333344,0.7619047619047619,0.9285714285714286,0.16666666666666674,31,23
55,21.36832907235874,1.329770563201687,legacy67,minmax,0.7085714285714286,0.8219047619047619,0.11333333333333329,0.9466666666666667,0.8933333333333333,-0.053333333333333344,0.7619047619047619,0.9285714285714286,0.16666666666666674,31,23
55,28.340904295147727,1.452413703502374,legacy67,minmax,0.7085714285714286,0.8219047619047619,0.11333333333333329,0.9466666666666667,0.8933333333333333,-0.053333333333333344,0.7619047619047619,0.9285714285714286,0.16666666666666674,32,23
55,29.154431891537524,1.4647045830997407,legacy67,minmax,0.7085714285714286,0.8219047619047619,0.11333333333333329,0.9466666666666667,0.8933333333333333,-0.053333333333333344,0.7619047619047619,0.9285714285714286,0.16666666666666674,31,23
55,35.387588647792384,1.5488509703053062,legacy67,minmax,0.7085714285714286,0.8219047619047619,0.11333333333333329,0.9466666666666667,0.8933333333333333,-0.053333333333333344,0.7619047619047619,0.9285714285714286,0.16666666666666674,31,24
55,37.95853142670639,1.5793094017105953,legacy67,minmax,0.7085714285714286,0.8219047619047619,0.11333333333333329,0.9466666666666667,0.8933333333333333,-0.053333333333333344,0.7619047619047619,0.9285714285714286,0.16666666666666674,31,24
55,43.37920697490936,1.6372816083151283,legacy67,minmax,0.7085714285714286,0.8219047619047619,0.11333333333333329,0.9466666666666667,0.8933333333333333,-0.053333333333333344,0.7619047619047619,0.9285714285714286,0.16666666666666674,31,24
55,48.69640941520897,1.6874969400924673,legacy67,minmax,0.7085714285714286,0.8219047619047619,0.11333333333333329,0.9466666666666667,0.8933333333333333,-0.053333333333333344,0.7619047619047619,0.9285714285714286,0.16666666666666674,32,25
55,57.279044707996185,1.7579957662567565,legacy67,minmax,0.7085714285714286,0.8219047619047619,0.11333333333333329,0.9466666666666667,0.8933333333333333,-0.053333333333333344,0.7619047619047619,0.9285714285714286,0.16666666666666674,32,25
55,62.45139574743064,1.795542149013333,legacy67,minmax,0.7085714285714286,0.8219047619047619,0.11333333333333329,0.9466666666666667,0.8933333333333333,-0.053333333333333344,0.7619047619047619,0.9285714285714286,0.16666666666666674,32,25
55,63.512210106406926,1.8028572256396647,legacy67,minmax,0.7085714285714286,0.8219047619047619,0.11333333333333329,0.9466666666666667,0.8933333333333333,-0.053333333333333344,0.7619047619047619,0.9285714285714286,0.16666666666666674,32,25
55,72.86653737491037,1.8625281322982374,legacy67,minmax,0.7085714285714286,0.8219047619047619,0.11333333333333329,0.9466666666666667,0.8933333333333333,-0.053333333333333344,0.7619047619047619,0.9285714285714286,0.16666666666666674,33,25
55,75.56810141274423,1.8783385110582342,legacy67,minmax,0.7085714285714286,0.8219047619047619,0.11333333333333329,0.9466666666666667,0.8933333333333333,-0.053333333333333344,0.7619047619047619,0.9285714285714286,0.16666666666666674,33,26
55,75.79479953347995,1.8796394086479773,legacy67,minmax,0.7085714285714286,0.8219047619047619,0.11333333333333329,0.9466666666666667,0.8933333333333333,-0.053333333333333344,0.7619047619047619,0.9285714285714286,0.16666666666666674,33,26
55,88.62326508576248,1.9475477464020692,legacy67,minmax,0.7085714285714286,0.8219047619047619,0.11333333333333329,0.9466666666666667,0.8933333333333333,-0.053333333333333344,0.7619047619047619,0.9285714285714286,0.16666666666666674,33,29
56,0.010521761868451128,-1.9779115315055904,legacy67,minmax,0.0,0.0,0.0,1.0,1.0,0.0,0.0,0.0,0.0,0,0
56,0.012087541473056955,-1.9176620228167902,legacy67,minmax,0.0,0.0,0.0,1.0,1.0,0.0,0.0,0.0,0.0,0,0
56,0.01263794633808287,-1.8983234930236192,legacy67,minmax,0.0,0.0,0.0,1.0,1.0,0.0,0.0,0.0,0.0,0,0
56,0.013726318898045865,-1.8624459155391264,legacy67,minmax,0.0,0.0,0.0,1.0,1.0,0.0,0.0,0.0,0.0,0,0
56,0.0151673306880762,-1.8190908443578477,legacy67,minmax,0.0,0.0,0.0,1.0,1.0,0.0,0.0,0.0,0.0,0,0
56,0.015339162591163618,-1.814198349120009,legacy67,minmax,0.0,0.0,0.0,1.0,1.0,0.0,0.0,0.0,0.0,1,1
56,0.017073967431528118,-1.7676655513272022,legacy67,minmax,0.0,0.0,0.0,1.0,1.0,0.0,0.0,0.0,0.0,1,1
56,0.017956984225677628,-1.7457665988559055,legacy67,minmax,0.0,0.0,0.0,1.0,1.0,0.0,0.0,0.0,0.0,1,1
56,0.018205657658407252,-1.739793628058882,legacy67,minmax,0.0,0.0,0.0,1.0,1.0,0.0,0.0,0.0,0.0,1,1
56,0.019777828512462715,-1.7038213930636386,legacy67,minmax,0.04761904761904767,0.38095238095238093,0.33333333333333326,1.0,1.0,0.0,0.047619047619047616,0.38095238095238093,0.3333333333333333,1,1
56,0.01987021538542862,-1.7017974252809167,legacy67,minmax,0.04761904761904767,0.38095238095238093,0.33333333333333326,1.0,1.0,0.0,0.047619047619047616,0.38095238095238093,0.3333333333333333,2,1
56,0.022592797420156945,-1.646029991792322,legacy67,minmax,0.04761904761904767,0.38095238095238093,0.33333333333333326,1.0,1.0,0.0,0.047619047619047616,0.38095238095238093,0.3333333333333333,2,1
56,0.024586032763280048,-1.6093115439744645,legacy67,minmax,0.1428571428571428,0.38095238095238093,0.23809523809523814,1.0,1.0,0.0,0.14285714285714285,0.38095238095238093,0.23809523809523808,3,1
56,0.027012557725439066,-1.5684342920267822,legacy67,minmax,0.16666666666666674,0.38095238095238093,0.2142857142857142,1.0,1.0,0.0,0.16666666666666666,0.38095238095238093,0.21428571428571427,3,2
56,0.029072088906598435,-1.5365237618994811,legacy67,minmax,0.26190476190476186,0.38095238095238093,0.11904761904761907,1.0,1.0,0.0,0.2619047619047619,0.38095238095238093,0.11904761904761901,3,2
56,0.030086868214458433,-1.5216230162467932,legacy67,minmax,0.3571428571428572,0.38095238095238093,0.023809523809523725,1.0,1.0,0.0,0.35714285714285715,0.38095238095238093,0.02380952380952378,3,2
56,0.030771802712506853,-1.5118470606208847,legacy67,minmax,0.3571428571428572,0.38095238095238093,0.023809523809523725,1.0,1.0,0.0,0.35714285714285715,0.38095238095238093,0.02380952380952378,3,2
56,0.036138942712165265,-1.4420245573918327,legacy67,minmax,0.45238095238095233,0.38095238095238093,-0.0714285714285714,1.0,1.0,0.0,0.4523809523809524,0.38095238095238093,-0.07142857142857145,4,3
56,0.03661819220392428,-1.4363031001009494,legacy67,minmax,0.45238095238095233,0.38095238095238093,-0.0714285714285714,1.0,1.0,0.0,0.4523809523809524,0.38095238095238093,-0.07142857142857145,4,3
56,0.04207053950287936,-1.3760219186551894,legacy67,minmax,0.45238095238095233,0.45238095238095233,0.0,1.0,1.0,0.0,0.4523809523809524,0.4523809523809524,0.0,4,3
56,0.04207988669606635,-1.375925438230254,legacy67,minmax,0.45238095238095233,0.45238095238095233,0.0,1.0,1.0,0.0,0.4523809523809524,0.4523809523809524,0.0,4,3
56,0.04809461967501572,-1.3179035052508339,legacy67,minmax,0.45238095238095233,0.45238095238095233,0.0,1.0,1.0,0.0,0.4523809523809524,0.4523809523809524,0.0,4,3
56,0.05337032762603955,-1.2727001311715975,legacy67,minmax,0.5,0.45238095238095233,-0.04761904761904767,1.0,1.0,0.0,0.5,0.4523809523809524,-0.047619047619047616,4,4
56,0.05415244119402536,-1.2663819605862647,legacy67,minmax,0.5,0.45238095238095233,-0.04761904761904767,1.0,1.0,0.0,0.5,0.4523809523809524,-0.047619047619047616,4,4
56,0.05488047000766042,-1.2605821778978918,legacy67,minmax,0.5,0.45238095238095233,-0.04761904761904767,1.0,1.0,0.0,0.5,0.4523809523809524,-0.047619047619047616,4,4
56,0.060803901902965994,-1.2160685503234192,legacy67,minmax,0.6190476190476191,0.5238095238095237,-0.09523809523809534,1.0,1.0,0.0,0.6190476190476191,0.5238095238095238,-0.09523809523809523,4,4
56,0.06235377135673155,-1.2051372738633104,legacy67,minmax,0.6190476190476191,0.5238095238095237,-0.09523809523809534,1.0,1.0,0.0,0.6190476190476191,0.5238095238095238,-0.09523809523809523,4,4
56,0.06290644294586147,-1.201304871366561,legacy67,minmax,0.6190476190476191,0.5238095238095237,-0.09523809523809534,1.0,1.0,0.0,0.6190476190476191,0.5238095238095238,-0.09523809523809523,5,4
56,0.07068974950624601,-1.1506435572868954,legacy67,minmax,0.6190476190476191,0.5238095238095237,-0.09523809523809534,1.0,1.0,0.0,0.6190476190476191,0.5238095238095238,-0.09523809523809523,6,5
56,0.10842262717330158,-0.9648800735999323,legacy67,minmax,0.6533333333333333,0.6266666666666665,-0.02666666666666684,0.9866666666666667,0.96,-0.026666666666666727,0.6666666666666666,0.6666666666666666,0.0,8,5
56,0.12172958098369964,-0.9146038729044164,legacy67,minmax,0.6057142857142859,0.6133333333333333,0.007619047619047414,0.9866666666666667,0.9466666666666667,-0.040000000000000036,0.6190476190476191,0.6666666666666666,0.04761904761904756,11,5
56,0.1329652145729951,-0.876261961250477,legacy67,minmax,0.6057142857142859,0.6133333333333333,0.007619047619047414,0.9866666666666667,0.9466666666666667,-0.040000000000000036,0.6190476190476191,0.6666666666666666,0.04761904761904756,11,5
56,0.14618962793704957,-0.8350834392078323,legacy67,minmax,0.6057142857142859,0.6133333333333333,0.007619047619047414,0.9866666666666667,0.9466666666666667,-0.040000000000000036,0.6190476190476191,0.6666666666666666,0.04761904761904756,11,6
56,0.14742753159914665,-0.8314214058591274,legacy67,minmax,0.6057142857142859,0.6133333333333333,0.007619047619047414,0.9866666666666667,0.9466666666666667,-0.040000000000000036,0.6190476190476191,0.6666666666666666,0.04761904761904756,11,6
56,0.16480446427978968,-0.7830310281618491,legacy67,minmax,0.6057142857142859,0.6133333333333333,0.007619047619047414,0.9866666666666667,0.9466666666666667,-0.040000000000000036,0.6190476190476191,0.6666666666666666,0.04761904761904756,12,6
56,0.16536937182824418,-0.7815449233065173,legacy67,minmax,0.6057142857142859,0.6133333333333333,0.007619047619047414,0.9866666666666667,0.9466666666666667,-0.040000000000000036,0.6190476190476191,0.6666666666666666,0.04761904761904756,12,6
56,0.1753594952976441,-0.7560707131373512,legacy67,minmax,0.6057142857142859,0.6133333333333333,0.007619047619047414,0.9866666666666667,0.9466666666666667,-0.040000000000000036,0.6190476190476191,0.6666666666666666,0.04761904761904756,13,6
56,0.17654048052495064,-0.7531556956423562,legacy67,minmax,0.6057142857142859,0.6133333333333333,0.007619047619047414,0.9866666666666667,0.9466666666666667,-0.040000000000000036,0.6190476190476191,0.6666666666666666,0.04761904761904756,13,6
56,0.1998634077852887,-0.6992667118930118,legacy67,minmax,0.5819047619047619,0.6133333333333333,0.03142857142857136,0.9866666666666667,0.9466666666666667,-0.040000000000000036,0.5952380952380952,0.6666666666666666,0.0714285714285714,13,6
56,0.2001342062287997,-0.6986786769469426,legacy67,minmax,0.5819047619047619,0.6133333333333333,0.03142857142857136,0.9866666666666667,0.9466666666666667,-0.040000000000000036,0.5952380952380952,0.6666666666666666,0.0714285714285714,13,6
56,0.21066486017042194,-0.6764079005894033,legacy67,minmax,0.5819047619047619,0.637142857142857,0.055238095238095086,0.9866666666666667,0.9466666666666667,-0.040000000000000036,0.5952380952380952,0.6904761904761905,0.09523809523809523,14,6
56,0.2673088310781669,-0.5729866932256429,legacy67,minmax,0.579047619047619,0.637142857142857,0.05809523809523798,0.96,0.9466666666666667,-0.013333333333333308,0.6190476190476191,0.6904761904761905,0.0714285714285714,14,6
56,0.2715581955282939,-0.5661370858229096,legacy67,minmax,0.579047619047619,0.637142857142857,0.05809523809523798,0.96,0.9466666666666667,-0.013333333333333308,0.6190476190476191,0.6904761904761905,0.0714285714285714,14,6
56,0.292043384718141,-0.5345526268252332,legacy67,minmax,0.579047619047619,0.637142857142857,0.05809523809523798,0.96,0.9466666666666667,-0.013333333333333308,0.6190476190476191,0.6904761904761905,0.0714285714285714,15,6
56,0.314891164795686,-0.50183952461055,legacy67,minmax,0.579047619047619,0.637142857142857,0.05809523809523798,0.96,0.9466666666666667,-0.013333333333333308,0.6190476190476191,0.6904761904761905,0.0714285714285714,16,6
56,0.35868164986275475,-0.44529084124207197,legacy67,minmax,0.579047619047619,0.7085714285714286,0.1295238095238096,0.96,0.9466666666666667,-0.013333333333333308,0.6190476190476191,0.7619047619047619,0.1428571428571428,16,6
56,0.5130551760589832,-0.2898359265658015,legacy67,minmax,0.6133333333333333,0.7561904761904761,0.1428571428571428,0.9466666666666667,0.9466666666666667,0.0,0.6666666666666666,0.8095238095238095,0.1428571428571429,18,7
56,0.5342937261279772,-0.27221992543153695,legacy67,minmax,0.6133333333333333,0.7561904761904761,0.1428571428571428,0.9466666666666667,0.9466666666666667,0.0,0.6666666666666666,0.8095238095238095,0.1428571428571429,18,7
56,0.5762487216478598,-0.23939002504159476,legacy67,minmax,0.6133333333333333,0.7561904761904761,0.1428571428571428,0.9466666666666667,0.9466666666666667,0.0,0.6666666666666666,0.8095238095238095,0.1428571428571429,18,7
56,0.6672367170464204,-0.17572006313185626,legacy67,minmax,0.6133333333333333,0.7561904761904761,0.1428571428571428,0.9466666666666667,0.9466666666666667,0.0,0.6666666666666666,0.8095238095238095,0.1428571428571429,19,7
56,0.7742116473996242,-0.1111402993522028,legacy67,minmax,0.637142857142857,0.7561904761904761,0.11904761904761907,0.9466666666666667,0.9466666666666667,0.0,0.6904761904761905,0.8095238095238095,0.11904761904761907,20,7
56,0.9444574254983555,-0.02481761454243703,legacy67,minmax,0.637142857142857,0.7561904761904761,0.11904761904761907,0.9466666666666667,0.9466666666666667,0.0,0.6904761904761905,0.8095238095238095,0.11904761904761907,22,7
56,0.9565499215943818,-0.019292359554919238,legacy67,minmax,0.637142857142857,0.7561904761904761,0.11904761904761907,0.9466666666666667,0.9466666666666667,0.0,0.6904761904761905,0.8095238095238095,0.11904761904761907,23,7
56,1.1400863701127315,0.0569377536544464,legacy67,minmax,0.6504761904761904,0.7561904761904761,0.10571428571428565,0.96,0.9466666666666667,-0.013333333333333308,0.6904761904761905,0.8095238095238095,0.11904761904761907,24,7
56,1.2030178871154662,0.08027208471124325,legacy67,minmax,0.6504761904761904,0.7561904761904761,0.10571428571428565,0.96,0.9466666666666667,-0.013333333333333308,0.6904761904761905,0.8095238095238095,0.11904761904761907,25,7
56,1.2329098365270508,0.0909313175279762,legacy67,minmax,0.6266666666666665,0.7561904761904761,0.1295238095238096,0.96,0.9466666666666667,-0.013333333333333308,0.6666666666666666,0.8095238095238095,0.1428571428571429,25,7
56,1.2561043700013554,0.09902572652895136,legacy67,minmax,0.6266666666666665,0.7561904761904761,0.1295238095238096,0.96,0.9466666666666667,-0.013333333333333308,0.6666666666666666,0.8095238095238095,0.1428571428571429,26,7
56,1.4817820606039076,0.17078433263299386,legacy67,minmax,0.6028571428571428,0.7561904761904761,0.15333333333333332,0.96,0.9466666666666667,-0.013333333333333308,0.6428571428571429,0.8095238095238095,0.16666666666666663,26,7
56,1.5375920235481748,0.1868411173731186,legacy67,minmax,0.6028571428571428,0.7561904761904761,0.15333333333333332,0.96,0.9466666666666667,-0.013333333333333308,0.6428571428571429,0.8095238095238095,0.16666666666666663,26,7
56,1.7583640270008503,0.24510879027798493,legacy67,minmax,0.6028571428571428,0.7561904761904761,0.15333333333333332,0.96,0.9466666666666667,-0.013333333333333308,0.6428571428571429,0.8095238095238095,0.16666666666666663,26,7
56,2.34238498471129,0.36965827544816987,legacy67,minmax,0.6161904761904764,0.7561904761904761,0.13999999999999968,0.9733333333333334,0.9466666666666667,-0.026666666666666727,0.6428571428571429,0.8095238095238095,0.16666666666666663,28,7
56,2.4637685958997446,0.39159991524434057,legacy67,minmax,0.6161904761904764,0.7561904761904761,0.13999999999999968,0.9733333333333334,0.9466666666666667,-0.026666666666666727,0.6428571428571429,0.8095238095238095,0.16666666666666663,28,7
56,2.4810409748678097,0.3946339367881464,legacy67,minmax,0.6161904761904764,0.7561904761904761,0.13999999999999968,0.9733333333333334,0.9466666666666667,-0.026666666666666727,0.6428571428571429,0.8095238095238095,0.16666666666666663,28,7
56,2.5378155082656626,0.40446004697283516,legacy67,minmax,0.6400000000000001,0.7561904761904761,0.11619047619047596,0.9733333333333334,0.9466666666666667,-0.026666666666666727,0.6666666666666666,0.8095238095238095,0.1428571428571429,28,7
56,2.692646910086177,0.43017940760575346,legacy67,minmax,0.6400000000000001,0.7561904761904761,0.11619047619047596,0.9733333333333334,0.9466666666666667,-0.026666666666666727,0.6666666666666666,0.8095238095238095,0.1428571428571429,27,7
56,2.801635158716258,0.4474115788895179,legacy67,minmax,0.6400000000000001,0.7561904761904761,0.11619047619047596,0.9733333333333334,0.9466666666666667,-0.026666666666666727,0.6666666666666666,0.8095238095238095,0.1428571428571429,28,7
56,3.113095956122122,0.4931925073102317,legacy67,minmax,0.6400000000000001,0.7561904761904761,0.11619047619047596,0.9733333333333334,0.9466666666666667,-0.026666666666666727,0.6666666666666666,0.8095238095238095,0.1428571428571429,28,7
56,3.550012525851159,0.5502298854208525,legacy67,minmax,0.6161904761904764,0.7561904761904761,0.13999999999999968,0.9733333333333334,0.9466666666666667,-0.026666666666666727,0.6428571428571429,0.8095238095238095,0.16666666666666663,28,7
56,4.467752817973904,0.6500891374159279,legacy67,minmax,0.6161904761904764,0.7561904761904761,0.13999999999999968,0.9733333333333334,0.9466666666666667,-0.026666666666666727,0.6428571428571429,0.8095238095238095,0.16666666666666663,28,7
56,5.456725485601473,0.7369321060486276,legacy67,minmax,0.6266666666666665,0.7561904761904761,0.1295238095238096,0.96,0.9466666666666667,-0.013333333333333308,0.6666666666666666,0.8095238095238095,0.1428571428571429,30,7
56,6.72093005015611,0.8274293753904685,legacy67,minmax,0.6266666666666665,0.7561904761904761,0.1295238095238096,0.96,0.9466666666666667,-0.013333333333333308,0.6666666666666666,0.8095238095238095,0.1428571428571429,30,7
56,6.7965780907581514,0.832290311184182,legacy67,minmax,0.6266666666666665,0.7561904761904761,0.1295238095238096,0.96,0.9466666666666667,-0.013333333333333308,0.6666666666666666,0.8095238095238095,0.1428571428571429,30,7
56,7.128188058401357,0.85297914889198,legacy67,minmax,0.6028571428571428,0.7561904761904761,0.15333333333333332,0.96,0.9466666666666667,-0.013333333333333308,0.6428571428571429,0.8095238095238095,0.16666666666666663,30,7
56,8.241925264876443,0.9160286721639492,legacy67,minmax,0.6028571428571428,0.7561904761904761,0.15333333333333332,0.96,0.9466666666666667,-0.013333333333333308,0.6428571428571429,0.8095238095238095,0.16666666666666663,30,22
56,8.287522363768153,0.9184247133522563,legacy67,minmax,0.6028571428571428,0.7561904761904761,0.15333333333333332,0.96,0.9466666666666667,-0.013333333333333308,0.6428571428571429,0.8095238095238095,0.16666666666666663,30,22
56,8.471801418819974,0.9279757672456204,legacy67,minmax,0.6028571428571428,0.7561904761904761,0.15333333333333332,0.96,0.9466666666666667,-0.013333333333333308,0.6428571428571429,0.8095238095238095,0.16666666666666663,30,22
56,11.044350847124681,1.0431401944675898,legacy67,minmax,0.6028571428571428,0.7561904761904761,0.15333333333333332,0.96,0.9466666666666667,-0.013333333333333308,0.6428571428571429,0.8095238095238095,0.16666666666666663,31,22
56,12.130221181165155,1.083868719818244,legacy67,minmax,0.6028571428571428,0.7561904761904761,0.15333333333333332,0.96,0.9466666666666667,-0.013333333333333308,0.6428571428571429,0.8095238095238095,0.16666666666666663,31,22
56,12.164139351417056,1.085081386743783,legacy67,minmax,0.6028571428571428,0.7561904761904761,0.15333333333333332,0.96,0.9466666666666667,-0.013333333333333308,0.6428571428571429,0.8095238095238095,0.16666666666666663,31,22
56,12.273800987852958,1.0889790771866297,legacy67,minmax,0.6028571428571428,0.7561904761904761,0.15333333333333332,0.96,0.9466666666666667,-0.013333333333333308,0.6428571428571429,0.8095238095238095,0.16666666666666663,31,22
56,12.604664585649452,1.1005312934444582,legacy67,minmax,0.6028571428571428,0.7561904761904761,0.15333333333333332,0.96,0.9466666666666667,-0.013333333333333308,0.6428571428571429,0.8095238095238095,0.16666666666666663,31,22
56,13.826232179369853,1.1407038455720544,legacy67,minmax,0.6028571428571428,0.7561904761904761,0.15333333333333332,0.96,0.9466666666666667,-0.013333333333333308,0.6428571428571429,0.8095238095238095,0.16666666666666663,31,22
56,16.172900811143133,1.2087879230161587,legacy67,minmax,0.6028571428571428,0.7561904761904761,0.15333333333333332,0.96,0.9466666666666667,-0.013333333333333308,0.6428571428571429,0.8095238095238095,0.16666666666666663,31,22
56,17.123375973163967,1.2335893924658445,legacy67,minmax,0.6028571428571428,0.7561904761904761,0.15333333333333332,0.96,0.9466666666666667,-0.013333333333333308,0.6428571428571429,0.8095238095238095,0.16666666666666663,31,22
56,18.274508859816006,1.2618457138193366,legacy67,minmax,0.6028571428571428,0.7561904761904761,0.15333333333333332,0.96,0.9466666666666667,-0.013333333333333308,0.6428571428571429,0.8095238095238095,0.16666666666666663,32,22
56,20.65142557895924,1.3149500366077174,legacy67,minmax,0.6028571428571428,0.7561904761904761,0.15333333333333332,0.96,0.9466666666666667,-0.013333333333333308,0.6428571428571429,0.8095238095238095,0.16666666666666663,32,22
56,21.36832907235874,1.329770563201687,legacy67,minmax,0.6028571428571428,0.7561904761904761,0.15333333333333332,0.96,0.9466666666666667,-0.013333333333333308,0.6428571428571429,0.8095238095238095,0.16666666666666663,32,22
56,28.340904295147727,1.452413703502374,legacy67,minmax,0.6028571428571428,0.7561904761904761,0.15333333333333332,0.96,0.9466666666666667,-0.013333333333333308,0.6428571428571429,0.8095238095238095,0.16666666666666663,33,23
56,29.154431891537524,1.4647045830997407,legacy67,minmax,0.6028571428571428,0.7561904761904761,0.15333333333333332,0.96,0.9466666666666667,-0.013333333333333308,0.6428571428571429,0.8095238095238095,0.16666666666666663,33,23
56,35.387588647792384,1.5488509703053062,legacy67,minmax,0.6028571428571428,0.7561904761904761,0.15333333333333332,0.96,0.9466666666666667,-0.013333333333333308,0.6428571428571429,0.8095238095238095,0.16666666666666663,33,25
56,37.95853142670639,1.5793094017105953,legacy67,minmax,0.6028571428571428,0.7561904761904761,0.15333333333333332,0.96,0.9466666666666667,-0.013333333333333308,0.6428571428571429,0.8095238095238095,0.16666666666666663,33,26
56,43.37920697490936,1.6372816083151283,legacy67,minmax,0.6028571428571428,0.7561904761904761,0.15333333333333332,0.96,0.9466666666666667,-0.013333333333333308,0.6428571428571429,0.8095238095238095,0.16666666666666663,33,26
56,48.69640941520897,1.6874969400924673,legacy67,minmax,0.6028571428571428,0.7561904761904761,0.15333333333333332,0.96,0.9466666666666667,-0.013333333333333308,0.6428571428571429,0.8095238095238095,0.16666666666666663,33,26
56,57.279044707996185,1.7579957662567565,legacy67,minmax,0.6028571428571428,0.7561904761904761,0.15333333333333332,0.96,0.9466666666666667,-0.013333333333333308,0.6428571428571429,0.8095238095238095,0.16666666666666663,33,27
56,62.45139574743064,1.795542149013333,legacy67,minmax,0.6028571428571428,0.7561904761904761,0.15333333333333332,0.96,0.9466666666666667,-0.013333333333333308,0.6428571428571429,0.8095238095238095,0.16666666666666663,33,27
56,63.512210106406926,1.8028572256396647,legacy67,minmax,0.6028571428571428,0.7561904761904761,0.15333333333333332,0.96,0.9466666666666667,-0.013333333333333308,0.6428571428571429,0.8095238095238095,0.16666666666666663,33,27
56,72.86653737491037,1.8625281322982374,legacy67,minmax,0.6028571428571428,0.7561904761904761,0.15333333333333332,0.96,0.9466666666666667,-0.013333333333333308,0.6428571428571429,0.8095238095238095,0.16666666666666663,33,27
56,75.56810141274423,1.8783385110582342,legacy67,minmax,0.6028571428571428,0.7561904761904761,0.15333333333333332,0.96,0.9466666666666667,-0.013333333333333308,0.6428571428571429,0.8095238095238095,0.16666666666666663,33,27
56,75.79479953347995,1.8796394086479773,legacy67,minmax,0.6028571428571428,0.7561904761904761,0.15333333333333332,0.96,0.9466666666666667,-0.013333333333333308,0.6428571428571429,0.8095238095238095,0.16666666666666663,33,27
56,88.62326508576248,1.9475477464020692,legacy67,minmax,0.6028571428571428,0.7561904761904761,0.15333333333333332,0.96,0.9466666666666667,-0.013333333333333308,0.6428571428571429,0.8095238095238095,0.16666666666666663,33,29
57,0.010521761868451128,-1.9779115315055904,legacy67,minmax,0.0,0.0,0.0,1.0,1.0,0.0,0.0,0.0,0.0,0,0
57,0.012087541473056955,-1.9176620228167902,legacy67,minmax,0.0,0.0,0.0,1.0,1.0,0.0,0.0,0.0,0.0,0,0
57,0.01263794633808287,-1.8983234930236192,legacy67,minmax,0.0,0.0,0.0,1.0,1.0,0.0,0.0,0.0,0.0,0,0
57,0.013726318898045865,-1.8624459155391264,legacy67,minmax,0.0,0.0,0.0,1.0,1.0,0.0,0.0,0.0,0.0,0,0
57,0.0151673306880762,-1.8190908443578477,legacy67,minmax,0.0,0.0,0.0,1.0,1.0,0.0,0.0,0.0,0.0,0,0
57,0.015339162591163618,-1.814198349120009,legacy67,minmax,0.0,0.0,0.0,1.0,1.0,0.0,0.0,0.0,0.0,0,0
57,0.017073967431528118,-1.7676655513272022,legacy67,minmax,0.0,0.0,0.0,1.0,1.0,0.0,0.0,0.0,0.0,1,1
57,0.017956984225677628,-1.7457665988559055,legacy67,minmax,0.0,0.0,0.0,1.0,1.0,0.0,0.0,0.0,0.0,2,1
57,0.018205657658407252,-1.739793628058882,legacy67,minmax,0.0,0.0,0.0,1.0,1.0,0.0,0.0,0.0,0.0,2,1
57,0.019777828512462715,-1.7038213930636386,legacy67,minmax,0.04761904761904767,0.0,-0.04761904761904767,1.0,1.0,0.0,0.047619047619047616,0.0,-0.047619047619047616,3,1
57,0.01987021538542862,-1.7017974252809167,legacy67,minmax,0.04761904761904767,0.0,-0.04761904761904767,1.0,1.0,0.0,0.047619047619047616,0.0,-0.047619047619047616,3,1
57,0.022592797420156945,-1.646029991792322,legacy67,minmax,0.2142857142857142,0.4866666666666668,0.2723809523809526,1.0,0.9866666666666667,-0.013333333333333308,0.21428571428571427,0.5,0.2857142857142857,3,1
57,0.024586032763280048,-1.6093115439744645,legacy67,minmax,0.30952380952380953,0.4866666666666668,0.17714285714285727,1.0,0.9866666666666667,-0.013333333333333308,0.30952380952380953,0.5,0.19047619047619047,3,2
57,0.027012557725439066,-1.5684342920267822,legacy67,minmax,0.33333333333333326,0.4866666666666668,0.15333333333333354,1.0,0.9866666666666667,-0.013333333333333308,0.3333333333333333,0.5,0.16666666666666669,3,3
57,0.029072088906598435,-1.5365237618994811,legacy67,minmax,0.3571428571428572,0.4866666666666668,0.1295238095238096,1.0,0.9866666666666667,-0.013333333333333308,0.35714285714285715,0.5,0.14285714285714285,3,3
57,0.030086868214458433,-1.5216230162467932,legacy67,minmax,0.38095238095238093,0.4866666666666668,0.10571428571428587,1.0,0.9866666666666667,-0.013333333333333308,0.38095238095238093,0.5,0.11904761904761907,3,3
57,0.030771802712506853,-1.5118470606208847,legacy67,minmax,0.38095238095238093,0.4866666666666668,0.10571428571428587,1.0,0.9866666666666667,-0.013333333333333308,0.38095238095238093,0.5,0.11904761904761907,3,3
57,0.036138942712165265,-1.4420245573918327,legacy67,minmax,0.4761904761904763,0.5342857142857143,0.05809523809523798,1.0,0.9866666666666667,-0.013333333333333308,0.47619047619047616,0.5476190476190477,0.07142857142857151,3,3
57,0.03661819220392428,-1.4363031001009494,legacy67,minmax,0.4761904761904763,0.5342857142857143,0.05809523809523798,1.0,0.9866666666666667,-0.013333333333333308,0.47619047619047616,0.5476190476190477,0.07142857142857151,3,3
57,0.04207053950287936,-1.3760219186551894,legacy67,minmax,0.558095238095238,0.5342857142857143,-0.023809523809523725,0.9866666666666667,0.9866666666666667,0.0,0.5714285714285714,0.5476190476190477,-0.023809523809523725,3,3
57,0.04207988669606635,-1.375925438230254,legacy67,minmax,0.558095238095238,0.5342857142857143,-0.023809523809523725,0.9866666666666667,0.9866666666666667,0.0,0.5714285714285714,0.5476190476190477,-0.023809523809523725,3,3
57,0.04809461967501572,-1.3179035052508339,legacy67,minmax,0.558095238095238,0.6847619047619049,0.12666666666666693,0.9866666666666667,0.9466666666666667,-0.040000000000000036,0.5714285714285714,0.7380952380952381,0.16666666666666674,3,3
57,0.05337032762603955,-1.2727001311715975,legacy67,minmax,0.558095238095238,0.6847619047619049,0.12666666666666693,0.9866666666666667,0.9466666666666667,-0.040000000000000036,0.5714285714285714,0.7380952380952381,0.16666666666666674,3,3
57,0.05415244119402536,-1.2663819605862647,legacy67,minmax,0.558095238095238,0.6847619047619049,0.12666666666666693,0.9866666666666667,0.9466666666666667,-0.040000000000000036,0.5714285714285714,0.7380952380952381,0.16666666666666674,4,3
57,0.05488047000766042,-1.2605821778978918,legacy67,minmax,0.558095238095238,0.6847619047619049,0.12666666666666693,0.9866666666666667,0.9466666666666667,-0.040000000000000036,0.5714285714285714,0.7380952380952381,0.16666666666666674,4,3
57,0.060803901902965994,-1.2160685503234192,legacy67,minmax,0.5819047619047619,0.6847619047619049,0.10285714285714298,0.9866666666666667,0.9466666666666667,-0.040000000000000036,0.5952380952380952,0.7380952380952381,0.1428571428571429,5,3
57,0.06235377135673155,-1.2051372738633104,legacy67,minmax,0.5819047619047619,0.6847619047619049,0.10285714285714298,0.9866666666666667,0.9466666666666667,-0.040000000000000036,0.5952380952380952,0.7380952380952381,0.1428571428571429,5,3
57,0.06290644294586147,-1.201304871366561,legacy67,minmax,0.5819047619047619,0.6847619047619049,0.10285714285714298,0.9866666666666667,0.9466666666666667,-0.040000000000000036,0.5952380952380952,0.7380952380952381,0.1428571428571429,5,3
57,0.07068974950624601,-1.1506435572868954,legacy67,minmax,0.5819047619047619,0.6847619047619049,0.10285714285714298,0.9866666666666667,0.9466666666666667,-0.040000000000000036,0.5952380952380952,0.7380952380952381,0.1428571428571429,6,3
57,0.10842262717330158,-0.9648800735999323,legacy67,minmax,0.5685714285714285,0.7085714285714286,0.14000000000000012,0.9733333333333334,0.9466666666666667,-0.026666666666666727,0.5952380952380952,0.7619047619047619,0.16666666666666663,8,4
57,0.12172958098369964,-0.9146038729044164,legacy67,minmax,0.5685714285714285,0.7085714285714286,0.14000000000000012,0.9733333333333334,0.9466666666666667,-0.026666666666666727,0.5952380952380952,0.7619047619047619,0.16666666666666663,8,5
57,0.1329652145729951,-0.876261961250477,legacy67,minmax,0.5685714285714285,0.7666666666666666,0.1980952380952381,0.9733333333333334,0.9333333333333333,-0.040000000000000036,0.5952380952380952,0.8333333333333334,0.23809523809523814,9,5
57,0.14618962793704957,-0.8350834392078323,legacy67,minmax,0.5685714285714285,0.7666666666666666,0.1980952380952381,0.9733333333333334,0.9333333333333333,-0.040000000000000036,0.5952380952380952,0.8333333333333334,0.23809523809523814,12,5
57,0.14742753159914665,-0.8314214058591274,legacy67,minmax,0.5685714285714285,0.7666666666666666,0.1980952380952381,0.9733333333333334,0.9333333333333333,-0.040000000000000036,0.5952380952380952,0.8333333333333334,0.23809523809523814,12,5
57,0.16480446427978968,-0.7830310281618491,legacy67,minmax,0.5685714285714285,0.7666666666666666,0.1980952380952381,0.9733333333333334,0.9333333333333333,-0.040000000000000036,0.5952380952380952,0.8333333333333334,0.23809523809523814,13,5
57,0.16536937182824418,-0.7815449233065173,legacy67,minmax,0.5685714285714285,0.7666666666666666,0.1980952380952381,0.9733333333333334,0.9333333333333333,-0.040000000000000036,0.5952380952380952,0.8333333333333334,0.23809523809523814,13,5
57,0.1753594952976441,-0.7560707131373512,legacy67,minmax,0.5685714285714285,0.7666666666666666,0.1980952380952381,0.9733333333333334,0.9333333333333333,-0.040000000000000036,0.5952380952380952,0.8333333333333334,0.23809523809523814,13,5
57,0.17654048052495064,-0.7531556956423562,legacy67,minmax,0.5685714285714285,0.7666666666666666,0.1980952380952381,0.9733333333333334,0.9333333333333333,-0.040000000000000036,0.5952380952380952,0.8333333333333334,0.23809523809523814,13,5
57,0.1998634077852887,-0.6992667118930118,legacy67,minmax,0.5923809523809525,0.7666666666666666,0.17428571428571416,0.9733333333333334,0.9333333333333333,-0.040000000000000036,0.6190476190476191,0.8333333333333334,0.2142857142857143,14,6
57,0.2001342062287997,-0.6986786769469426,legacy67,minmax,0.5923809523809525,0.7666666666666666,0.17428571428571416,0.9733333333333334,0.9333333333333333,-0.040000000000000036,0.6190476190476191,0.8333333333333334,0.2142857142857143,14,6
57,0.21066486017042194,-0.6764079005894033,legacy67,minmax,0.5685714285714285,0.7666666666666666,0.1980952380952381,0.9733333333333334,0.9333333333333333,-0.040000000000000036,0.5952380952380952,0.8333333333333334,0.23809523809523814,15,6
57,0.2673088310781669,-0.5729866932256429,legacy67,minmax,0.6400000000000001,0.7666666666666666,0.12666666666666648,0.9733333333333334,0.9333333333333333,-0.040000000000000036,0.6666666666666666,0.8333333333333334,0.16666666666666674,17,7
57,0.2715581955282939,-0.5661370858229096,legacy67,minmax,0.6400000000000001,0.7666666666666666,0.12666666666666648,0.9733333333333334,0.9333333333333333,-0.040000000000000036,0.6666666666666666,0.8333333333333334,0.16666666666666674,18,7
57,0.292043384718141,-0.5345526268252332,legacy67,minmax,0.6400000000000001,0.7666666666666666,0.12666666666666648,0.9733333333333334,0.9333333333333333,-0.040000000000000036,0.6666666666666666,0.8333333333333334,0.16666666666666674,18,7
57,0.314891164795686,-0.50183952461055,legacy67,minmax,0.6400000000000001,0.7666666666666666,0.12666666666666648,0.9733333333333334,0.9333333333333333,-0.040000000000000036,0.6666666666666666,0.8333333333333334,0.16666666666666674,19,7
57,0.35868164986275475,-0.44529084124207197,legacy67,minmax,0.6400000000000001,0.7666666666666666,0.12666666666666648,0.9733333333333334,0.9333333333333333,-0.040000000000000036,0.6666666666666666,0.8333333333333334,0.16666666666666674,19,9
57,0.5130551760589832,-0.2898359265658015,legacy67,minmax,0.6666666666666665,0.7771428571428571,0.11047619047619062,1.0,0.92,-0.07999999999999996,0.6666666666666666,0.8571428571428571,0.19047619047619047,22,9
57,0.5342937261279772,-0.27221992543153695,legacy67,minmax,0.6428571428571428,0.7771428571428571,0.13428571428571434,1.0,0.92,-0.07999999999999996,0.6428571428571429,0.8571428571428571,0.2142857142857142,22,9
57,0.5762487216478598,-0.23939002504159476,legacy67,minmax,0.6190476190476191,0.7771428571428571,0.15809523809523807,1.0,0.92,-0.07999999999999996,0.6190476190476191,0.8571428571428571,0.23809523809523803,22,9
57,0.6672367170464204,-0.17572006313185626,legacy67,minmax,0.6190476190476191,0.7771428571428571,0.15809523809523807,1.0,0.92,-0.07999999999999996,0.6190476190476191,0.8571428571428571,0.23809523809523803,22,9
57,0.7742116473996242,-0.1111402993522028,legacy67,minmax,0.6190476190476191,0.7771428571428571,0.15809523809523807,1.0,0.92,-0.07999999999999996,0.6190476190476191,0.8571428571428571,0.23809523809523803,21,9
57,0.9444574254983555,-0.02481761454243703,legacy67,minmax,0.6190476190476191,0.7771428571428571,0.15809523809523807,1.0,0.92,-0.07999999999999996,0.6190476190476191,0.8571428571428571,0.23809523809523803,22,9
57,0.9565499215943818,-0.019292359554919238,legacy67,minmax,0.6190476190476191,0.7771428571428571,0.15809523809523807,1.0,0.92,-0.07999999999999996,0.6190476190476191,0.8571428571428571,0.23809523809523803,22,9
57,1.1400863701127315,0.0569377536544464,legacy67,minmax,0.5952380952380953,0.7638095238095237,0.16857142857142837,1.0,0.9066666666666666,-0.09333333333333338,0.5952380952380952,0.8571428571428571,0.26190476190476186,22,9
57,1.2030178871154662,0.08027208471124325,legacy67,minmax,0.5952380952380953,0.7638095238095237,0.16857142857142837,1.0,0.9066666666666666,-0.09333333333333338,0.5952380952380952,0.8571428571428571,0.26190476190476186,22,9
57,1.2329098365270508,0.0909313175279762,legacy67,minmax,0.5952380952380953,0.7638095238095237,0.16857142857142837,1.0,0.9066666666666666,-0.09333333333333338,0.5952380952380952,0.8571428571428571,0.26190476190476186,22,9
57,1.2561043700013554,0.09902572652895136,legacy67,minmax,0.5952380952380953,0.7638095238095237,0.16857142857142837,1.0,0.9066666666666666,-0.09333333333333338,0.5952380952380952,0.8571428571428571,0.26190476190476186,22,9
57,1.4817820606039076,0.17078433263299386,legacy67,minmax,0.6190476190476191,0.7638095238095237,0.14476190476190465,1.0,0.9066666666666666,-0.09333333333333338,0.6190476190476191,0.8571428571428571,0.23809523809523803,22,9
57,1.5375920235481748,0.1868411173731186,legacy67,minmax,0.6190476190476191,0.7638095238095237,0.14476190476190465,1.0,0.9066666666666666,-0.09333333333333338,0.6190476190476191,0.8571428571428571,0.23809523809523803,22,9
57,1.7583640270008503,0.24510879027798493,legacy67,minmax,0.6190476190476191,0.7638095238095237,0.14476190476190465,1.0,0.9066666666666666,-0.09333333333333338,0.6190476190476191,0.8571428571428571,0.23809523809523803,25,9
57,2.34238498471129,0.36965827544816987,legacy67,minmax,0.6057142857142859,0.7638095238095237,0.15809523809523784,0.9866666666666667,0.9066666666666666,-0.08000000000000007,0.6190476190476191,0.8571428571428571,0.23809523809523803,29,9
57,2.4637685958997446,0.39159991524434057,legacy67,minmax,0.6057142857142859,0.7638095238095237,0.15809523809523784,0.9866666666666667,0.9066666666666666,-0.08000000000000007,0.6190476190476191,0.8571428571428571,0.23809523809523803,29,9
57,2.4810409748678097,0.3946339367881464,legacy67,minmax,0.6057142857142859,0.7638095238095237,0.15809523809523784,0.9866666666666667,0.9066666666666666,-0.08000000000000007,0.6190476190476191,0.8571428571428571,0.23809523809523803,29,9
57,2.5378155082656626,0.40446004697283516,legacy67,minmax,0.6057142857142859,0.7638095238095237,0.15809523809523784,0.9866666666666667,0.9066666666666666,-0.08000000000000007,0.6190476190476191,0.8571428571428571,0.23809523809523803,29,9
57,2.692646910086177,0.43017940760575346,legacy67,minmax,0.6057142857142859,0.7638095238095237,0.15809523809523784,0.9866666666666667,0.9066666666666666,-0.08000000000000007,0.6190476190476191,0.8571428571428571,0.23809523809523803,30,9
57,2.801635158716258,0.4474115788895179,legacy67,minmax,0.6057142857142859,0.7638095238095237,0.15809523809523784,0.9866666666666667,0.9066666666666666,-0.08000000000000007,0.6190476190476191,0.8571428571428571,0.23809523809523803,30,9
57,3.113095956122122,0.4931925073102317,legacy67,minmax,0.6057142857142859,0.7638095238095237,0.15809523809523784,0.9866666666666667,0.9066666666666666,-0.08000000000000007,0.6190476190476191,0.8571428571428571,0.23809523809523803,32,9
57,3.550012525851159,0.5502298854208525,legacy67,minmax,0.5819047619047619,0.7638095238095237,0.1819047619047618,0.9866666666666667,0.9066666666666666,-0.08000000000000007,0.5952380952380952,0.8571428571428571,0.26190476190476186,32,9
57,4.467752817973904,0.6500891374159279,legacy67,minmax,0.5209523809523811,0.7638095238095237,0.24285714285714266,0.9733333333333334,0.9066666666666666,-0.06666666666666676,0.5476190476190477,0.8571428571428571,0.3095238095238094,32,9
57,5.456725485601473,0.7369321060486276,legacy67,minmax,0.5209523809523811,0.7638095238095237,0.24285714285714266,0.9733333333333334,0.9066666666666666,-0.06666666666666676,0.5476190476190477,0.8571428571428571,0.3095238095238094,32,9
57,6.72093005015611,0.8274293753904685,legacy67,minmax,0.5447619047619048,0.7638095238095237,0.21904761904761894,0.9733333333333334,0.9066666666666666,-0.06666666666666676,0.5714285714285714,0.8571428571428571,0.2857142857142857,32,9
57,6.7965780907581514,0.832290311184182,legacy67,minmax,0.5447619047619048,0.7638095238095237,0.21904761904761894,0.9733333333333334,0.9066666666666666,-0.06666666666666676,0.5714285714285714,0.8571428571428571,0.2857142857142857,32,9
57,7.128188058401357,0.85297914889198,legacy67,minmax,0.5447619047619048,0.7638095238095237,0.21904761904761894,0.9733333333333334,0.9066666666666666,-0.06666666666666676,0.5714285714285714,0.8571428571428571,0.2857142857142857,32,9
57,8.241925264876443,0.9160286721639492,legacy67,minmax,0.5314285714285714,0.7638095238095237,0.23238095238095235,0.96,0.9066666666666666,-0.053333333333333344,0.5714285714285714,0.8571428571428571,0.2857142857142857,32,9
57,8.287522363768153,0.9184247133522563,legacy67,minmax,0.5314285714285714,0.7638095238095237,0.23238095238095235,0.96,0.9066666666666666,-0.053333333333333344,0.5714285714285714,0.8571428571428571,0.2857142857142857,32,9
57,8.471801418819974,0.9279757672456204,legacy67,minmax,0.5314285714285714,0.7638095238095237,0.23238095238095235,0.96,0.9066666666666666,-0.053333333333333344,0.5714285714285714,0.8571428571428571,0.2857142857142857,32,9
57,11.044350847124681,1.0431401944675898,legacy67,minmax,0.5314285714285714,0.7638095238095237,0.23238095238095235,0.96,0.9066666666666666,-0.053333333333333344,0.5714285714285714,0.8571428571428571,0.2857142857142857,33,23
57,12.130221181165155,1.083868719818244,legacy67,minmax,0.5180952380952379,0.7638095238095237,0.24571428571428577,0.9466666666666667,0.9066666666666666,-0.040000000000000036,0.5714285714285714,0.8571428571428571,0.2857142857142857,33,24
57,12.164139351417056,1.085081386743783,legacy67,minmax,0.5180952380952379,0.7638095238095237,0.24571428571428577,0.9466666666666667,0.9066666666666666,-0.040000000000000036,0.5714285714285714,0.8571428571428571,0.2857142857142857,33,24
57,12.273800987852958,1.0889790771866297,legacy67,minmax,0.5180952380952379,0.7638095238095237,0.24571428571428577,0.9466666666666667,0.9066666666666666,-0.040000000000000036,0.5714285714285714,0.8571428571428571,0.2857142857142857,33,24
57,12.604664585649452,1.1005312934444582,legacy67,minmax,0.5180952380952379,0.7638095238095237,0.24571428571428577,0.9466666666666667,0.9066666666666666,-0.040000000000000036,0.5714285714285714,0.8571428571428571,0.2857142857142857,33,24
57,13.826232179369853,1.1407038455720544,legacy67,minmax,0.5314285714285714,0.7638095238095237,0.23238095238095235,0.96,0.9066666666666666,-0.053333333333333344,0.5714285714285714,0.8571428571428571,0.2857142857142857,33,24
57,16.172900811143133,1.2087879230161587,legacy67,minmax,0.5314285714285714,0.7638095238095237,0.23238095238095235,0.96,0.9066666666666666,-0.053333333333333344,0.5714285714285714,0.8571428571428571,0.2857142857142857,33,25
57,17.123375973163967,1.2335893924658445,legacy67,minmax,0.5552380952380953,0.7638095238095237,0.2085714285714284,0.96,0.9066666666666666,-0.053333333333333344,0.5952380952380952,0.8571428571428571,0.26190476190476186,33,26
57,18.274508859816006,1.2618457138193366,legacy67,minmax,0.5552380952380953,0.7638095238095237,0.2085714285714284,0.96,0.9066666666666666,-0.053333333333333344,0.5952380952380952,0.8571428571428571,0.26190476190476186,33,26
57,20.65142557895924,1.3149500366077174,legacy67,minmax,0.5552380952380953,0.7638095238095237,0.2085714285714284,0.96,0.9066666666666666,-0.053333333333333344,0.5952380952380952,0.8571428571428571,0.26190476190476186,33,26
57,21.36832907235874,1.329770563201687,legacy67,minmax,0.5552380952380953,0.7638095238095237,0.2085714285714284,0.96,0.9066666666666666,-0.053333333333333344,0.5952380952380952,0.8571428571428571,0.26190476190476186,33,26
57,28.340904295147727,1.452413703502374,legacy67,minmax,0.579047619047619,0.7742857142857142,0.1952380952380952,0.96,0.8933333333333333,-0.06666666666666665,0.6190476190476191,0.8809523809523809,0.26190476190476186,33,26
57,29.154431891537524,1.4647045830997407,legacy67,minmax,0.579047619047619,0.7742857142857142,0.1952380952380952,0.96,0.8933333333333333,-0.06666666666666665,0.6190476190476191,0.8809523809523809,0.26190476190476186,33,26
57,35.387588647792384,1.5488509703053062,legacy67,minmax,0.579047619047619,0.7742857142857142,0.1952380952380952,0.96,0.8933333333333333,-0.06666666666666665,0.6190476190476191,0.8809523809523809,0.26190476190476186,33,27
57,37.95853142670639,1.5793094017105953,legacy67,minmax,0.5657142857142858,0.7742857142857142,0.2085714285714284,0.9466666666666667,0.8933333333333333,-0.053333333333333344,0.6190476190476191,0.8809523809523809,0.26190476190476186,33,27
57,43.37920697490936,1.6372816083151283,legacy67,minmax,0.5657142857142858,0.7742857142857142,0.2085714285714284,0.9466666666666667,0.8933333333333333,-0.053333333333333344,0.6190476190476191,0.8809523809523809,0.26190476190476186,33,27
57,48.69640941520897,1.6874969400924673,legacy67,minmax,0.5657142857142858,0.7742857142857142,0.2085714285714284,0.9466666666666667,0.8933333333333333,-0.053333333333333344,0.6190476190476191,0.8809523809523809,0.26190476190476186,33,29
57,57.279044707996185,1.7579957662567565,legacy67,minmax,0.5523809523809524,0.7742857142857142,0.22190476190476183,0.9333333333333333,0.8933333333333333,-0.040000000000000036,0.6190476190476191,0.8809523809523809,0.26190476190476186,32,29
57,62.45139574743064,1.795542149013333,legacy67,minmax,0.5523809523809524,0.7504761904761903,0.19809523809523788,0.9333333333333333,0.8933333333333333,-0.040000000000000036,0.6190476190476191,0.8571428571428571,0.23809523809523803,33,29
57,63.512210106406926,1.8028572256396647,legacy67,minmax,0.5523809523809524,0.7504761904761903,0.19809523809523788,0.9333333333333333,0.8933333333333333,-0.040000000000000036,0.6190476190476191,0.8571428571428571,0.23809523809523803,33,29
57,72.86653737491037,1.8625281322982374,legacy67,minmax,0.5523809523809524,0.7504761904761903,0.19809523809523788,0.9333333333333333,0.8933333333333333,-0.040000000000000036,0.6190476190476191,0.8571428571428571,0.23809523809523803,33,29
57,75.56810141274423,1.8783385110582342,legacy67,minmax,0.5523809523809524,0.7504761904761903,0.19809523809523788,0.9333333333333333,0.8933333333333333,-0.040000000000000036,0.6190476190476191,0.8571428571428571,0.23809523809523803,33,29
57,75.79479953347995,1.8796394086479773,legacy67,minmax,0.5523809523809524,0.7504761904761903,0.19809523809523788,0.9333333333333333,0.8933333333333333,-0.040000000000000036,0.6190476190476191,0.8571428571428571,0.23809523809523803,33,29
57,88.62326508576248,1.9475477464020692,legacy67,minmax,0.5523809523809524,0.7504761904761903,0.19809523809523788,0.9333333333333333,0.8933333333333333,-0.040000000000000036,0.6190476190476191,0.8571428571428571,0.23809523809523803,33,29
58,0.010521761868451128,-1.9779115315055904,legacy67,minmax,0.0,0.0,0.0,1.0,1.0,0.0,0.0,0.0,0.0,0,0
58,0.012087541473056955,-1.9176620228167902,legacy67,minmax,0.0,0.0,0.0,1.0,1.0,0.0,0.0,0.0,0.0,0,0
58,0.01263794633808287,-1.8983234930236192,legacy67,minmax,0.0,0.0,0.0,1.0,1.0,0.0,0.0,0.0,0.0,0,0
58,0.013726318898045865,-1.8624459155391264,legacy67,minmax,0.0,0.0,0.0,1.0,1.0,0.0,0.0,0.0,0.0,0,0
58,0.0151673306880762,-1.8190908443578477,legacy67,minmax,0.0,0.0,0.0,1.0,1.0,0.0,0.0,0.0,0.0,0,0
58,0.015339162591163618,-1.814198349120009,legacy67,minmax,0.0,0.0,0.0,1.0,1.0,0.0,0.0,0.0,0.0,0,0
58,0.017073967431528118,-1.7676655513272022,legacy67,minmax,0.0,0.0,0.0,1.0,1.0,0.0,0.0,0.0,0.0,0,0
58,0.017956984225677628,-1.7457665988559055,legacy67,minmax,0.0,0.0,0.0,1.0,1.0,0.0,0.0,0.0,0.0,1,0
58,0.018205657658407252,-1.739793628058882,legacy67,minmax,0.0,0.0,0.0,1.0,1.0,0.0,0.0,0.0,0.0,1,1
58,0.019777828512462715,-1.7038213930636386,legacy67,minmax,0.0,0.0,0.0,1.0,1.0,0.0,0.0,0.0,0.0,1,1
58,0.01987021538542862,-1.7017974252809167,legacy67,minmax,0.0,0.0,0.0,1.0,1.0,0.0,0.0,0.0,0.0,1,1
58,0.022592797420156945,-1.646029991792322,legacy67,minmax,0.04761904761904767,0.0,-0.04761904761904767,1.0,1.0,0.0,0.047619047619047616,0.0,-0.047619047619047616,3,1
58,0.024586032763280048,-1.6093115439744645,legacy67,minmax,0.2857142857142856,0.5714285714285714,0.2857142857142858,1.0,1.0,0.0,0.2857142857142857,0.5714285714285714,0.2857142857142857,3,1
58,0.027012557725439066,-1.5684342920267822,legacy67,minmax,0.33333333333333326,0.5714285714285714,0.23809523809523814,1.0,1.0,0.0,0.3333333333333333,0.5714285714285714,0.23809523809523808,3,1
58,0.029072088906598435,-1.5365237618994811,legacy67,minmax,0.38095238095238093,0.5714285714285714,0.19047619047619047,1.0,1.0,0.0,0.38095238095238093,0.5714285714285714,0.19047619047619047,3,1
58,0.030086868214458433,-1.5216230162467932,legacy67,minmax,0.38095238095238093,0.5714285714285714,0.19047619047619047,1.0,1.0,0.0,0.38095238095238093,0.5714285714285714,0.19047619047619047,3,1
58,0.030771802712506853,-1.5118470606208847,legacy67,minmax,0.40476190476190466,0.5714285714285714,0.16666666666666674,1.0,1.0,0.0,0.40476190476190477,0.5714285714285714,0.16666666666666663,3,2
58,0.036138942712165265,-1.4420245573918327,legacy67,minmax,0.4761904761904763,0.5714285714285714,0.09523809523809512,1.0,1.0,0.0,0.47619047619047616,0.5714285714285714,0.09523809523809523,3,2
58,0.03661819220392428,-1.4363031001009494,legacy67,minmax,0.5952380952380953,0.5714285714285714,-0.023809523809523947,1.0,1.0,0.0,0.5952380952380952,0.5714285714285714,-0.023809523809523836,3,2
58,0.04207053950287936,-1.3760219186551894,legacy67,minmax,0.6190476190476191,0.5714285714285714,-0.04761904761904767,1.0,1.0,0.0,0.6190476190476191,0.5714285714285714,-0.04761904761904767,3,4
58,0.04207988669606635,-1.375925438230254,legacy67,minmax,0.6190476190476191,0.5714285714285714,-0.04761904761904767,1.0,1.0,0.0,0.6190476190476191,0.5714285714285714,-0.04761904761904767,3,4
58,0.04809461967501572,-1.3179035052508339,legacy67,minmax,0.6428571428571428,0.5714285714285714,-0.0714285714285714,1.0,1.0,0.0,0.6428571428571429,0.5714285714285714,-0.07142857142857151,4,4
58,0.05337032762603955,-1.2727001311715975,legacy67,minmax,0.6428571428571428,0.5714285714285714,-0.0714285714285714,1.0,1.0,0.0,0.6428571428571429,0.5714285714285714,-0.07142857142857151,6,4
58,0.05415244119402536,-1.2663819605862647,legacy67,minmax,0.6428571428571428,0.5952380952380953,-0.04761904761904745,1.0,1.0,0.0,0.6428571428571429,0.5952380952380952,-0.04761904761904767,6,5
58,0.05488047000766042,-1.2605821778978918,legacy67,minmax,0.6428571428571428,0.6428571428571428,0.0,1.0,1.0,0.0,0.6428571428571429,0.6428571428571429,0.0,6,5
58,0.060803901902965994,-1.2160685503234192,legacy67,minmax,0.6428571428571428,0.6428571428571428,0.0,1.0,1.0,0.0,0.6428571428571429,0.6428571428571429,0.0,6,6
58,0.06235377135673155,-1.2051372738633104,legacy67,minmax,0.6190476190476191,0.6666666666666665,0.04761904761904745,1.0,1.0,0.0,0.6190476190476191,0.6666666666666666,0.04761904761904756,6,6
58,0.06290644294586147,-1.201304871366561,legacy67,minmax,0.6190476190476191,0.6666666666666665,0.04761904761904745,1.0,1.0,0.0,0.6190476190476191,0.6666666666666666,0.04761904761904756,6,6
58,0.07068974950624601,-1.1506435572868954,legacy67,minmax,0.6057142857142859,0.6666666666666665,0.06095238095238065,0.9866666666666667,1.0,0.013333333333333308,0.6190476190476191,0.6666666666666666,0.04761904761904756,6,6
58,0.10842262717330158,-0.9648800735999323,legacy67,minmax,0.6295238095238096,0.7619047619047619,0.13238095238095227,0.9866666666666667,1.0,0.013333333333333308,0.6428571428571429,0.7619047619047619,0.11904761904761896,11,6
58,0.12172958098369964,-0.9146038729044164,legacy67,minmax,0.6295238095238096,0.7619047619047619,0.13238095238095227,0.9866666666666667,1.0,0.013333333333333308,0.6428571428571429,0.7619047619047619,0.11904761904761896,11,7
58,0.1329652145729951,-0.876261961250477,legacy67,minmax,0.6295238095238096,0.7619047619047619,0.13238095238095227,0.9866666666666667,1.0,0.013333333333333308,0.6428571428571429,0.7619047619047619,0.11904761904761896,12,7
58,0.14618962793704957,-0.8350834392078323,legacy67,minmax,0.6533333333333333,0.7619047619047619,0.10857142857142854,0.9866666666666667,1.0,0.013333333333333308,0.6666666666666666,0.7619047619047619,0.09523809523809523,12,7
58,0.14742753159914665,-0.8314214058591274,legacy67,minmax,0.6533333333333333,0.7619047619047619,0.10857142857142854,0.9866666666666667,1.0,0.013333333333333308,0.6666666666666666,0.7619047619047619,0.09523809523809523,12,7
58,0.16480446427978968,-0.7830310281618491,legacy67,minmax,0.6533333333333333,0.8200000000000001,0.16666666666666674,0.9866666666666667,0.9866666666666667,0.0,0.6666666666666666,0.8333333333333334,0.16666666666666674,13,8
58,0.16536937182824418,-0.7815449233065173,legacy67,minmax,0.6533333333333333,0.8200000000000001,0.16666666666666674,0.9866666666666667,0.9866666666666667,0.0,0.6666666666666666,0.8333333333333334,0.16666666666666674,13,8
58,0.1753594952976441,-0.7560707131373512,legacy67,minmax,0.6533333333333333,0.8200000000000001,0.16666666666666674,0.9866666666666667,0.9866666666666667,0.0,0.6666666666666666,0.8333333333333334,0.16666666666666674,13,8
58,0.17654048052495064,-0.7531556956423562,legacy67,minmax,0.6533333333333333,0.8200000000000001,0.16666666666666674,0.9866666666666667,0.9866666666666667,0.0,0.6666666666666666,0.8333333333333334,0.16666666666666674,13,8
58,0.1998634077852887,-0.6992667118930118,legacy67,minmax,0.5923809523809525,0.8200000000000001,0.2276190476190476,0.9733333333333334,0.9866666666666667,0.013333333333333308,0.6190476190476191,0.8333333333333334,0.2142857142857143,13,8
58,0.2001342062287997,-0.6986786769469426,legacy67,minmax,0.5923809523809525,0.8200000000000001,0.2276190476190476,0.9733333333333334,0.9866666666666667,0.013333333333333308,0.6190476190476191,0.8333333333333334,0.2142857142857143,13,8
58,0.21066486017042194,-0.6764079005894033,legacy67,minmax,0.5923809523809525,0.8200000000000001,0.2276190476190476,0.9733333333333334,0.9866666666666667,0.013333333333333308,0.6190476190476191,0.8333333333333334,0.2142857142857143,13,8
58,0.2673088310781669,-0.5729866932256429,legacy67,minmax,0.5923809523809525,0.8200000000000001,0.2276190476190476,0.9733333333333334,0.9866666666666667,0.013333333333333308,0.6190476190476191,0.8333333333333334,0.2142857142857143,15,9
58,0.2715581955282939,-0.5661370858229096,legacy67,minmax,0.5923809523809525,0.8200000000000001,0.2276190476190476,0.9733333333333334,0.9866666666666667,0.013333333333333308,0.6190476190476191,0.8333333333333334,0.2142857142857143,15,9
58,0.292043384718141,-0.5345526268252332,legacy67,minmax,0.5923809523809525,0.8200000000000001,0.2276190476190476,0.9733333333333334,0.9866666666666667,0.013333333333333308,0.6190476190476191,0.8333333333333334,0.2142857142857143,15,10
58,0.314891164795686,-0.50183952461055,legacy67,minmax,0.5923809523809525,0.8200000000000001,0.2276190476190476,0.9733333333333334,0.9866666666666667,0.013333333333333308,0.6190476190476191,0.8333333333333334,0.2142857142857143,16,10
58,0.35868164986275475,-0.44529084124207197,legacy67,minmax,0.6266666666666665,0.8200000000000001,0.19333333333333358,0.96,0.9866666666666667,0.026666666666666727,0.6666666666666666,0.8333333333333334,0.16666666666666674,16,9
58,0.5130551760589832,-0.2898359265658015,legacy67,minmax,0.6980952380952381,0.7933333333333334,0.09523809523809534,0.96,0.96,0.0,0.7380952380952381,0.8333333333333334,0.09523809523809523,19,9
58,0.5342937261279772,-0.27221992543153695,legacy67,minmax,0.6980952380952381,0.7933333333333334,0.09523809523809534,0.96,0.96,0.0,0.7380952380952381,0.8333333333333334,0.09523809523809523,19,9
58,0.5762487216478598,-0.23939002504159476,legacy67,minmax,0.7219047619047618,0.7933333333333334,0.07142857142857162,0.96,0.96,0.0,0.7619047619047619,0.8333333333333334,0.07142857142857151,19,9
58,0.6672367170464204,-0.17572006313185626,legacy67,minmax,0.6980952380952381,0.7933333333333334,0.09523809523809534,0.96,0.96,0.0,0.7380952380952381,0.8333333333333334,0.09523809523809523,20,9
58,0.7742116473996242,-0.1111402993522028,legacy67,minmax,0.6980952380952381,0.7933333333333334,0.09523809523809534,0.96,0.96,0.0,0.7380952380952381,0.8333333333333334,0.09523809523809523,24,9
58,0.9444574254983555,-0.02481761454243703,legacy67,minmax,0.7219047619047618,0.7933333333333334,0.07142857142857162,0.96,0.96,0.0,0.7619047619047619,0.8333333333333334,0.07142857142857151,23,9
58,0.9565499215943818,-0.019292359554919238,legacy67,minmax,0.7219047619047618,0.7933333333333334,0.07142857142857162,0.96,0.96,0.0,0.7619047619047619,0.8333333333333334,0.07142857142857151,23,9
58,1.1400863701127315,0.0569377536544464,legacy67,minmax,0.7457142857142856,0.7933333333333334,0.047619047619047894,0.96,0.96,0.0,0.7857142857142857,0.8333333333333334,0.04761904761904767,23,9
58,1.2030178871154662,0.08027208471124325,legacy67,minmax,0.7457142857142856,0.7933333333333334,0.047619047619047894,0.96,0.96,0.0,0.7857142857142857,0.8333333333333334,0.04761904761904767,23,9
58,1.2329098365270508,0.0909313175279762,legacy67,minmax,0.7457142857142856,0.7933333333333334,0.047619047619047894,0.96,0.96,0.0,0.7857142857142857,0.8333333333333334,0.04761904761904767,23,9
58,1.2561043700013554,0.09902572652895136,legacy67,minmax,0.7457142857142856,0.7933333333333334,0.047619047619047894,0.96,0.96,0.0,0.7857142857142857,0.8333333333333334,0.04761904761904767,24,9
58,1.4817820606039076,0.17078433263299386,legacy67,minmax,0.7695238095238095,0.7933333333333334,0.023809523809523947,0.96,0.96,0.0,0.8095238095238095,0.8333333333333334,0.023809523809523836,24,9
58,1.5375920235481748,0.1868411173731186,legacy67,minmax,0.7695238095238095,0.7933333333333334,0.023809523809523947,0.96,0.96,0.0,0.8095238095238095,0.8333333333333334,0.023809523809523836,25,9
58,1.7583640270008503,0.24510879027798493,legacy67,minmax,0.7695238095238095,0.7933333333333334,0.023809523809523947,0.96,0.96,0.0,0.8095238095238095,0.8333333333333334,0.023809523809523836,25,8
58,2.34238498471129,0.36965827544816987,legacy67,minmax,0.7695238095238095,0.8514285714285714,0.08190476190476192,0.96,0.9466666666666667,-0.013333333333333308,0.8095238095238095,0.9047619047619048,0.09523809523809523,25,8
58,2.4637685958997446,0.39159991524434057,legacy67,minmax,0.7695238095238095,0.8514285714285714,0.08190476190476192,0.96,0.9466666666666667,-0.013333333333333308,0.8095238095238095,0.9047619047619048,0.09523809523809523,25,9
58,2.4810409748678097,0.3946339367881464,legacy67,minmax,0.7695238095238095,0.8514285714285714,0.08190476190476192,0.96,0.9466666666666667,-0.013333333333333308,0.8095238095238095,0.9047619047619048,0.09523809523809523,25,8
58,2.5378155082656626,0.40446004697283516,legacy67,minmax,0.7695238095238095,0.8514285714285714,0.08190476190476192,0.96,0.9466666666666667,-0.013333333333333308,0.8095238095238095,0.9047619047619048,0.09523809523809523,25,8
58,2.692646910086177,0.43017940760575346,legacy67,minmax,0.7561904761904761,0.8514285714285714,0.09523809523809534,0.9466666666666667,0.9466666666666667,0.0,0.8095238095238095,0.9047619047619048,0.09523809523809523,26,8
58,2.801635158716258,0.4474115788895179,legacy67,minmax,0.7561904761904761,0.8514285714285714,0.09523809523809534,0.9466666666666667,0.9466666666666667,0.0,0.8095238095238095,0.9047619047619048,0.09523809523809523,26,8
58,3.113095956122122,0.4931925073102317,legacy67,minmax,0.7561904761904761,0.8514285714285714,0.09523809523809534,0.9466666666666667,0.9466666666666667,0.0,0.8095238095238095,0.9047619047619048,0.09523809523809523,26,8
58,3.550012525851159,0.5502298854208525,legacy67,minmax,0.7323809523809524,0.8514285714285714,0.11904761904761907,0.9466666666666667,0.9466666666666667,0.0,0.7857142857142857,0.9047619047619048,0.11904761904761907,26,9
58,4.467752817973904,0.6500891374159279,legacy67,minmax,0.7323809523809524,0.8514285714285714,0.11904761904761907,0.9466666666666667,0.9466666666666667,0.0,0.7857142857142857,0.9047619047619048,0.11904761904761907,28,9
58,5.456725485601473,0.7369321060486276,legacy67,minmax,0.7190476190476192,0.8514285714285714,0.13238095238095227,0.9333333333333333,0.9466666666666667,0.013333333333333308,0.7857142857142857,0.9047619047619048,0.11904761904761907,30,9
58,6.72093005015611,0.8274293753904685,legacy67,minmax,0.7190476190476192,0.8514285714285714,0.13238095238095227,0.9333333333333333,0.9466666666666667,0.013333333333333308,0.7857142857142857,0.9047619047619048,0.11904761904761907,30,9
58,6.7965780907581514,0.832290311184182,legacy67,minmax,0.7190476190476192,0.8514285714285714,0.13238095238095227,0.9333333333333333,0.9466666666666667,0.013333333333333308,0.7857142857142857,0.9047619047619048,0.11904761904761907,31,9
58,7.128188058401357,0.85297914889198,legacy67,minmax,0.7190476190476192,0.8514285714285714,0.13238095238095227,0.9333333333333333,0.9466666666666667,0.013333333333333308,0.7857142857142857,0.9047619047619048,0.11904761904761907,31,9
58,8.241925264876443,0.9160286721639492,legacy67,minmax,0.7190476190476192,0.7933333333333334,0.07428571428571429,0.9333333333333333,0.96,0.026666666666666616,0.7857142857142857,0.8333333333333334,0.04761904761904767,31,29
58,8.287522363768153,0.9184247133522563,legacy67,minmax,0.7190476190476192,0.7933333333333334,0.07428571428571429,0.9333333333333333,0.96,0.026666666666666616,0.7857142857142857,0.8333333333333334,0.04761904761904767,31,29
58,8.471801418819974,0.9279757672456204,legacy67,minmax,0.7190476190476192,0.8171428571428572,0.09809523809523801,0.9333333333333333,0.96,0.026666666666666616,0.7857142857142857,0.8571428571428571,0.0714285714285714,31,29
58,11.044350847124681,1.0431401944675898,legacy67,minmax,0.7057142857142857,0.8514285714285714,0.14571428571428569,0.92,0.9466666666666667,0.026666666666666616,0.7857142857142857,0.9047619047619048,0.11904761904761907,31,29
58,12.130221181165155,1.083868719818244,legacy67,minmax,0.7057142857142857,0.8514285714285714,0.14571428571428569,0.92,0.9466666666666667,0.026666666666666616,0.7857142857142857,0.9047619047619048,0.11904761904761907,31,29
58,12.164139351417056,1.085081386743783,legacy67,minmax,0.7057142857142857,0.8514285714285714,0.14571428571428569,0.92,0.9466666666666667,0.026666666666666616,0.7857142857142857,0.9047619047619048,0.11904761904761907,31,29
58,12.273800987852958,1.0889790771866297,legacy67,minmax,0.7057142857142857,0.8514285714285714,0.14571428571428569,0.92,0.9466666666666667,0.026666666666666616,0.7857142857142857,0.9047619047619048,0.11904761904761907,31,29
58,12.604664585649452,1.1005312934444582,legacy67,minmax,0.7057142857142857,0.8514285714285714,0.14571428571428569,0.92,0.9466666666666667,0.026666666666666616,0.7857142857142857,0.9047619047619048,0.11904761904761907,31,29
58,13.826232179369853,1.1407038455720544,legacy67,minmax,0.7057142857142857,0.8514285714285714,0.14571428571428569,0.92,0.9466666666666667,0.026666666666666616,0.7857142857142857,0.9047619047619048,0.11904761904761907,31,29
58,16.172900811143133,1.2087879230161587,legacy67,minmax,0.7057142857142857,0.8514285714285714,0.14571428571428569,0.92,0.9466666666666667,0.026666666666666616,0.7857142857142857,0.9047619047619048,0.11904761904761907,30,29
58,17.123375973163967,1.2335893924658445,legacy67,minmax,0.7057142857142857,0.861904761904762,0.1561904761904762,0.92,0.9333333333333333,0.013333333333333308,0.7857142857142857,0.9285714285714286,0.1428571428571429,30,29
58,18.274508859816006,1.2618457138193366,legacy67,minmax,0.7057142857142857,0.861904761904762,0.1561904761904762,0.92,0.9333333333333333,0.013333333333333308,0.7857142857142857,0.9285714285714286,0.1428571428571429,31,29
58,20.65142557895924,1.3149500366077174,legacy67,minmax,0.7057142857142857,0.861904761904762,0.1561904761904762,0.92,0.9333333333333333,0.013333333333333308,0.7857142857142857,0.9285714285714286,0.1428571428571429,32,29
58,21.36832907235874,1.329770563201687,legacy67,minmax,0.7057142857142857,0.861904761904762,0.1561904761904762,0.92,0.9333333333333333,0.013333333333333308,0.7857142857142857,0.9285714285714286,0.1428571428571429,32,29
58,28.340904295147727,1.452413703502374,legacy67,minmax,0.7057142857142857,0.861904761904762,0.1561904761904762,0.92,0.9333333333333333,0.013333333333333308,0.7857142857142857,0.9285714285714286,0.1428571428571429,32,30
58,29.154431891537524,1.4647045830997407,legacy67,minmax,0.7057142857142857,0.861904761904762,0.1561904761904762,0.92,0.9333333333333333,0.013333333333333308,0.7857142857142857,0.9285714285714286,0.1428571428571429,32,30
58,35.387588647792384,1.5488509703053062,legacy67,minmax,0.7057142857142857,0.861904761904762,0.1561904761904762,0.92,0.9333333333333333,0.013333333333333308,0.7857142857142857,0.9285714285714286,0.1428571428571429,32,30
58,37.95853142670639,1.5793094017105953,legacy67,minmax,0.7057142857142857,0.861904761904762,0.1561904761904762,0.92,0.9333333333333333,0.013333333333333308,0.7857142857142857,0.9285714285714286,0.1428571428571429,32,30
58,43.37920697490936,1.6372816083151283,legacy67,minmax,0.7057142857142857,0.861904761904762,0.1561904761904762,0.92,0.9333333333333333,0.013333333333333308,0.7857142857142857,0.9285714285714286,0.1428571428571429,32,30
58,48.69640941520897,1.6874969400924673,legacy67,minmax,0.7057142857142857,0.861904761904762,0.1561904761904762,0.92,0.9333333333333333,0.013333333333333308,0.7857142857142857,0.9285714285714286,0.1428571428571429,32,30
58,57.279044707996185,1.7579957662567565,legacy67,minmax,0.7057142857142857,0.861904761904762,0.1561904761904762,0.92,0.9333333333333333,0.013333333333333308,0.7857142857142857,0.9285714285714286,0.1428571428571429,32,30
58,62.45139574743064,1.795542149013333,legacy67,minmax,0.7057142857142857,0.861904761904762,0.1561904761904762,0.92,0.9333333333333333,0.013333333333333308,0.7857142857142857,0.9285714285714286,0.1428571428571429,32,30
58,63.512210106406926,1.8028572256396647,legacy67,minmax,0.7057142857142857,0.861904761904762,0.1561904761904762,0.92,0.9333333333333333,0.013333333333333308,0.7857142857142857,0.9285714285714286,0.1428571428571429,32,30
58,72.86653737491037,1.8625281322982374,legacy67,minmax,0.7057142857142857,0.861904761904762,0.1561904761904762,0.92,0.9333333333333333,0.013333333333333308,0.7857142857142857,0.9285714285714286,0.1428571428571429,33,30
58,75.56810141274423,1.8783385110582342,legacy67,minmax,0.7057142857142857,0.861904761904762,0.1561904761904762,0.92,0.9333333333333333,0.013333333333333308,0.7857142857142857,0.9285714285714286,0.1428571428571429,33,30
58,75.79479953347995,1.8796394086479773,legacy67,minmax,0.7057142857142857,0.861904761904762,0.1561904761904762,0.92,0.9333333333333333,0.013333333333333308,0.7857142857142857,0.9285714285714286,0.1428571428571429,33,30
58,88.62326508576248,1.9475477464020692,legacy67,minmax,0.7057142857142857,0.861904761904762,0.1561904761904762,0.92,0.9333333333333333,0.013333333333333308,0.7857142857142857,0.9285714285714286,0.1428571428571429,33,31
59,0.010521761868451128,-1.9779115315055904,legacy67,minmax,0.0,0.0,0.0,1.0,1.0,0.0,0.0,0.0,0.0,0,0
59,0.012087541473056955,-1.9176620228167902,legacy67,minmax,0.0,0.0,0.0,1.0,1.0,0.0,0.0,0.0,0.0,0,0
59,0.01263794633808287,-1.8983234930236192,legacy67,minmax,0.0,0.0,0.0,1.0,1.0,0.0,0.0,0.0,0.0,0,0
59,0.013726318898045865,-1.8624459155391264,legacy67,minmax,0.0,0.0,0.0,1.0,1.0,0.0,0.0,0.0,0.0,0,0
59,0.0151673306880762,-1.8190908443578477,legacy67,minmax,0.0,0.0,0.0,1.0,1.0,0.0,0.0,0.0,0.0,0,0
59,0.015339162591163618,-1.814198349120009,legacy67,minmax,0.0,0.0,0.0,1.0,1.0,0.0,0.0,0.0,0.0,0,0
59,0.017073967431528118,-1.7676655513272022,legacy67,minmax,0.0,0.0,0.0,1.0,1.0,0.0,0.0,0.0,0.0,0,0
59,0.017956984225677628,-1.7457665988559055,legacy67,minmax,0.0,0.0,0.0,1.0,1.0,0.0,0.0,0.0,0.0,2,1
59,0.018205657658407252,-1.739793628058882,legacy67,minmax,0.0,0.0,0.0,1.0,1.0,0.0,0.0,0.0,0.0,2,1
59,0.019777828512462715,-1.7038213930636386,legacy67,minmax,0.0,0.0,0.0,1.0,1.0,0.0,0.0,0.0,0.0,3,1
59,0.01987021538542862,-1.7017974252809167,legacy67,minmax,0.0,0.0,0.0,1.0,1.0,0.0,0.0,0.0,0.0,3,1
59,0.022592797420156945,-1.646029991792322,legacy67,minmax,0.19047619047619047,0.33333333333333326,0.1428571428571428,1.0,1.0,0.0,0.19047619047619047,0.3333333333333333,0.14285714285714285,3,2
59,0.024586032763280048,-1.6093115439744645,legacy67,minmax,0.26190476190476186,0.5238095238095237,0.26190476190476186,1.0,1.0,0.0,0.2619047619047619,0.5238095238095238,0.2619047619047619,3,3
59,0.027012557725439066,-1.5684342920267822,legacy67,minmax,0.30952380952380953,0.5238095238095237,0.2142857142857142,1.0,1.0,0.0,0.30952380952380953,0.5238095238095238,0.2142857142857143,3,3
59,0.029072088906598435,-1.5365237618994811,legacy67,minmax,0.30952380952380953,0.5238095238095237,0.2142857142857142,1.0,1.0,0.0,0.30952380952380953,0.5238095238095238,0.2142857142857143,3,3
59,0.030086868214458433,-1.5216230162467932,legacy67,minmax,0.30952380952380953,0.5238095238095237,0.2142857142857142,1.0,1.0,0.0,0.30952380952380953,0.5238095238095238,0.2142857142857143,4,3
59,0.030771802712506853,-1.5118470606208847,legacy67,minmax,0.30952380952380953,0.5714285714285714,0.26190476190476186,1.0,1.0,0.0,0.30952380952380953,0.5714285714285714,0.26190476190476186,4,3
59,0.036138942712165265,-1.4420245573918327,legacy67,minmax,0.4285714285714286,0.5714285714285714,0.1428571428571428,1.0,1.0,0.0,0.42857142857142855,0.5714285714285714,0.14285714285714285,4,3
59,0.03661819220392428,-1.4363031001009494,legacy67,minmax,0.45238095238095233,0.5714285714285714,0.11904761904761907,1.0,1.0,0.0,0.4523809523809524,0.5714285714285714,0.11904761904761901,4,3
59,0.04207053950287936,-1.3760219186551894,legacy67,minmax,0.5,0.5714285714285714,0.0714285714285714,1.0,1.0,0.0,0.5,0.5714285714285714,0.0714285714285714,5,3
59,0.04207988669606635,-1.375925438230254,legacy67,minmax,0.5,0.5714285714285714,0.0714285714285714,1.0,1.0,0.0,0.5,0.5714285714285714,0.0714285714285714,5,3
59,0.04809461967501572,-1.3179035052508339,legacy67,minmax,0.5238095238095237,0.5895238095238096,0.06571428571428584,1.0,0.9466666666666667,-0.053333333333333344,0.5238095238095238,0.6428571428571429,0.11904761904761907,5,3
59,0.05337032762603955,-1.2727001311715975,legacy67,minmax,0.5238095238095237,0.5895238095238096,0.06571428571428584,1.0,0.9466666666666667,-0.053333333333333344,0.5238095238095238,0.6428571428571429,0.11904761904761907,5,3
59,0.05415244119402536,-1.2663819605862647,legacy67,minmax,0.5238095238095237,0.5895238095238096,0.06571428571428584,1.0,0.9466666666666667,-0.053333333333333344,0.5238095238095238,0.6428571428571429,0.11904761904761907,5,3
59,0.05488047000766042,-1.2605821778978918,legacy67,minmax,0.5238095238095237,0.5895238095238096,0.06571428571428584,1.0,0.9466666666666667,-0.053333333333333344,0.5238095238095238,0.6428571428571429,0.11904761904761907,5,3
59,0.060803901902965994,-1.2160685503234192,legacy67,minmax,0.5714285714285714,0.5895238095238096,0.018095238095238164,1.0,0.9466666666666667,-0.053333333333333344,0.5714285714285714,0.6428571428571429,0.07142857142857151,5,3
59,0.06235377135673155,-1.2051372738633104,legacy67,minmax,0.5714285714285714,0.5895238095238096,0.018095238095238164,1.0,0.9466666666666667,-0.053333333333333344,0.5714285714285714,0.6428571428571429,0.07142857142857151,5,3
59,0.06290644294586147,-1.201304871366561,legacy67,minmax,0.5714285714285714,0.5895238095238096,0.018095238095238164,1.0,0.9466666666666667,-0.053333333333333344,0.5714285714285714,0.6428571428571429,0.07142857142857151,5,3
59,0.07068974950624601,-1.1506435572868954,legacy67,minmax,0.6057142857142859,0.5895238095238096,-0.01619047619047631,0.9866666666666667,0.9466666666666667,-0.040000000000000036,0.6190476190476191,0.6428571428571429,0.023809523809523836,6,3
59,0.10842262717330158,-0.9648800735999323,legacy67,minmax,0.6295238095238096,0.660952380952381,0.03142857142857136,0.9866666666666667,0.9466666666666667,-0.040000000000000036,0.6428571428571429,0.7142857142857143,0.0714285714285714,10,7
59,0.12172958098369964,-0.9146038729044164,legacy67,minmax,0.6057142857142859,0.660952380952381,0.055238095238095086,0.9866666666666667,0.9466666666666667,-0.040000000000000036,0.6190476190476191,0.7142857142857143,0.09523809523809523,10,8
59,0.1329652145729951,-0.876261961250477,legacy67,minmax,0.6057142857142859,0.6847619047619049,0.07904761904761903,0.9866666666666667,0.9466666666666667,-0.040000000000000036,0.6190476190476191,0.7380952380952381,0.11904761904761907,11,8
59,0.14618962793704957,-0.8350834392078323,legacy67,minmax,0.5923809523809525,0.6847619047619049,0.09238095238095245,0.9733333333333334,0.9466666666666667,-0.026666666666666727,0.6190476190476191,0.7380952380952381,0.11904761904761907,11,8
59,0.14742753159914665,-0.8314214058591274,legacy67,minmax,0.5923809523809525,0.6847619047619049,0.09238095238095245,0.9733333333333334,0.9466666666666667,-0.026666666666666727,0.6190476190476191,0.7380952380952381,0.11904761904761907,11,8
59,0.16480446427978968,-0.7830310281618491,legacy67,minmax,0.5685714285714285,0.6847619047619049,0.1161904761904764,0.9733333333333334,0.9466666666666667,-0.026666666666666727,0.5952380952380952,0.7380952380952381,0.1428571428571429,11,7
59,0.16536937182824418,-0.7815449233065173,legacy67,minmax,0.5685714285714285,0.6847619047619049,0.1161904761904764,0.9733333333333334,0.9466666666666667,-0.026666666666666727,0.5952380952380952,0.7380952380952381,0.1428571428571429,11,7
59,0.1753594952976441,-0.7560707131373512,legacy67,minmax,0.5685714285714285,0.6847619047619049,0.1161904761904764,0.9733333333333334,0.9466666666666667,-0.026666666666666727,0.5952380952380952,0.7380952380952381,0.1428571428571429,11,7
59,0.17654048052495064,-0.7531556956423562,legacy67,minmax,0.5685714285714285,0.6847619047619049,0.1161904761904764,0.9733333333333334,0.9466666666666667,-0.026666666666666727,0.5952380952380952,0.7380952380952381,0.1428571428571429,11,7
59,0.1998634077852887,-0.6992667118930118,legacy67,minmax,0.5685714285714285,0.6580952380952381,0.08952380952380956,0.9733333333333334,0.92,-0.053333333333333344,0.5952380952380952,0.7380952380952381,0.1428571428571429,12,7
59,0.2001342062287997,-0.6986786769469426,legacy67,minmax,0.5685714285714285,0.6580952380952381,0.08952380952380956,0.9733333333333334,0.92,-0.053333333333333344,0.5952380952380952,0.7380952380952381,0.1428571428571429,12,7
59,0.21066486017042194,-0.6764079005894033,legacy67,minmax,0.5685714285714285,0.6580952380952381,0.08952380952380956,0.9733333333333334,0.92,-0.053333333333333344,0.5952380952380952,0.7380952380952381,0.1428571428571429,12,7
59,0.2673088310781669,-0.5729866932256429,legacy67,minmax,0.5685714285714285,0.6580952380952381,0.08952380952380956,0.9733333333333334,0.92,-0.053333333333333344,0.5952380952380952,0.7380952380952381,0.1428571428571429,13,7
59,0.2715581955282939,-0.5661370858229096,legacy67,minmax,0.5685714285714285,0.6580952380952381,0.08952380952380956,0.9733333333333334,0.92,-0.053333333333333344,0.5952380952380952,0.7380952380952381,0.1428571428571429,13,7
59,0.292043384718141,-0.5345526268252332,legacy67,minmax,0.6161904761904764,0.6580952380952381,0.04190476190476167,0.9733333333333334,0.92,-0.053333333333333344,0.6428571428571429,0.7380952380952381,0.09523809523809523,14,7
59,0.314891164795686,-0.50183952461055,legacy67,minmax,0.6161904761904764,0.6580952380952381,0.04190476190476167,0.9733333333333334,0.92,-0.053333333333333344,0.6428571428571429,0.7380952380952381,0.09523809523809523,14,7
59,0.35868164986275475,-0.44529084124207197,legacy67,minmax,0.6161904761904764,0.6580952380952381,0.04190476190476167,0.9733333333333334,0.92,-0.053333333333333344,0.6428571428571429,0.7380952380952381,0.09523809523809523,15,7
59,0.5130551760589832,-0.2898359265658015,legacy67,minmax,0.6400000000000001,0.6580952380952381,0.018095238095237942,0.9733333333333334,0.92,-0.053333333333333344,0.6666666666666666,0.7380952380952381,0.07142857142857151,18,7
59,0.5342937261279772,-0.27221992543153695,legacy67,minmax,0.6400000000000001,0.6580952380952381,0.018095238095237942,0.9733333333333334,0.92,-0.053333333333333344,0.6666666666666666,0.7380952380952381,0.07142857142857151,19,7
59,0.5762487216478598,-0.23939002504159476,legacy67,minmax,0.6400000000000001,0.6580952380952381,0.018095238095237942,0.9733333333333334,0.92,-0.053333333333333344,0.6666666666666666,0.7380952380952381,0.07142857142857151,19,7
59,0.6672367170464204,-0.17572006313185626,legacy67,minmax,0.6266666666666665,0.6580952380952381,0.03142857142857158,0.96,0.92,-0.039999999999999925,0.6666666666666666,0.7380952380952381,0.07142857142857151,21,7
59,0.7742116473996242,-0.1111402993522028,legacy67,minmax,0.6504761904761904,0.6580952380952381,0.007619047619047636,0.96,0.92,-0.039999999999999925,0.6904761904761905,0.7380952380952381,0.04761904761904767,21,7
59,0.9444574254983555,-0.02481761454243703,legacy67,minmax,0.6742857142857144,0.6580952380952381,-0.01619047619047631,0.96,0.92,-0.039999999999999925,0.7142857142857143,0.7380952380952381,0.023809523809523836,25,7
59,0.9565499215943818,-0.019292359554919238,legacy67,minmax,0.6504761904761904,0.6580952380952381,0.007619047619047636,0.96,0.92,-0.039999999999999925,0.6904761904761905,0.7380952380952381,0.04761904761904767,25,7
59,1.1400863701127315,0.0569377536544464,legacy67,minmax,0.6504761904761904,0.6580952380952381,0.007619047619047636,0.96,0.92,-0.039999999999999925,0.6904761904761905,0.7380952380952381,0.04761904761904767,27,8
59,1.2030178871154662,0.08027208471124325,legacy67,minmax,0.6504761904761904,0.6580952380952381,0.007619047619047636,0.96,0.92,-0.039999999999999925,0.6904761904761905,0.7380952380952381,0.04761904761904767,29,8
59,1.2329098365270508,0.0909313175279762,legacy67,minmax,0.6504761904761904,0.6580952380952381,0.007619047619047636,0.96,0.92,-0.039999999999999925,0.6904761904761905,0.7380952380952381,0.04761904761904767,29,8
59,1.2561043700013554,0.09902572652895136,legacy67,minmax,0.6504761904761904,0.6580952380952381,0.007619047619047636,0.96,0.92,-0.039999999999999925,0.6904761904761905,0.7380952380952381,0.04761904761904767,29,8
59,1.4817820606039076,0.17078433263299386,legacy67,minmax,0.6742857142857144,0.6580952380952381,-0.01619047619047631,0.96,0.92,-0.039999999999999925,0.7142857142857143,0.7380952380952381,0.023809523809523836,29,8
59,1.5375920235481748,0.1868411173731186,legacy67,minmax,0.6504761904761904,0.6580952380952381,0.007619047619047636,0.96,0.92,-0.039999999999999925,0.6904761904761905,0.7380952380952381,0.04761904761904767,29,8
59,1.7583640270008503,0.24510879027798493,legacy67,minmax,0.6504761904761904,0.6580952380952381,0.007619047619047636,0.96,0.92,-0.039999999999999925,0.6904761904761905,0.7380952380952381,0.04761904761904767,28,8
59,2.34238498471129,0.36965827544816987,legacy67,minmax,0.6504761904761904,0.6580952380952381,0.007619047619047636,0.96,0.92,-0.039999999999999925,0.6904761904761905,0.7380952380952381,0.04761904761904767,28,9
59,2.4637685958997446,0.39159991524434057,legacy67,minmax,0.6266666666666665,0.6580952380952381,0.03142857142857158,0.96,0.92,-0.039999999999999925,0.6666666666666666,0.7380952380952381,0.07142857142857151,28,9
59,2.4810409748678097,0.3946339367881464,legacy67,minmax,0.6266666666666665,0.6580952380952381,0.03142857142857158,0.96,0.92,-0.039999999999999925,0.6666666666666666,0.7380952380952381,0.07142857142857151,28,9
59,2.5378155082656626,0.40446004697283516,legacy67,minmax,0.6266666666666665,0.6580952380952381,0.03142857142857158,0.96,0.92,-0.039999999999999925,0.6666666666666666,0.7380952380952381,0.07142857142857151,28,9
59,2.692646910086177,0.43017940760575346,legacy67,minmax,0.6266666666666665,0.6580952380952381,0.03142857142857158,0.96,0.92,-0.039999999999999925,0.6666666666666666,0.7380952380952381,0.07142857142857151,28,9
59,2.801635158716258,0.4474115788895179,legacy67,minmax,0.6266666666666665,0.6580952380952381,0.03142857142857158,0.96,0.92,-0.039999999999999925,0.6666666666666666,0.7380952380952381,0.07142857142857151,28,9
59,3.113095956122122,0.4931925073102317,legacy67,minmax,0.6266666666666665,0.6580952380952381,0.03142857142857158,0.96,0.92,-0.039999999999999925,0.6666666666666666,0.7380952380952381,0.07142857142857151,28,9
59,3.550012525851159,0.5502298854208525,legacy67,minmax,0.6028571428571428,0.6580952380952381,0.05523809523809531,0.96,0.92,-0.039999999999999925,0.6428571428571429,0.7380952380952381,0.09523809523809523,28,9
59,4.467752817973904,0.6500891374159279,legacy67,minmax,0.6028571428571428,0.6580952380952381,0.05523809523809531,0.96,0.92,-0.039999999999999925,0.6428571428571429,0.7380952380952381,0.09523809523809523,28,9
59,5.456725485601473,0.7369321060486276,legacy67,minmax,0.6028571428571428,0.6580952380952381,0.05523809523809531,0.96,0.92,-0.039999999999999925,0.6428571428571429,0.7380952380952381,0.09523809523809523,29,9
59,6.72093005015611,0.8274293753904685,legacy67,minmax,0.6028571428571428,0.6580952380952381,0.05523809523809531,0.96,0.92,-0.039999999999999925,0.6428571428571429,0.7380952380952381,0.09523809523809523,29,9
59,6.7965780907581514,0.832290311184182,legacy67,minmax,0.6028571428571428,0.6580952380952381,0.05523809523809531,0.96,0.92,-0.039999999999999925,0.6428571428571429,0.7380952380952381,0.09523809523809523,29,9
59,7.128188058401357,0.85297914889198,legacy67,minmax,0.6028571428571428,0.6580952380952381,0.05523809523809531,0.96,0.92,-0.039999999999999925,0.6428571428571429,0.7380952380952381,0.09523809523809523,29,9
59,8.241925264876443,0.9160286721639492,legacy67,minmax,0.6028571428571428,0.6580952380952381,0.05523809523809531,0.96,0.92,-0.039999999999999925,0.6428571428571429,0.7380952380952381,0.09523809523809523,29,25
59,8.287522363768153,0.9184247133522563,legacy67,minmax,0.6028571428571428,0.6580952380952381,0.05523809523809531,0.96,0.92,-0.039999999999999925,0.6428571428571429,0.7380952380952381,0.09523809523809523,29,26
59,8.471801418819974,0.9279757672456204,legacy67,minmax,0.6028571428571428,0.6580952380952381,0.05523809523809531,0.96,0.92,-0.039999999999999925,0.6428571428571429,0.7380952380952381,0.09523809523809523,30,26
59,11.044350847124681,1.0431401944675898,legacy67,minmax,0.6161904761904764,0.6580952380952381,0.04190476190476167,0.9733333333333334,0.92,-0.053333333333333344,0.6428571428571429,0.7380952380952381,0.09523809523809523,31,26
59,12.130221181165155,1.083868719818244,legacy67,minmax,0.6161904761904764,0.6580952380952381,0.04190476190476167,0.9733333333333334,0.92,-0.053333333333333344,0.6428571428571429,0.7380952380952381,0.09523809523809523,32,26
59,12.164139351417056,1.085081386743783,legacy67,minmax,0.6161904761904764,0.6580952380952381,0.04190476190476167,0.9733333333333334,0.92,-0.053333333333333344,0.6428571428571429,0.7380952380952381,0.09523809523809523,32,26
59,12.273800987852958,1.0889790771866297,legacy67,minmax,0.6161904761904764,0.6580952380952381,0.04190476190476167,0.9733333333333334,0.92,-0.053333333333333344,0.6428571428571429,0.7380952380952381,0.09523809523809523,32,26
59,12.604664585649452,1.1005312934444582,legacy67,minmax,0.6028571428571428,0.6580952380952381,0.05523809523809531,0.96,0.92,-0.039999999999999925,0.6428571428571429,0.7380952380952381,0.09523809523809523,32,26
59,13.826232179369853,1.1407038455720544,legacy67,minmax,0.579047619047619,0.6580952380952381,0.07904761904761903,0.96,0.92,-0.039999999999999925,0.6190476190476191,0.7380952380952381,0.11904761904761907,32,26
59,16.172900811143133,1.2087879230161587,legacy67,minmax,0.579047619047619,0.6580952380952381,0.07904761904761903,0.96,0.92,-0.039999999999999925,0.6190476190476191,0.7380952380952381,0.11904761904761907,32,26
59,17.123375973163967,1.2335893924658445,legacy67,minmax,0.579047619047619,0.6580952380952381,0.07904761904761903,0.96,0.92,-0.039999999999999925,0.6190476190476191,0.7380952380952381,0.11904761904761907,32,26
59,18.274508859816006,1.2618457138193366,legacy67,minmax,0.579047619047619,0.6580952380952381,0.07904761904761903,0.96,0.92,-0.039999999999999925,0.6190476190476191,0.7380952380952381,0.11904761904761907,33,26
59,20.65142557895924,1.3149500366077174,legacy67,minmax,0.579047619047619,0.6580952380952381,0.07904761904761903,0.96,0.92,-0.039999999999999925,0.6190476190476191,0.7380952380952381,0.11904761904761907,33,26
59,21.36832907235874,1.329770563201687,legacy67,minmax,0.579047619047619,0.6580952380952381,0.07904761904761903,0.96,0.92,-0.039999999999999925,0.6190476190476191,0.7380952380952381,0.11904761904761907,33,26
59,28.340904295147727,1.452413703502374,legacy67,minmax,0.579047619047619,0.6580952380952381,0.07904761904761903,0.96,0.92,-0.039999999999999925,0.6190476190476191,0.7380952380952381,0.11904761904761907,32,26
59,29.154431891537524,1.4647045830997407,legacy67,minmax,0.579047619047619,0.6580952380952381,0.07904761904761903,0.96,0.92,-0.039999999999999925,0.6190476190476191,0.7380952380952381,0.11904761904761907,32,26
59,35.387588647792384,1.5488509703053062,legacy67,minmax,0.579047619047619,0.6580952380952381,0.07904761904761903,0.96,0.92,-0.039999999999999925,0.6190476190476191,0.7380952380952381,0.11904761904761907,31,26
59,37.95853142670639,1.5793094017105953,legacy67,minmax,0.579047619047619,0.6580952380952381,0.07904761904761903,0.96,0.92,-0.039999999999999925,0.6190476190476191,0.7380952380952381,0.11904761904761907,32,26
59,43.37920697490936,1.6372816083151283,legacy67,minmax,0.579047619047619,0.6580952380952381,0.07904761904761903,0.96,0.92,-0.039999999999999925,0.6190476190476191,0.7380952380952381,0.11904761904761907,32,26
59,48.69640941520897,1.6874969400924673,legacy67,minmax,0.579047619047619,0.6580952380952381,0.07904761904761903,0.96,0.92,-0.039999999999999925,0.6190476190476191,0.7380952380952381,0.11904761904761907,32,26
59,57.279044707996185,1.7579957662567565,legacy67,minmax,0.579047619047619,0.6580952380952381,0.07904761904761903,0.96,0.92,-0.039999999999999925,0.6190476190476191,0.7380952380952381,0.11904761904761907,32,27
59,62.45139574743064,1.795542149013333,legacy67,minmax,0.579047619047619,0.6580952380952381,0.07904761904761903,0.96,0.92,-0.039999999999999925,0.6190476190476191,0.7380952380952381,0.11904761904761907,32,27
59,63.512210106406926,1.8028572256396647,legacy67,minmax,0.579047619047619,0.6580952380952381,0.07904761904761903,0.96,0.92,-0.039999999999999925,0.6190476190476191,0.7380952380952381,0.11904761904761907,32,27
59,72.86653737491037,1.8625281322982374,legacy67,minmax,0.579047619047619,0.6580952380952381,0.07904761904761903,0.96,0.92,-0.039999999999999925,0.6190476190476191,0.7380952380952381,0.11904761904761907,32,28
59,75.56810141274423,1.8783385110582342,legacy67,minmax,0.579047619047619,0.6580952380952381,0.07904761904761903,0.96,0.92,-0.039999999999999925,0.6190476190476191,0.7380952380952381,0.11904761904761907,32,28
59,75.79479953347995,1.8796394086479773,legacy67,minmax,0.579047619047619,0.6580952380952381,0.07904761904761903,0.96,0.92,-0.039999999999999925,0.6190476190476191,0.7380952380952381,0.11904761904761907,32,28
59,88.62326508576248,1.9475477464020692,legacy67,minmax,0.579047619047619,0.6580952380952381,0.07904761904761903,0.96,0.92,-0.039999999999999925,0.6190476190476191,0.7380952380952381,0.11904761904761907,32,28
60,0.010521761868451128,-1.9779115315055904,legacy67,minmax,0.0,0.0,0.0,1.0,1.0,0.0,0.0,0.0,0.0,0,0
60,0.012087541473056955,-1.9176620228167902,legacy67,minmax,0.0,0.0,0.0,1.0,1.0,0.0,0.0,0.0,0.0,0,0
60,0.01263794633808287,-1.8983234930236192,legacy67,minmax,0.0,0.0,0.0,1.0,1.0,0.0,0.0,0.0,0.0,0,0
60,0.013726318898045865,-1.8624459155391264,legacy67,minmax,0.0,0.0,0.0,1.0,1.0,0.0,0.0,0.0,0.0,0,0
60,0.0151673306880762,-1.8190908443578477,legacy67,minmax,0.0,0.0,0.0,1.0,1.0,0.0,0.0,0.0,0.0,0,0
60,0.015339162591163618,-1.814198349120009,legacy67,minmax,0.0,0.0,0.0,1.0,1.0,0.0,0.0,0.0,0.0,0,0
60,0.017073967431528118,-1.7676655513272022,legacy67,minmax,0.0,0.0,0.0,1.0,1.0,0.0,0.0,0.0,0.0,0,0
60,0.017956984225677628,-1.7457665988559055,legacy67,minmax,0.0,0.0,0.0,1.0,1.0,0.0,0.0,0.0,0.0,0,0
60,0.018205657658407252,-1.739793628058882,legacy67,minmax,0.0,0.0,0.0,1.0,1.0,0.0,0.0,0.0,0.0,2,1
60,0.019777828512462715,-1.7038213930636386,legacy67,minmax,0.0,0.0,0.0,1.0,1.0,0.0,0.0,0.0,0.0,2,1
60,0.01987021538542862,-1.7017974252809167,legacy67,minmax,0.0,0.0,0.0,1.0,1.0,0.0,0.0,0.0,0.0,2,1
60,0.022592797420156945,-1.646029991792322,legacy67,minmax,0.0714285714285714,0.0,-0.0714285714285714,1.0,1.0,0.0,0.07142857142857142,0.0,-0.07142857142857142,3,1
60,0.024586032763280048,-1.6093115439744645,legacy67,minmax,0.23809523809523814,0.5714285714285714,0.33333333333333326,1.0,1.0,0.0,0.23809523809523808,0.5714285714285714,0.3333333333333333,3,2
60,0.027012557725439066,-1.5684342920267822,legacy67,minmax,0.26190476190476186,0.5714285714285714,0.30952380952380953,1.0,1.0,0.0,0.2619047619047619,0.5714285714285714,0.3095238095238095,3,2
60,0.029072088906598435,-1.5365237618994811,legacy67,minmax,0.33333333333333326,0.5714285714285714,0.23809523809523814,1.0,1.0,0.0,0.3333333333333333,0.5714285714285714,0.23809523809523808,3,2
60,0.030086868214458433,-1.5216230162467932,legacy67,minmax,0.33333333333333326,0.5714285714285714,0.23809523809523814,1.0,1.0,0.0,0.3333333333333333,0.5714285714285714,0.23809523809523808,3,2
60,0.030771802712506853,-1.5118470606208847,legacy67,minmax,0.33333333333333326,0.5714285714285714,0.23809523809523814,1.0,1.0,0.0,0.3333333333333333,0.5714285714285714,0.23809523809523808,3,2
60,0.036138942712165265,-1.4420245573918327,legacy67,minmax,0.5,0.5714285714285714,0.0714285714285714,1.0,1.0,0.0,0.5,0.5714285714285714,0.0714285714285714,3,2
60,0.03661819220392428,-1.4363031001009494,legacy67,minmax,0.5476190476190477,0.5714285714285714,0.023809523809523725,1.0,1.0,0.0,0.5476190476190477,0.5714285714285714,0.023809523809523725,3,2
60,0.04207053950287936,-1.3760219186551894,legacy67,minmax,0.5714285714285714,0.5714285714285714,0.0,1.0,1.0,0.0,0.5714285714285714,0.5714285714285714,0.0,3,2
60,0.04207988669606635,-1.375925438230254,legacy67,minmax,0.5714285714285714,0.5714285714285714,0.0,1.0,1.0,0.0,0.5714285714285714,0.5714285714285714,0.0,3,2
60,0.04809461967501572,-1.3179035052508339,legacy67,minmax,0.7142857142857144,0.5952380952380953,-0.11904761904761907,1.0,1.0,0.0,0.7142857142857143,0.5952380952380952,-0.11904761904761907,4,3
60,0.05337032762603955,-1.2727001311715975,legacy67,minmax,0.7142857142857144,0.6428571428571428,-0.07142857142857162,1.0,1.0,0.0,0.7142857142857143,0.6428571428571429,-0.0714285714285714,4,5
60,0.05415244119402536,-1.2663819605862647,legacy67,minmax,0.7142857142857144,0.6428571428571428,-0.07142857142857162,1.0,1.0,0.0,0.7142857142857143,0.6428571428571429,-0.0714285714285714,4,5
60,0.05488047000766042,-1.2605821778978918,legacy67,minmax,0.7380952380952381,0.6428571428571428,-0.09523809523809534,1.0,1.0,0.0,0.7380952380952381,0.6428571428571429,-0.09523809523809523,4,5
60,0.060803901902965994,-1.2160685503234192,legacy67,minmax,0.7380952380952381,0.7142857142857144,-0.023809523809523725,1.0,1.0,0.0,0.7380952380952381,0.7142857142857143,-0.023809523809523836,6,5
60,0.06235377135673155,-1.2051372738633104,legacy67,minmax,0.7380952380952381,0.7142857142857144,-0.023809523809523725,1.0,1.0,0.0,0.7380952380952381,0.7142857142857143,-0.023809523809523836,6,5
60,0.06290644294586147,-1.201304871366561,legacy67,minmax,0.7380952380952381,0.7142857142857144,-0.023809523809523725,1.0,1.0,0.0,0.7380952380952381,0.7142857142857143,-0.023809523809523836,6,5
60,0.07068974950624601,-1.1506435572868954,legacy67,minmax,0.7380952380952381,0.7142857142857144,-0.023809523809523725,1.0,1.0,0.0,0.7380952380952381,0.7142857142857143,-0.023809523809523836,7,6
60,0.10842262717330158,-0.9648800735999323,legacy67,minmax,0.7352380952380952,0.8571428571428572,0.12190476190476196,0.9733333333333334,1.0,0.026666666666666616,0.7619047619047619,0.8571428571428571,0.09523809523809523,11,7
60,0.12172958098369964,-0.9146038729044164,legacy67,minmax,0.7352380952380952,0.8571428571428572,0.12190476190476196,0.9733333333333334,1.0,0.026666666666666616,0.7619047619047619,0.8571428571428571,0.09523809523809523,11,7
60,0.1329652145729951,-0.876261961250477,legacy67,minmax,0.7352380952380952,0.8571428571428572,0.12190476190476196,0.9733333333333334,1.0,0.026666666666666616,0.7619047619047619,0.8571428571428571,0.09523809523809523,11,7
60,0.14618962793704957,-0.8350834392078323,legacy67,minmax,0.7352380952380952,0.8438095238095238,0.10857142857142854,0.9733333333333334,0.9866666666666667,0.013333333333333308,0.7619047619047619,0.8571428571428571,0.09523809523809523,11,7
60,0.14742753159914665,-0.8314214058591274,legacy67,minmax,0.7352380952380952,0.8438095238095238,0.10857142857142854,0.9733333333333334,0.9866666666666667,0.013333333333333308,0.7619047619047619,0.8571428571428571,0.09523809523809523,11,7
60,0.16480446427978968,-0.7830310281618491,legacy67,minmax,0.7828571428571429,0.8438095238095238,0.06095238095238087,0.9733333333333334,0.9866666666666667,0.013333333333333308,0.8095238095238095,0.8571428571428571,0.04761904761904756,12,7
60,0.16536937182824418,-0.7815449233065173,legacy67,minmax,0.7828571428571429,0.8438095238095238,0.06095238095238087,0.9733333333333334,0.9866666666666667,0.013333333333333308,0.8095238095238095,0.8571428571428571,0.04761904761904756,12,7
60,0.1753594952976441,-0.7560707131373512,legacy67,minmax,0.7828571428571429,0.8438095238095238,0.06095238095238087,0.9733333333333334,0.9866666666666667,0.013333333333333308,0.8095238095238095,0.8571428571428571,0.04761904761904756,12,7
60,0.17654048052495064,-0.7531556956423562,legacy67,minmax,0.7828571428571429,0.8438095238095238,0.06095238095238087,0.9733333333333334,0.9866666666666667,0.013333333333333308,0.8095238095238095,0.8571428571428571,0.04761904761904756,12,7
60,0.1998634077852887,-0.6992667118930118,legacy67,minmax,0.7828571428571429,0.8438095238095238,0.06095238095238087,0.9733333333333334,0.9866666666666667,0.013333333333333308,0.8095238095238095,0.8571428571428571,0.04761904761904756,13,7
60,0.2001342062287997,-0.6986786769469426,legacy67,minmax,0.7828571428571429,0.8438095238095238,0.06095238095238087,0.9733333333333334,0.9866666666666667,0.013333333333333308,0.8095238095238095,0.8571428571428571,0.04761904761904756,13,7
60,0.21066486017042194,-0.6764079005894033,legacy67,minmax,0.7828571428571429,0.8676190476190477,0.08476190476190482,0.9733333333333334,0.9866666666666667,0.013333333333333308,0.8095238095238095,0.8809523809523809,0.0714285714285714,15,8
60,0.2673088310781669,-0.5729866932256429,legacy67,minmax,0.7590476190476192,0.8676190476190477,0.10857142857142854,0.9733333333333334,0.9866666666666667,0.013333333333333308,0.7857142857142857,0.8809523809523809,0.09523809523809523,18,9
60,0.2715581955282939,-0.5661370858229096,legacy67,minmax,0.7590476190476192,0.8676190476190477,0.10857142857142854,0.9733333333333334,0.9866666666666667,0.013333333333333308,0.7857142857142857,0.8809523809523809,0.09523809523809523,18,9
60,0.292043384718141,-0.5345526268252332,legacy67,minmax,0.7590476190476192,0.8676190476190477,0.10857142857142854,0.9733333333333334,0.9866666666666667,0.013333333333333308,0.7857142857142857,0.8809523809523809,0.09523809523809523,18,9
60,0.314891164795686,-0.50183952461055,legacy67,minmax,0.7590476190476192,0.8676190476190477,0.10857142857142854,0.9733333333333334,0.9866666666666667,0.013333333333333308,0.7857142857142857,0.8809523809523809,0.09523809523809523,19,9
60,0.35868164986275475,-0.44529084124207197,legacy67,minmax,0.7828571428571429,0.8676190476190477,0.08476190476190482,0.9733333333333334,0.9866666666666667,0.013333333333333308,0.8095238095238095,0.8809523809523809,0.0714285714285714,19,9
60,0.5130551760589832,-0.2898359265658015,legacy67,minmax,0.7190476190476192,0.8676190476190477,0.14857142857142858,0.9333333333333333,0.9866666666666667,0.053333333333333344,0.7857142857142857,0.8809523809523809,0.09523809523809523,20,8
60,0.5342937261279772,-0.27221992543153695,legacy67,minmax,0.7190476190476192,0.8676190476190477,0.14857142857142858,0.9333333333333333,0.9866666666666667,0.053333333333333344,0.7857142857142857,0.8809523809523809,0.09523809523809523,20,7
60,0.5762487216478598,-0.23939002504159476,legacy67,minmax,0.7190476190476192,0.8676190476190477,0.14857142857142858,0.9333333333333333,0.9866666666666667,0.053333333333333344,0.7857142857142857,0.8809523809523809,0.09523809523809523,20,7
60,0.6672367170464204,-0.17572006313185626,legacy67,minmax,0.7190476190476192,0.8676190476190477,0.14857142857142858,0.9333333333333333,0.9866666666666667,0.053333333333333344,0.7857142857142857,0.8809523809523809,0.09523809523809523,20,7
60,0.7742116473996242,-0.1111402993522028,legacy67,minmax,0.6819047619047618,0.8676190476190477,0.18571428571428594,0.92,0.9866666666666667,0.06666666666666665,0.7619047619047619,0.8809523809523809,0.11904761904761907,20,7
60,0.9444574254983555,-0.02481761454243703,legacy67,minmax,0.6819047619047618,0.8676190476190477,0.18571428571428594,0.92,0.9866666666666667,0.06666666666666665,0.7619047619047619,0.8809523809523809,0.11904761904761907,22,7
60,0.9565499215943818,-0.019292359554919238,legacy67,minmax,0.7057142857142857,0.8676190476190477,0.161904761904762,0.92,0.9866666666666667,0.06666666666666665,0.7857142857142857,0.8809523809523809,0.09523809523809523,22,7
60,1.1400863701127315,0.0569377536544464,legacy67,minmax,0.7190476190476192,0.8676190476190477,0.14857142857142858,0.9333333333333333,0.9866666666666667,0.053333333333333344,0.7857142857142857,0.8809523809523809,0.09523809523809523,23,7
60,1.2030178871154662,0.08027208471124325,legacy67,minmax,0.7190476190476192,0.8676190476190477,0.14857142857142858,0.9333333333333333,0.9866666666666667,0.053333333333333344,0.7857142857142857,0.8809523809523809,0.09523809523809523,23,7
60,1.2329098365270508,0.0909313175279762,legacy67,minmax,0.7190476190476192,0.8676190476190477,0.14857142857142858,0.9333333333333333,0.9866666666666667,0.053333333333333344,0.7857142857142857,0.8809523809523809,0.09523809523809523,23,7
60,1.2561043700013554,0.09902572652895136,legacy67,minmax,0.7190476190476192,0.8676190476190477,0.14857142857142858,0.9333333333333333,0.9866666666666667,0.053333333333333344,0.7857142857142857,0.8809523809523809,0.09523809523809523,23,7
60,1.4817820606039076,0.17078433263299386,legacy67,minmax,0.7190476190476192,0.8676190476190477,0.14857142857142858,0.9333333333333333,0.9866666666666667,0.053333333333333344,0.7857142857142857,0.8809523809523809,0.09523809523809523,26,7
60,1.5375920235481748,0.1868411173731186,legacy67,minmax,0.6952380952380952,0.8676190476190477,0.17238095238095252,0.9333333333333333,0.9866666666666667,0.053333333333333344,0.7619047619047619,0.8809523809523809,0.11904761904761907,27,7
60,1.7583640270008503,0.24510879027798493,legacy67,minmax,0.6952380952380952,0.8676190476190477,0.17238095238095252,0.9333333333333333,0.9866666666666667,0.053333333333333344,0.7619047619047619,0.8809523809523809,0.11904761904761907,28,7
60,2.34238498471129,0.36965827544816987,legacy67,minmax,0.6952380952380952,0.8676190476190477,0.17238095238095252,0.9333333333333333,0.9866666666666667,0.053333333333333344,0.7619047619047619,0.8809523809523809,0.11904761904761907,30,7
60,2.4637685958997446,0.39159991524434057,legacy67,minmax,0.6952380952380952,0.8676190476190477,0.17238095238095252,0.9333333333333333,0.9866666666666667,0.053333333333333344,0.7619047619047619,0.8809523809523809,0.11904761904761907,30,7
60,2.4810409748678097,0.3946339367881464,legacy67,minmax,0.6952380952380952,0.8676190476190477,0.17238095238095252,0.9333333333333333,0.9866666666666667,0.053333333333333344,0.7619047619047619,0.8809523809523809,0.11904761904761907,30,7
60,2.5378155082656626,0.40446004697283516,legacy67,minmax,0.6952380952380952,0.8676190476190477,0.17238095238095252,0.9333333333333333,0.9866666666666667,0.053333333333333344,0.7619047619047619,0.8809523809523809,0.11904761904761907,30,7
60,2.692646910086177,0.43017940760575346,legacy67,minmax,0.6952380952380952,0.8676190476190477,0.17238095238095252,0.9333333333333333,0.9866666666666667,0.053333333333333344,0.7619047619047619,0.8809523809523809,0.11904761904761907,31,7
60,2.801635158716258,0.4474115788895179,legacy67,minmax,0.6952380952380952,0.8676190476190477,0.17238095238095252,0.9333333333333333,0.9866666666666667,0.053333333333333344,0.7619047619047619,0.8809523809523809,0.11904761904761907,31,7
60,3.113095956122122,0.4931925073102317,legacy67,minmax,0.6952380952380952,0.8676190476190477,0.17238095238095252,0.9333333333333333,0.9866666666666667,0.053333333333333344,0.7619047619047619,0.8809523809523809,0.11904761904761907,31,7
60,3.550012525851159,0.5502298854208525,legacy67,minmax,0.7190476190476192,0.8676190476190477,0.14857142857142858,0.9333333333333333,0.9866666666666667,0.053333333333333344,0.7857142857142857,0.8809523809523809,0.09523809523809523,31,7
60,4.467752817973904,0.6500891374159279,legacy67,minmax,0.6952380952380952,0.8676190476190477,0.17238095238095252,0.9333333333333333,0.9866666666666667,0.053333333333333344,0.7619047619047619,0.8809523809523809,0.11904761904761907,33,7
60,5.456725485601473,0.7369321060486276,legacy67,minmax,0.6819047619047618,0.8676190476190477,0.18571428571428594,0.92,0.9866666666666667,0.06666666666666665,0.7619047619047619,0.8809523809523809,0.11904761904761907,33,7
60,6.72093005015611,0.8274293753904685,legacy67,minmax,0.6714285714285715,0.8676190476190477,0.19619047619047625,0.9333333333333333,0.9866666666666667,0.053333333333333344,0.7380952380952381,0.8809523809523809,0.1428571428571428,33,7
60,6.7965780907581514,0.832290311184182,legacy67,minmax,0.6714285714285715,0.8676190476190477,0.19619047619047625,0.9333333333333333,0.9866666666666667,0.053333333333333344,0.7380952380952381,0.8809523809523809,0.1428571428571428,33,7
60,7.128188058401357,0.85297914889198,legacy67,minmax,0.6714285714285715,0.8676190476190477,0.19619047619047625,0.9333333333333333,0.9866666666666667,0.053333333333333344,0.7380952380952381,0.8809523809523809,0.1428571428571428,33,7
60,8.241925264876443,0.9160286721639492,legacy67,minmax,0.6580952380952381,0.8676190476190477,0.20952380952380967,0.92,0.9866666666666667,0.06666666666666665,0.7380952380952381,0.8809523809523809,0.1428571428571428,33,25
60,8.287522363768153,0.9184247133522563,legacy67,minmax,0.6580952380952381,0.8676190476190477,0.20952380952380967,0.92,0.9866666666666667,0.06666666666666665,0.7380952380952381,0.8809523809523809,0.1428571428571428,33,25
60,8.471801418819974,0.9279757672456204,legacy67,minmax,0.6580952380952381,0.8676190476190477,0.20952380952380967,0.92,0.9866666666666667,0.06666666666666665,0.7380952380952381,0.8809523809523809,0.1428571428571428,33,25
60,11.044350847124681,1.0431401944675898,legacy67,minmax,0.6447619047619049,0.8676190476190477,0.22285714285714286,0.9066666666666666,0.9866666666666667,0.08000000000000007,0.7380952380952381,0.8809523809523809,0.1428571428571428,33,27
60,12.130221181165155,1.083868719818244,legacy67,minmax,0.6447619047619049,0.8676190476190477,0.22285714285714286,0.9066666666666666,0.9866666666666667,0.08000000000000007,0.7380952380952381,0.8809523809523809,0.1428571428571428,33,27
60,12.164139351417056,1.085081386743783,legacy67,minmax,0.6447619047619049,0.8676190476190477,0.22285714285714286,0.9066666666666666,0.9866666666666667,0.08000000000000007,0.7380952380952381,0.8809523809523809,0.1428571428571428,33,27
60,12.273800987852958,1.0889790771866297,legacy67,minmax,0.6447619047619049,0.8676190476190477,0.22285714285714286,0.9066666666666666,0.9866666666666667,0.08000000000000007,0.7380952380952381,0.8809523809523809,0.1428571428571428,33,27
60,12.604664585649452,1.1005312934444582,legacy67,minmax,0.6447619047619049,0.8676190476190477,0.22285714285714286,0.9066666666666666,0.9866666666666667,0.08000000000000007,0.7380952380952381,0.8809523809523809,0.1428571428571428,33,27
60,13.826232179369853,1.1407038455720544,legacy67,minmax,0.6447619047619049,0.8676190476190477,0.22285714285714286,0.9066666666666666,0.9866666666666667,0.08000000000000007,0.7380952380952381,0.8809523809523809,0.1428571428571428,33,27
60,16.172900811143133,1.2087879230161587,legacy67,minmax,0.6447619047619049,0.8676190476190477,0.22285714285714286,0.9066666666666666,0.9866666666666667,0.08000000000000007,0.7380952380952381,0.8809523809523809,0.1428571428571428,33,27
60,17.123375973163967,1.2335893924658445,legacy67,minmax,0.6447619047619049,0.8676190476190477,0.22285714285714286,0.9066666666666666,0.9866666666666667,0.08000000000000007,0.7380952380952381,0.8809523809523809,0.1428571428571428,33,27
60,18.274508859816006,1.2618457138193366,legacy67,minmax,0.6447619047619049,0.8676190476190477,0.22285714285714286,0.9066666666666666,0.9866666666666667,0.08000000000000007,0.7380952380952381,0.8809523809523809,0.1428571428571428,33,27
60,20.65142557895924,1.3149500366077174,legacy67,minmax,0.6314285714285715,0.8676190476190477,0.23619047619047628,0.8933333333333333,0.9866666666666667,0.09333333333333338,0.7380952380952381,0.8809523809523809,0.1428571428571428,33,27
60,21.36832907235874,1.329770563201687,legacy67,minmax,0.6314285714285715,0.8676190476190477,0.23619047619047628,0.8933333333333333,0.9866666666666667,0.09333333333333338,0.7380952380952381,0.8809523809523809,0.1428571428571428,33,27
60,28.340904295147727,1.452413703502374,legacy67,minmax,0.6314285714285715,0.8676190476190477,0.23619047619047628,0.8933333333333333,0.9866666666666667,0.09333333333333338,0.7380952380952381,0.8809523809523809,0.1428571428571428,33,28
60,29.154431891537524,1.4647045830997407,legacy67,minmax,0.6314285714285715,0.8676190476190477,0.23619047619047628,0.8933333333333333,0.9866666666666667,0.09333333333333338,0.7380952380952381,0.8809523809523809,0.1428571428571428,33,28
60,35.387588647792384,1.5488509703053062,legacy67,minmax,0.6314285714285715,0.8676190476190477,0.23619047619047628,0.8933333333333333,0.9866666666666667,0.09333333333333338,0.7380952380952381,0.8809523809523809,0.1428571428571428,33,28
60,37.95853142670639,1.5793094017105953,legacy67,minmax,0.6314285714285715,0.8676190476190477,0.23619047619047628,0.8933333333333333,0.9866666666666667,0.09333333333333338,0.7380952380952381,0.8809523809523809,0.1428571428571428,33,28
60,43.37920697490936,1.6372816083151283,legacy67,minmax,0.618095238095238,0.8676190476190477,0.2495238095238097,0.88,0.9866666666666667,0.10666666666666669,0.7380952380952381,0.8809523809523809,0.1428571428571428,33,28
60,48.69640941520897,1.6874969400924673,legacy67,minmax,0.618095238095238,0.8676190476190477,0.2495238095238097,0.88,0.9866666666666667,0.10666666666666669,0.7380952380952381,0.8809523809523809,0.1428571428571428,33,28
60,57.279044707996185,1.7579957662567565,legacy67,minmax,0.618095238095238,0.8676190476190477,0.2495238095238097,0.88,0.9866666666666667,0.10666666666666669,0.7380952380952381,0.8809523809523809,0.1428571428571428,33,29
60,62.45139574743064,1.795542149013333,legacy67,minmax,0.618095238095238,0.8676190476190477,0.2495238095238097,0.88,0.9866666666666667,0.10666666666666669,0.7380952380952381,0.8809523809523809,0.1428571428571428,33,29
60,63.512210106406926,1.8028572256396647,legacy67,minmax,0.618095238095238,0.8676190476190477,0.2495238095238097,0.88,0.9866666666666667,0.10666666666666669,0.7380952380952381,0.8809523809523809,0.1428571428571428,33,29
60,72.86653737491037,1.8625281322982374,legacy67,minmax,0.618095238095238,0.8676190476190477,0.2495238095238097,0.88,0.9866666666666667,0.10666666666666669,0.7380952380952381,0.8809523809523809,0.1428571428571428,33,29
60,75.56810141274423,1.8783385110582342,legacy67,minmax,0.618095238095238,0.8676190476190477,0.2495238095238097,0.88,0.9866666666666667,0.10666666666666669,0.7380952380952381,0.8809523809523809,0.1428571428571428,33,29
60,75.79479953347995,1.8796394086479773,legacy67,minmax,0.618095238095238,0.8676190476190477,0.2495238095238097,0.88,0.9866666666666667,0.10666666666666669,0.7380952380952381,0.8809523809523809,0.1428571428571428,33,29
60,88.62326508576248,1.9475477464020692,legacy67,minmax,0.618095238095238,0.8676190476190477,0.2495238095238097,0.88,0.9866666666666667,0.10666666666666669,0.7380952380952381,0.8809523809523809,0.1428571428571428,33,30
61,0.010521761868451128,-1.9779115315055904,legacy67,minmax,0.0,0.0,0.0,1.0,1.0,0.0,0.0,0.0,0.0,0,0
61,0.012087541473056955,-1.9176620228167902,legacy67,minmax,0.0,0.0,0.0,1.0,1.0,0.0,0.0,0.0,0.0,0,0
61,0.01263794633808287,-1.8983234930236192,legacy67,minmax,0.0,0.0,0.0,1.0,1.0,0.0,0.0,0.0,0.0,0,0
61,0.013726318898045865,-1.8624459155391264,legacy67,minmax,0.0,0.0,0.0,1.0,1.0,0.0,0.0,0.0,0.0,0,0
61,0.0151673306880762,-1.8190908443578477,legacy67,minmax,0.0,0.0,0.0,1.0,1.0,0.0,0.0,0.0,0.0,0,0
61,0.015339162591163618,-1.814198349120009,legacy67,minmax,0.0,0.0,0.0,1.0,1.0,0.0,0.0,0.0,0.0,0,0
61,0.017073967431528118,-1.7676655513272022,legacy67,minmax,0.0,0.0,0.0,1.0,1.0,0.0,0.0,0.0,0.0,1,1
61,0.017956984225677628,-1.7457665988559055,legacy67,minmax,0.0,0.0,0.0,1.0,1.0,0.0,0.0,0.0,0.0,1,1
61,0.018205657658407252,-1.739793628058882,legacy67,minmax,0.0,0.0,0.0,1.0,1.0,0.0,0.0,0.0,0.0,2,1
61,0.019777828512462715,-1.7038213930636386,legacy67,minmax,0.1428571428571428,0.0,-0.1428571428571428,1.0,1.0,0.0,0.14285714285714285,0.0,-0.14285714285714285,2,1
61,0.01987021538542862,-1.7017974252809167,legacy67,minmax,0.16666666666666674,0.0,-0.16666666666666674,1.0,1.0,0.0,0.16666666666666666,0.0,-0.16666666666666666,2,1
61,0.022592797420156945,-1.646029991792322,legacy67,minmax,0.26190476190476186,0.36761904761904773,0.10571428571428587,1.0,0.9866666666666667,-0.013333333333333308,0.2619047619047619,0.38095238095238093,0.11904761904761901,3,2
61,0.024586032763280048,-1.6093115439744645,legacy67,minmax,0.30952380952380953,0.36761904761904773,0.0580952380952382,1.0,0.9866666666666667,-0.013333333333333308,0.30952380952380953,0.38095238095238093,0.0714285714285714,3,2
61,0.027012557725439066,-1.5684342920267822,legacy67,minmax,0.38095238095238093,0.5447619047619048,0.16380952380952385,1.0,0.9733333333333334,-0.026666666666666616,0.38095238095238093,0.5714285714285714,0.19047619047619047,3,2
61,0.029072088906598435,-1.5365237618994811,legacy67,minmax,0.4761904761904763,0.5447619047619048,0.0685714285714285,1.0,0.9733333333333334,-0.026666666666666616,0.47619047619047616,0.5714285714285714,0.09523809523809523,3,2
61,0.030086868214458433,-1.5216230162467932,legacy67,minmax,0.4761904761904763,0.5447619047619048,0.0685714285714285,1.0,0.9733333333333334,-0.026666666666666616,0.47619047619047616,0.5714285714285714,0.09523809523809523,3,2
61,0.030771802712506853,-1.5118470606208847,legacy67,minmax,0.4761904761904763,0.5447619047619048,0.0685714285714285,1.0,0.9733333333333334,-0.026666666666666616,0.47619047619047616,0.5714285714285714,0.09523809523809523,3,2
61,0.036138942712165265,-1.4420245573918327,legacy67,minmax,0.5104761904761905,0.5685714285714285,0.05809523809523798,0.9866666666666667,0.9733333333333334,-0.013333333333333308,0.5238095238095238,0.5952380952380952,0.0714285714285714,3,3
61,0.03661819220392428,-1.4363031001009494,legacy67,minmax,0.5104761904761905,0.5685714285714285,0.05809523809523798,0.9866666666666667,0.9733333333333334,-0.013333333333333308,0.5238095238095238,0.5952380952380952,0.0714285714285714,3,3
61,0.04207053950287936,-1.3760219186551894,legacy67,minmax,0.5104761904761905,0.5685714285714285,0.05809523809523798,0.9866666666666667,0.9733333333333334,-0.013333333333333308,0.5238095238095238,0.5952380952380952,0.0714285714285714,4,3
61,0.04207988669606635,-1.375925438230254,legacy67,minmax,0.5104761904761905,0.5685714285714285,0.05809523809523798,0.9866666666666667,0.9733333333333334,-0.013333333333333308,0.5238095238095238,0.5952380952380952,0.0714285714285714,4,3
61,0.04809461967501572,-1.3179035052508339,legacy67,minmax,0.5342857142857143,0.5685714285714285,0.03428571428571425,0.9866666666666667,0.9733333333333334,-0.013333333333333308,0.5476190476190477,0.5952380952380952,0.04761904761904756,4,3
61,0.05337032762603955,-1.2727001311715975,legacy67,minmax,0.6057142857142859,0.5685714285714285,-0.037142857142857366,0.9866666666666667,0.9733333333333334,-0.013333333333333308,0.6190476190476191,0.5952380952380952,-0.023809523809523836,4,4
61,0.05415244119402536,-1.2663819605862647,legacy67,minmax,0.6057142857142859,0.5685714285714285,-0.037142857142857366,0.9866666666666667,0.9733333333333334,-0.013333333333333308,0.6190476190476191,0.5952380952380952,-0.023809523809523836,5,4
61,0.05488047000766042,-1.2605821778978918,legacy67,minmax,0.6057142857142859,0.5685714285714285,-0.037142857142857366,0.9866666666666667,0.9733333333333334,-0.013333333333333308,0.6190476190476191,0.5952380952380952,-0.023809523809523836,5,4
61,0.060803901902965994,-1.2160685503234192,legacy67,minmax,0.579047619047619,0.5685714285714285,-0.010476190476190528,0.96,0.9733333333333334,0.01333333333333342,0.6190476190476191,0.5952380952380952,-0.023809523809523836,5,5
61,0.06235377135673155,-1.2051372738633104,legacy67,minmax,0.579047619047619,0.5685714285714285,-0.010476190476190528,0.96,0.9733333333333334,0.01333333333333342,0.6190476190476191,0.5952380952380952,-0.023809523809523836,5,5
61,0.06290644294586147,-1.201304871366561,legacy67,minmax,0.579047619047619,0.6400000000000001,0.06095238095238109,0.96,0.9733333333333334,0.01333333333333342,0.6190476190476191,0.6666666666666666,0.04761904761904756,5,5
61,0.07068974950624601,-1.1506435572868954,legacy67,minmax,0.5895238095238096,0.6819047619047618,0.09238095238095223,0.9466666666666667,0.92,-0.026666666666666616,0.6428571428571429,0.7619047619047619,0.11904761904761896,5,6
61,0.10842262717330158,-0.9648800735999323,legacy67,minmax,0.5895238095238096,0.7057142857142857,0.11619047619047618,0.9466666666666667,0.92,-0.026666666666666616,0.6428571428571429,0.7857142857142857,0.1428571428571428,7,6
61,0.12172958098369964,-0.9146038729044164,legacy67,minmax,0.5895238095238096,0.7295238095238097,0.14000000000000012,0.9466666666666667,0.92,-0.026666666666666616,0.6428571428571429,0.8095238095238095,0.16666666666666663,9,7
61,0.1329652145729951,-0.876261961250477,legacy67,minmax,0.6133333333333333,0.7295238095238097,0.1161904761904764,0.9466666666666667,0.92,-0.026666666666666616,0.6666666666666666,0.8095238095238095,0.1428571428571429,12,7
61,0.14618962793704957,-0.8350834392078323,legacy67,minmax,0.6133333333333333,0.7295238095238097,0.1161904761904764,0.9466666666666667,0.92,-0.026666666666666616,0.6666666666666666,0.8095238095238095,0.1428571428571429,12,7
61,0.14742753159914665,-0.8314214058591274,legacy67,minmax,0.6133333333333333,0.7295238095238097,0.1161904761904764,0.9466666666666667,0.92,-0.026666666666666616,0.6666666666666666,0.8095238095238095,0.1428571428571429,12,7
61,0.16480446427978968,-0.7830310281618491,legacy67,minmax,0.6000000000000001,0.7295238095238097,0.1295238095238096,0.9333333333333333,0.92,-0.013333333333333308,0.6666666666666666,0.8095238095238095,0.1428571428571429,13,7
61,0.16536937182824418,-0.7815449233065173,legacy67,minmax,0.6000000000000001,0.7295238095238097,0.1295238095238096,0.9333333333333333,0.92,-0.013333333333333308,0.6666666666666666,0.8095238095238095,0.1428571428571429,13,7
61,0.1753594952976441,-0.7560707131373512,legacy67,minmax,0.6238095238095238,0.7561904761904761,0.13238095238095227,0.9333333333333333,0.9466666666666667,0.013333333333333308,0.6904761904761905,0.8095238095238095,0.11904761904761907,13,8
61,0.17654048052495064,-0.7531556956423562,legacy67,minmax,0.6238095238095238,0.7561904761904761,0.13238095238095227,0.9333333333333333,0.9466666666666667,0.013333333333333308,0.6904761904761905,0.8095238095238095,0.11904761904761907,13,8
61,0.1998634077852887,-0.6992667118930118,legacy67,minmax,0.6476190476190475,0.78,0.1323809523809525,0.9333333333333333,0.9466666666666667,0.013333333333333308,0.7142857142857143,0.8333333333333334,0.11904761904761907,13,8
61,0.2001342062287997,-0.6986786769469426,legacy67,minmax,0.6476190476190475,0.78,0.1323809523809525,0.9333333333333333,0.9466666666666667,0.013333333333333308,0.7142857142857143,0.8333333333333334,0.11904761904761907,13,8
61,0.21066486017042194,-0.6764079005894033,legacy67,minmax,0.6238095238095238,0.78,0.1561904761904762,0.9333333333333333,0.9466666666666667,0.013333333333333308,0.6904761904761905,0.8333333333333334,0.1428571428571429,13,8
61,0.2673088310781669,-0.5729866932256429,legacy67,minmax,0.6476190476190475,0.7666666666666666,0.11904761904761907,0.9333333333333333,0.9333333333333333,0.0,0.7142857142857143,0.8333333333333334,0.11904761904761907,15,10
61,0.2715581955282939,-0.5661370858229096,legacy67,minmax,0.6238095238095238,0.7666666666666666,0.1428571428571428,0.9333333333333333,0.9333333333333333,0.0,0.6904761904761905,0.8333333333333334,0.1428571428571429,15,11
61,0.292043384718141,-0.5345526268252332,legacy67,minmax,0.6238095238095238,0.7666666666666666,0.1428571428571428,0.9333333333333333,0.9333333333333333,0.0,0.6904761904761905,0.8333333333333334,0.1428571428571429,15,11
61,0.314891164795686,-0.50183952461055,legacy67,minmax,0.6238095238095238,0.7666666666666666,0.1428571428571428,0.9333333333333333,0.9333333333333333,0.0,0.6904761904761905,0.8333333333333334,0.1428571428571429,15,11
61,0.35868164986275475,-0.44529084124207197,legacy67,minmax,0.660952380952381,0.7666666666666666,0.10571428571428565,0.9466666666666667,0.9333333333333333,-0.013333333333333308,0.7142857142857143,0.8333333333333334,0.11904761904761907,15,11
61,0.5130551760589832,-0.2898359265658015,legacy67,minmax,0.6504761904761904,0.7771428571428571,0.1266666666666667,0.96,0.92,-0.039999999999999925,0.6904761904761905,0.8571428571428571,0.16666666666666663,20,11
61,0.5342937261279772,-0.27221992543153695,legacy67,minmax,0.6504761904761904,0.7771428571428571,0.1266666666666667,0.96,0.92,-0.039999999999999925,0.6904761904761905,0.8571428571428571,0.16666666666666663,20,11
61,0.5762487216478598,-0.23939002504159476,legacy67,minmax,0.6504761904761904,0.7771428571428571,0.1266666666666667,0.96,0.92,-0.039999999999999925,0.6904761904761905,0.8571428571428571,0.16666666666666663,22,11
61,0.6672367170464204,-0.17572006313185626,legacy67,minmax,0.6742857142857144,0.7771428571428571,0.10285714285714276,0.96,0.92,-0.039999999999999925,0.7142857142857143,0.8571428571428571,0.1428571428571428,24,11
61,0.7742116473996242,-0.1111402993522028,legacy67,minmax,0.6742857142857144,0.8009523809523809,0.12666666666666648,0.96,0.92,-0.039999999999999925,0.7142857142857143,0.8809523809523809,0.16666666666666663,25,10
61,0.9444574254983555,-0.02481761454243703,legacy67,minmax,0.7114285714285715,0.8009523809523809,0.08952380952380934,0.9733333333333334,0.92,-0.053333333333333344,0.7380952380952381,0.8809523809523809,0.1428571428571428,26,10
61,0.9565499215943818,-0.019292359554919238,legacy67,minmax,0.7114285714285715,0.8009523809523809,0.08952380952380934,0.9733333333333334,0.92,-0.053333333333333344,0.7380952380952381,0.8809523809523809,0.1428571428571428,26,10
61,1.1400863701127315,0.0569377536544464,legacy67,minmax,0.7114285714285715,0.7980952380952382,0.08666666666666667,0.9733333333333334,0.8933333333333333,-0.08000000000000007,0.7380952380952381,0.9047619047619048,0.16666666666666663,26,10
61,1.2030178871154662,0.08027208471124325,legacy67,minmax,0.7114285714285715,0.7980952380952382,0.08666666666666667,0.9733333333333334,0.8933333333333333,-0.08000000000000007,0.7380952380952381,0.9047619047619048,0.16666666666666663,26,10
61,1.2329098365270508,0.0909313175279762,legacy67,minmax,0.7114285714285715,0.7980952380952382,0.08666666666666667,0.9733333333333334,0.8933333333333333,-0.08000000000000007,0.7380952380952381,0.9047619047619048,0.16666666666666663,26,10
61,1.2561043700013554,0.09902572652895136,legacy67,minmax,0.7114285714285715,0.7980952380952382,0.08666666666666667,0.9733333333333334,0.8933333333333333,-0.08000000000000007,0.7380952380952381,0.9047619047619048,0.16666666666666663,26,10
61,1.4817820606039076,0.17078433263299386,legacy67,minmax,0.7114285714285715,0.7980952380952382,0.08666666666666667,0.9733333333333334,0.8933333333333333,-0.08000000000000007,0.7380952380952381,0.9047619047619048,0.16666666666666663,27,10
61,1.5375920235481748,0.1868411173731186,legacy67,minmax,0.7114285714285715,0.7980952380952382,0.08666666666666667,0.9733333333333334,0.8933333333333333,-0.08000000000000007,0.7380952380952381,0.9047619047619048,0.16666666666666663,27,10
61,1.7583640270008503,0.24510879027798493,legacy67,minmax,0.6876190476190476,0.7980952380952382,0.11047619047619062,0.9733333333333334,0.8933333333333333,-0.08000000000000007,0.7142857142857143,0.9047619047619048,0.19047619047619047,28,10
61,2.34238498471129,0.36965827544816987,legacy67,minmax,0.6400000000000001,0.7980952380952382,0.15809523809523807,0.9733333333333334,0.8933333333333333,-0.08000000000000007,0.6666666666666666,0.9047619047619048,0.23809523809523814,30,10
61,2.4637685958997446,0.39159991524434057,legacy67,minmax,0.6400000000000001,0.7980952380952382,0.15809523809523807,0.9733333333333334,0.8933333333333333,-0.08000000000000007,0.6666666666666666,0.9047619047619048,0.23809523809523814,30,10
61,2.4810409748678097,0.3946339367881464,legacy67,minmax,0.6400000000000001,0.7980952380952382,0.15809523809523807,0.9733333333333334,0.8933333333333333,-0.08000000000000007,0.6666666666666666,0.9047619047619048,0.23809523809523814,30,10
61,2.5378155082656626,0.40446004697283516,legacy67,minmax,0.6400000000000001,0.7980952380952382,0.15809523809523807,0.9733333333333334,0.8933333333333333,-0.08000000000000007,0.6666666666666666,0.9047619047619048,0.23809523809523814,30,10
61,2.692646910086177,0.43017940760575346,legacy67,minmax,0.6400000000000001,0.7980952380952382,0.15809523809523807,0.9733333333333334,0.8933333333333333,-0.08000000000000007,0.6666666666666666,0.9047619047619048,0.23809523809523814,30,10
61,2.801635158716258,0.4474115788895179,legacy67,minmax,0.6266666666666665,0.7980952380952382,0.1714285714285717,0.96,0.8933333333333333,-0.06666666666666665,0.6666666666666666,0.9047619047619048,0.23809523809523814,30,10
61,3.113095956122122,0.4931925073102317,legacy67,minmax,0.6266666666666665,0.7980952380952382,0.1714285714285717,0.96,0.8933333333333333,-0.06666666666666665,0.6666666666666666,0.9047619047619048,0.23809523809523814,30,10
61,3.550012525851159,0.5502298854208525,legacy67,minmax,0.6133333333333333,0.7980952380952382,0.1847619047619049,0.9466666666666667,0.8933333333333333,-0.053333333333333344,0.6666666666666666,0.9047619047619048,0.23809523809523814,31,10
61,4.467752817973904,0.6500891374159279,legacy67,minmax,0.6133333333333333,0.7980952380952382,0.1847619047619049,0.9466666666666667,0.8933333333333333,-0.053333333333333344,0.6666666666666666,0.9047619047619048,0.23809523809523814,32,10
61,5.456725485601473,0.7369321060486276,legacy67,minmax,0.6133333333333333,0.7980952380952382,0.1847619047619049,0.9466666666666667,0.8933333333333333,-0.053333333333333344,0.6666666666666666,0.9047619047619048,0.23809523809523814,32,10
61,6.72093005015611,0.8274293753904685,legacy67,minmax,0.6133333333333333,0.7980952380952382,0.1847619047619049,0.9466666666666667,0.8933333333333333,-0.053333333333333344,0.6666666666666666,0.9047619047619048,0.23809523809523814,32,10
61,6.7965780907581514,0.832290311184182,legacy67,minmax,0.6133333333333333,0.7980952380952382,0.1847619047619049,0.9466666666666667,0.8933333333333333,-0.053333333333333344,0.6666666666666666,0.9047619047619048,0.23809523809523814,32,10
61,7.128188058401357,0.85297914889198,legacy67,minmax,0.6133333333333333,0.7980952380952382,0.1847619047619049,0.9466666666666667,0.8933333333333333,-0.053333333333333344,0.6666666666666666,0.9047619047619048,0.23809523809523814,32,10
61,8.241925264876443,0.9160286721639492,legacy67,minmax,0.6133333333333333,0.7980952380952382,0.1847619047619049,0.9466666666666667,0.8933333333333333,-0.053333333333333344,0.6666666666666666,0.9047619047619048,0.23809523809523814,32,10
61,8.287522363768153,0.9184247133522563,legacy67,minmax,0.6133333333333333,0.7980952380952382,0.1847619047619049,0.9466666666666667,0.8933333333333333,-0.053333333333333344,0.6666666666666666,0.9047619047619048,0.23809523809523814,32,10
61,8.471801418819974,0.9279757672456204,legacy67,minmax,0.6133333333333333,0.7980952380952382,0.1847619047619049,0.9466666666666667,0.8933333333333333,-0.053333333333333344,0.6666666666666666,0.9047619047619048,0.23809523809523814,32,10
61,11.044350847124681,1.0431401944675898,legacy67,minmax,0.6133333333333333,0.7980952380952382,0.1847619047619049,0.9466666666666667,0.8933333333333333,-0.053333333333333344,0.6666666666666666,0.9047619047619048,0.23809523809523814,32,11
61,12.130221181165155,1.083868719818244,legacy67,minmax,0.6133333333333333,0.7980952380952382,0.1847619047619049,0.9466666666666667,0.8933333333333333,-0.053333333333333344,0.6666666666666666,0.9047619047619048,0.23809523809523814,32,11
61,12.164139351417056,1.085081386743783,legacy67,minmax,0.6133333333333333,0.7980952380952382,0.1847619047619049,0.9466666666666667,0.8933333333333333,-0.053333333333333344,0.6666666666666666,0.9047619047619048,0.23809523809523814,32,10
61,12.273800987852958,1.0889790771866297,legacy67,minmax,0.6133333333333333,0.7980952380952382,0.1847619047619049,0.9466666666666667,0.8933333333333333,-0.053333333333333344,0.6666666666666666,0.9047619047619048,0.23809523809523814,32,10
61,12.604664585649452,1.1005312934444582,legacy67,minmax,0.6133333333333333,0.7980952380952382,0.1847619047619049,0.9466666666666667,0.8933333333333333,-0.053333333333333344,0.6666666666666666,0.9047619047619048,0.23809523809523814,32,10
61,13.826232179369853,1.1407038455720544,legacy67,minmax,0.6133333333333333,0.7980952380952382,0.1847619047619049,0.9466666666666667,0.8933333333333333,-0.053333333333333344,0.6666666666666666,0.9047619047619048,0.23809523809523814,32,11
61,16.172900811143133,1.2087879230161587,legacy67,minmax,0.6133333333333333,0.7980952380952382,0.1847619047619049,0.9466666666666667,0.8933333333333333,-0.053333333333333344,0.6666666666666666,0.9047619047619048,0.23809523809523814,32,10
61,17.123375973163967,1.2335893924658445,legacy67,minmax,0.6133333333333333,0.7980952380952382,0.1847619047619049,0.9466666666666667,0.8933333333333333,-0.053333333333333344,0.6666666666666666,0.9047619047619048,0.23809523809523814,31,10
61,18.274508859816006,1.2618457138193366,legacy67,minmax,0.6133333333333333,0.7980952380952382,0.1847619047619049,0.9466666666666667,0.8933333333333333,-0.053333333333333344,0.6666666666666666,0.9047619047619048,0.23809523809523814,31,17
61,20.65142557895924,1.3149500366077174,legacy67,minmax,0.6133333333333333,0.7980952380952382,0.1847619047619049,0.9466666666666667,0.8933333333333333,-0.053333333333333344,0.6666666666666666,0.9047619047619048,0.23809523809523814,31,17
61,21.36832907235874,1.329770563201687,legacy67,minmax,0.6133333333333333,0.7980952380952382,0.1847619047619049,0.9466666666666667,0.8933333333333333,-0.053333333333333344,0.6666666666666666,0.9047619047619048,0.23809523809523814,31,17
61,28.340904295147727,1.452413703502374,legacy67,minmax,0.6133333333333333,0.7980952380952382,0.1847619047619049,0.9466666666666667,0.8933333333333333,-0.053333333333333344,0.6666666666666666,0.9047619047619048,0.23809523809523814,33,17
61,29.154431891537524,1.4647045830997407,legacy67,minmax,0.6133333333333333,0.7980952380952382,0.1847619047619049,0.9466666666666667,0.8933333333333333,-0.053333333333333344,0.6666666666666666,0.9047619047619048,0.23809523809523814,33,17
61,35.387588647792384,1.5488509703053062,legacy67,minmax,0.6133333333333333,0.7980952380952382,0.1847619047619049,0.9466666666666667,0.8933333333333333,-0.053333333333333344,0.6666666666666666,0.9047619047619048,0.23809523809523814,33,18
61,37.95853142670639,1.5793094017105953,legacy67,minmax,0.6133333333333333,0.7580952380952382,0.14476190476190487,0.9466666666666667,0.8533333333333334,-0.09333333333333327,0.6666666666666666,0.9047619047619048,0.23809523809523814,33,19
61,43.37920697490936,1.6372816083151283,legacy67,minmax,0.6133333333333333,0.7580952380952382,0.14476190476190487,0.9466666666666667,0.8533333333333334,-0.09333333333333327,0.6666666666666666,0.9047619047619048,0.23809523809523814,33,20
61,48.69640941520897,1.6874969400924673,legacy67,minmax,0.6133333333333333,0.7580952380952382,0.14476190476190487,0.9466666666666667,0.8533333333333334,-0.09333333333333327,0.6666666666666666,0.9047619047619048,0.23809523809523814,33,20
61,57.279044707996185,1.7579957662567565,legacy67,minmax,0.6133333333333333,0.7580952380952382,0.14476190476190487,0.9466666666666667,0.8533333333333334,-0.09333333333333327,0.6666666666666666,0.9047619047619048,0.23809523809523814,33,21
61,62.45139574743064,1.795542149013333,legacy67,minmax,0.6133333333333333,0.7580952380952382,0.14476190476190487,0.9466666666666667,0.8533333333333334,-0.09333333333333327,0.6666666666666666,0.9047619047619048,0.23809523809523814,33,22
61,63.512210106406926,1.8028572256396647,legacy67,minmax,0.6133333333333333,0.7580952380952382,0.14476190476190487,0.9466666666666667,0.8533333333333334,-0.09333333333333327,0.6666666666666666,0.9047619047619048,0.23809523809523814,33,22
61,72.86653737491037,1.8625281322982374,legacy67,minmax,0.6133333333333333,0.7580952380952382,0.14476190476190487,0.9466666666666667,0.8533333333333334,-0.09333333333333327,0.6666666666666666,0.9047619047619048,0.23809523809523814,33,22
61,75.56810141274423,1.8783385110582342,legacy67,minmax,0.6133333333333333,0.7580952380952382,0.14476190476190487,0.9466666666666667,0.8533333333333334,-0.09333333333333327,0.6666666666666666,0.9047619047619048,0.23809523809523814,33,27
61,75.79479953347995,1.8796394086479773,legacy67,minmax,0.6133333333333333,0.7580952380952382,0.14476190476190487,0.9466666666666667,0.8533333333333334,-0.09333333333333327,0.6666666666666666,0.9047619047619048,0.23809523809523814,33,27
61,88.62326508576248,1.9475477464020692,legacy67,minmax,0.6133333333333333,0.7580952380952382,0.14476190476190487,0.9466666666666667,0.8533333333333334,-0.09333333333333327,0.6666666666666666,0.9047619047619048,0.23809523809523814,33,28
62,0.010521761868451128,-1.9779115315055904,legacy67,minmax,0.0,0.0,0.0,1.0,1.0,0.0,0.0,0.0,0.0,0,0
62,0.012087541473056955,-1.9176620228167902,legacy67,minmax,0.0,0.0,0.0,1.0,1.0,0.0,0.0,0.0,0.0,0,0
62,0.01263794633808287,-1.8983234930236192,legacy67,minmax,0.0,0.0,0.0,1.0,1.0,0.0,0.0,0.0,0.0,0,0
62,0.013726318898045865,-1.8624459155391264,legacy67,minmax,0.0,0.0,0.0,1.0,1.0,0.0,0.0,0.0,0.0,0,0
62,0.0151673306880762,-1.8190908443578477,legacy67,minmax,0.0,0.0,0.0,1.0,1.0,0.0,0.0,0.0,0.0,0,0
62,0.015339162591163618,-1.814198349120009,legacy67,minmax,0.0,0.0,0.0,1.0,1.0,0.0,0.0,0.0,0.0,0,0
62,0.017073967431528118,-1.7676655513272022,legacy67,minmax,0.0,0.0,0.0,1.0,1.0,0.0,0.0,0.0,0.0,2,1
62,0.017956984225677628,-1.7457665988559055,legacy67,minmax,0.0,0.0,0.0,1.0,1.0,0.0,0.0,0.0,0.0,2,1
62,0.018205657658407252,-1.739793628058882,legacy67,minmax,0.0,0.0,0.0,1.0,1.0,0.0,0.0,0.0,0.0,2,1
62,0.019777828512462715,-1.7038213930636386,legacy67,minmax,0.0714285714285714,0.0,-0.0714285714285714,1.0,1.0,0.0,0.07142857142857142,0.0,-0.07142857142857142,3,1
62,0.01987021538542862,-1.7017974252809167,legacy67,minmax,0.0714285714285714,0.0,-0.0714285714285714,1.0,1.0,0.0,0.07142857142857142,0.0,-0.07142857142857142,3,1
62,0.022592797420156945,-1.646029991792322,legacy67,minmax,0.23809523809523814,0.4285714285714286,0.19047619047619047,1.0,1.0,0.0,0.23809523809523808,0.42857142857142855,0.19047619047619047,3,1
62,0.024586032763280048,-1.6093115439744645,legacy67,minmax,0.26190476190476186,0.4285714285714286,0.16666666666666674,1.0,1.0,0.0,0.2619047619047619,0.42857142857142855,0.16666666666666663,3,2
62,0.027012557725439066,-1.5684342920267822,legacy67,minmax,0.45238095238095233,0.4285714285714286,-0.023809523809523725,1.0,1.0,0.0,0.4523809523809524,0.42857142857142855,-0.023809523809523836,3,2
62,0.029072088906598435,-1.5365237618994811,legacy67,minmax,0.5,0.4285714285714286,-0.0714285714285714,1.0,1.0,0.0,0.5,0.42857142857142855,-0.07142857142857145,3,2
62,0.030086868214458433,-1.5216230162467932,legacy67,minmax,0.5,0.4285714285714286,-0.0714285714285714,1.0,1.0,0.0,0.5,0.42857142857142855,-0.07142857142857145,3,2
62,0.030771802712506853,-1.5118470606208847,legacy67,minmax,0.5,0.4285714285714286,-0.0714285714285714,1.0,1.0,0.0,0.5,0.42857142857142855,-0.07142857142857145,4,2
62,0.036138942712165265,-1.4420245573918327,legacy67,minmax,0.5,0.4285714285714286,-0.0714285714285714,1.0,1.0,0.0,0.5,0.42857142857142855,-0.07142857142857145,4,3
62,0.03661819220392428,-1.4363031001009494,legacy67,minmax,0.5,0.4285714285714286,-0.0714285714285714,1.0,1.0,0.0,0.5,0.42857142857142855,-0.07142857142857145,4,3
62,0.04207053950287936,-1.3760219186551894,legacy67,minmax,0.5238095238095237,0.5,-0.023809523809523725,1.0,1.0,0.0,0.5238095238095238,0.5,-0.023809523809523836,4,3
62,0.04207988669606635,-1.375925438230254,legacy67,minmax,0.5238095238095237,0.5,-0.023809523809523725,1.0,1.0,0.0,0.5238095238095238,0.5,-0.023809523809523836,4,3
62,0.04809461967501572,-1.3179035052508339,legacy67,minmax,0.5714285714285714,0.5,-0.0714285714285714,1.0,1.0,0.0,0.5714285714285714,0.5,-0.0714285714285714,4,4
62,0.05337032762603955,-1.2727001311715975,legacy67,minmax,0.5447619047619048,0.5238095238095237,-0.020952380952381056,0.9733333333333334,1.0,0.026666666666666616,0.5714285714285714,0.5238095238095238,-0.04761904761904756,4,4
62,0.05415244119402536,-1.2663819605862647,legacy67,minmax,0.5447619047619048,0.5238095238095237,-0.020952380952381056,0.9733333333333334,1.0,0.026666666666666616,0.5714285714285714,0.5238095238095238,-0.04761904761904756,4,4
62,0.05488047000766042,-1.2605821778978918,legacy67,minmax,0.5447619047619048,0.5238095238095237,-0.020952380952381056,0.9733333333333334,1.0,0.026666666666666616,0.5714285714285714,0.5238095238095238,-0.04761904761904756,4,4
62,0.060803901902965994,-1.2160685503234192,legacy67,minmax,0.5180952380952379,0.5476190476190477,0.02952380952380973,0.9466666666666667,1.0,0.053333333333333344,0.5714285714285714,0.5476190476190477,-0.023809523809523725,4,4
62,0.06235377135673155,-1.2051372738633104,legacy67,minmax,0.5180952380952379,0.5476190476190477,0.02952380952380973,0.9466666666666667,1.0,0.053333333333333344,0.5714285714285714,0.5476190476190477,-0.023809523809523725,4,4
62,0.06290644294586147,-1.201304871366561,legacy67,minmax,0.5180952380952379,0.5476190476190477,0.02952380952380973,0.9466666666666667,1.0,0.053333333333333344,0.5714285714285714,0.5476190476190477,-0.023809523809523725,4,4
62,0.07068974950624601,-1.1506435572868954,legacy67,minmax,0.5419047619047619,0.6190476190476191,0.07714285714285718,0.9466666666666667,1.0,0.053333333333333344,0.5952380952380952,0.6190476190476191,0.023809523809523836,5,4
62,0.10842262717330158,-0.9648800735999323,legacy67,minmax,0.5285714285714285,0.7114285714285715,0.18285714285714305,0.9333333333333333,0.9733333333333334,0.040000000000000036,0.5952380952380952,0.7380952380952381,0.1428571428571429,8,6
62,0.12172958098369964,-0.9146038729044164,legacy67,minmax,0.5285714285714285,0.7114285714285715,0.18285714285714305,0.9333333333333333,0.9733333333333334,0.040000000000000036,0.5952380952380952,0.7380952380952381,0.1428571428571429,9,6
62,0.1329652145729951,-0.876261961250477,legacy67,minmax,0.5285714285714285,0.7114285714285715,0.18285714285714305,0.9333333333333333,0.9733333333333334,0.040000000000000036,0.5952380952380952,0.7380952380952381,0.1428571428571429,9,6
62,0.14618962793704957,-0.8350834392078323,legacy67,minmax,0.5285714285714285,0.7114285714285715,0.18285714285714305,0.9333333333333333,0.9733333333333334,0.040000000000000036,0.5952380952380952,0.7380952380952381,0.1428571428571429,10,7
62,0.14742753159914665,-0.8314214058591274,legacy67,minmax,0.5285714285714285,0.7114285714285715,0.18285714285714305,0.9333333333333333,0.9733333333333334,0.040000000000000036,0.5952380952380952,0.7380952380952381,0.1428571428571429,10,7
62,0.16480446427978968,-0.7830310281618491,legacy67,minmax,0.5152380952380953,0.7114285714285715,0.19619047619047625,0.92,0.9733333333333334,0.053333333333333344,0.5952380952380952,0.7380952380952381,0.1428571428571429,11,8
62,0.16536937182824418,-0.7815449233065173,legacy67,minmax,0.5152380952380953,0.7114285714285715,0.19619047619047625,0.92,0.9733333333333334,0.053333333333333344,0.5952380952380952,0.7380952380952381,0.1428571428571429,11,8
62,0.1753594952976441,-0.7560707131373512,legacy67,minmax,0.5285714285714285,0.7114285714285715,0.18285714285714305,0.9333333333333333,0.9733333333333334,0.040000000000000036,0.5952380952380952,0.7380952380952381,0.1428571428571429,12,8
62,0.17654048052495064,-0.7531556956423562,legacy67,minmax,0.5285714285714285,0.7114285714285715,0.18285714285714305,0.9333333333333333,0.9733333333333334,0.040000000000000036,0.5952380952380952,0.7380952380952381,0.1428571428571429,12,8
62,0.1998634077852887,-0.6992667118930118,legacy67,minmax,0.5285714285714285,0.7114285714285715,0.18285714285714305,0.9333333333333333,0.9733333333333334,0.040000000000000036,0.5952380952380952,0.7380952380952381,0.1428571428571429,13,8
62,0.2001342062287997,-0.6986786769469426,legacy67,minmax,0.5285714285714285,0.7114285714285715,0.18285714285714305,0.9333333333333333,0.9733333333333334,0.040000000000000036,0.5952380952380952,0.7380952380952381,0.1428571428571429,13,8
62,0.21066486017042194,-0.6764079005894033,legacy67,minmax,0.5285714285714285,0.7114285714285715,0.18285714285714305,0.9333333333333333,0.9733333333333334,0.040000000000000036,0.5952380952380952,0.7380952380952381,0.1428571428571429,14,8
62,0.2673088310781669,-0.5729866932256429,legacy67,minmax,0.5180952380952379,0.7114285714285715,0.19333333333333358,0.9466666666666667,0.9733333333333334,0.026666666666666727,0.5714285714285714,0.7380952380952381,0.16666666666666674,15,8
62,0.2715581955282939,-0.5661370858229096,legacy67,minmax,0.5180952380952379,0.7114285714285715,0.19333333333333358,0.9466666666666667,0.9733333333333334,0.026666666666666727,0.5714285714285714,0.7380952380952381,0.16666666666666674,15,8
62,0.292043384718141,-0.5345526268252332,legacy67,minmax,0.5180952380952379,0.7114285714285715,0.19333333333333358,0.9466666666666667,0.9733333333333334,0.026666666666666727,0.5714285714285714,0.7380952380952381,0.16666666666666674,15,8
62,0.314891164795686,-0.50183952461055,legacy67,minmax,0.5180952380952379,0.7114285714285715,0.19333333333333358,0.9466666666666667,0.9733333333333334,0.026666666666666727,0.5714285714285714,0.7380952380952381,0.16666666666666674,15,8
62,0.35868164986275475,-0.44529084124207197,legacy67,minmax,0.5180952380952379,0.7114285714285715,0.19333333333333358,0.9466666666666667,0.9733333333333334,0.026666666666666727,0.5714285714285714,0.7380952380952381,0.16666666666666674,17,9
62,0.5130551760589832,-0.2898359265658015,legacy67,minmax,0.5076190476190476,0.7114285714285715,0.20380952380952388,0.96,0.9733333333333334,0.01333333333333342,0.5476190476190477,0.7380952380952381,0.19047619047619047,19,8
62,0.5342937261279772,-0.27221992543153695,legacy67,minmax,0.5076190476190476,0.7114285714285715,0.20380952380952388,0.96,0.9733333333333334,0.01333333333333342,0.5476190476190477,0.7380952380952381,0.19047619047619047,19,8
62,0.5762487216478598,-0.23939002504159476,legacy67,minmax,0.5076190476190476,0.7114285714285715,0.20380952380952388,0.96,0.9733333333333334,0.01333333333333342,0.5476190476190477,0.7380952380952381,0.19047619047619047,21,8
62,0.6672367170464204,-0.17572006313185626,legacy67,minmax,0.5314285714285714,0.7114285714285715,0.18000000000000016,0.96,0.9733333333333334,0.01333333333333342,0.5714285714285714,0.7380952380952381,0.16666666666666674,22,8
62,0.7742116473996242,-0.1111402993522028,legacy67,minmax,0.5047619047619047,0.7114285714285715,0.20666666666666678,0.9333333333333333,0.9733333333333334,0.040000000000000036,0.5714285714285714,0.7380952380952381,0.16666666666666674,22,8
62,0.9444574254983555,-0.02481761454243703,legacy67,minmax,0.5047619047619047,0.7219047619047618,0.21714285714285708,0.9333333333333333,0.96,0.026666666666666616,0.5714285714285714,0.7619047619047619,0.19047619047619047,24,8
62,0.9565499215943818,-0.019292359554919238,legacy67,minmax,0.5047619047619047,0.7219047619047618,0.21714285714285708,0.9333333333333333,0.96,0.026666666666666616,0.5714285714285714,0.7619047619047619,0.19047619047619047,24,8
62,1.1400863701127315,0.0569377536544464,legacy67,minmax,0.5047619047619047,0.7219047619047618,0.21714285714285708,0.9333333333333333,0.96,0.026666666666666616,0.5714285714285714,0.7619047619047619,0.19047619047619047,25,8
62,1.2030178871154662,0.08027208471124325,legacy67,minmax,0.5285714285714285,0.7219047619047618,0.19333333333333336,0.9333333333333333,0.96,0.026666666666666616,0.5952380952380952,0.7619047619047619,0.16666666666666663,25,8
62,1.2329098365270508,0.0909313175279762,legacy67,minmax,0.5285714285714285,0.7219047619047618,0.19333333333333336,0.9333333333333333,0.96,0.026666666666666616,0.5952380952380952,0.7619047619047619,0.16666666666666663,26,8
62,1.2561043700013554,0.09902572652895136,legacy67,minmax,0.5285714285714285,0.7695238095238095,0.24095238095238103,0.9333333333333333,0.96,0.026666666666666616,0.5952380952380952,0.8095238095238095,0.2142857142857143,26,8
62,1.4817820606039076,0.17078433263299386,legacy67,minmax,0.5047619047619047,0.7695238095238095,0.26476190476190475,0.9333333333333333,0.96,0.026666666666666616,0.5714285714285714,0.8095238095238095,0.23809523809523814,26,8
62,1.5375920235481748,0.1868411173731186,legacy67,minmax,0.5285714285714285,0.7695238095238095,0.24095238095238103,0.9333333333333333,0.96,0.026666666666666616,0.5952380952380952,0.8095238095238095,0.2142857142857143,26,8
62,1.7583640270008503,0.24510879027798493,legacy67,minmax,0.5495238095238095,0.7695238095238095,0.21999999999999997,0.9066666666666666,0.96,0.053333333333333344,0.6428571428571429,0.8095238095238095,0.16666666666666663,26,8
62,2.34238498471129,0.36965827544816987,legacy67,minmax,0.56,0.8171428571428572,0.2571428571428571,0.8933333333333333,0.96,0.06666666666666665,0.6666666666666666,0.8571428571428571,0.19047619047619047,27,8
62,2.4637685958997446,0.39159991524434057,legacy67,minmax,0.56,0.8171428571428572,0.2571428571428571,0.8933333333333333,0.96,0.06666666666666665,0.6666666666666666,0.8571428571428571,0.19047619047619047,27,8
62,2.4810409748678097,0.3946339367881464,legacy67,minmax,0.56,0.8171428571428572,0.2571428571428571,0.8933333333333333,0.96,0.06666666666666665,0.6666666666666666,0.8571428571428571,0.19047619047619047,27,8
62,2.5378155082656626,0.40446004697283516,legacy67,minmax,0.56,0.8171428571428572,0.2571428571428571,0.8933333333333333,0.96,0.06666666666666665,0.6666666666666666,0.8571428571428571,0.19047619047619047,28,8
62,2.692646910086177,0.43017940760575346,legacy67,minmax,0.56,0.8171428571428572,0.2571428571428571,0.8933333333333333,0.96,0.06666666666666665,0.6666666666666666,0.8571428571428571,0.19047619047619047,28,8
62,2.801635158716258,0.4474115788895179,legacy67,minmax,0.56,0.8171428571428572,0.2571428571428571,0.8933333333333333,0.96,0.06666666666666665,0.6666666666666666,0.8571428571428571,0.19047619047619047,28,8
62,3.113095956122122,0.4931925073102317,legacy67,minmax,0.56,0.8171428571428572,0.2571428571428571,0.8933333333333333,0.96,0.06666666666666665,0.6666666666666666,0.8571428571428571,0.19047619047619047,28,8
62,3.550012525851159,0.5502298854208525,legacy67,minmax,0.5838095238095238,0.8171428571428572,0.2333333333333334,0.8933333333333333,0.96,0.06666666666666665,0.6904761904761905,0.8571428571428571,0.16666666666666663,28,8
62,4.467752817973904,0.6500891374159279,legacy67,minmax,0.597142857142857,0.8171428571428572,0.2200000000000002,0.9066666666666666,0.96,0.053333333333333344,0.6904761904761905,0.8571428571428571,0.16666666666666663,29,8
62,5.456725485601473,0.7369321060486276,legacy67,minmax,0.597142857142857,0.8171428571428572,0.2200000000000002,0.9066666666666666,0.96,0.053333333333333344,0.6904761904761905,0.8571428571428571,0.16666666666666663,31,8
62,6.72093005015611,0.8274293753904685,legacy67,minmax,0.5733333333333333,0.8171428571428572,0.24380952380952392,0.9066666666666666,0.96,0.053333333333333344,0.6666666666666666,0.8571428571428571,0.19047619047619047,31,8
62,6.7965780907581514,0.832290311184182,legacy67,minmax,0.5733333333333333,0.8171428571428572,0.24380952380952392,0.9066666666666666,0.96,0.053333333333333344,0.6666666666666666,0.8571428571428571,0.19047619047619047,31,8
62,7.128188058401357,0.85297914889198,legacy67,minmax,0.5733333333333333,0.8171428571428572,0.24380952380952392,0.9066666666666666,0.96,0.053333333333333344,0.6666666666666666,0.8571428571428571,0.19047619047619047,31,8
62,8.241925264876443,0.9160286721639492,legacy67,minmax,0.5733333333333333,0.8171428571428572,0.24380952380952392,0.9066666666666666,0.96,0.053333333333333344,0.6666666666666666,0.8571428571428571,0.19047619047619047,31,8
62,8.287522363768153,0.9184247133522563,legacy67,minmax,0.5733333333333333,0.8171428571428572,0.24380952380952392,0.9066666666666666,0.96,0.053333333333333344,0.6666666666666666,0.8571428571428571,0.19047619047619047,31,8
62,8.471801418819974,0.9279757672456204,legacy67,minmax,0.5733333333333333,0.8171428571428572,0.24380952380952392,0.9066666666666666,0.96,0.053333333333333344,0.6666666666666666,0.8571428571428571,0.19047619047619047,31,25
62,11.044350847124681,1.0431401944675898,legacy67,minmax,0.5733333333333333,0.7933333333333334,0.2200000000000002,0.9066666666666666,0.96,0.053333333333333344,0.6666666666666666,0.8333333333333334,0.16666666666666674,32,26
62,12.130221181165155,1.083868719818244,legacy67,minmax,0.5733333333333333,0.7933333333333334,0.2200000000000002,0.9066666666666666,0.96,0.053333333333333344,0.6666666666666666,0.8333333333333334,0.16666666666666674,32,26
62,12.164139351417056,1.085081386743783,legacy67,minmax,0.5733333333333333,0.7933333333333334,0.2200000000000002,0.9066666666666666,0.96,0.053333333333333344,0.6666666666666666,0.8333333333333334,0.16666666666666674,32,26
62,12.273800987852958,1.0889790771866297,legacy67,minmax,0.5733333333333333,0.7933333333333334,0.2200000000000002,0.9066666666666666,0.96,0.053333333333333344,0.6666666666666666,0.8333333333333334,0.16666666666666674,32,26
62,12.604664585649452,1.1005312934444582,legacy67,minmax,0.5733333333333333,0.7933333333333334,0.2200000000000002,0.9066666666666666,0.96,0.053333333333333344,0.6666666666666666,0.8333333333333334,0.16666666666666674,32,26
62,13.826232179369853,1.1407038455720544,legacy67,minmax,0.5733333333333333,0.7933333333333334,0.2200000000000002,0.9066666666666666,0.96,0.053333333333333344,0.6666666666666666,0.8333333333333334,0.16666666666666674,32,26
62,16.172900811143133,1.2087879230161587,legacy67,minmax,0.5733333333333333,0.7933333333333334,0.2200000000000002,0.9066666666666666,0.96,0.053333333333333344,0.6666666666666666,0.8333333333333334,0.16666666666666674,32,27
62,17.123375973163967,1.2335893924658445,legacy67,minmax,0.5733333333333333,0.7933333333333334,0.2200000000000002,0.9066666666666666,0.96,0.053333333333333344,0.6666666666666666,0.8333333333333334,0.16666666666666674,32,27
62,18.274508859816006,1.2618457138193366,legacy67,minmax,0.5733333333333333,0.7933333333333334,0.2200000000000002,0.9066666666666666,0.96,0.053333333333333344,0.6666666666666666,0.8333333333333334,0.16666666666666674,32,27
62,20.65142557895924,1.3149500366077174,legacy67,minmax,0.597142857142857,0.7933333333333334,0.19619047619047647,0.9066666666666666,0.96,0.053333333333333344,0.6904761904761905,0.8333333333333334,0.1428571428571429,33,28
62,21.36832907235874,1.329770563201687,legacy67,minmax,0.597142857142857,0.7933333333333334,0.19619047619047647,0.9066666666666666,0.96,0.053333333333333344,0.6904761904761905,0.8333333333333334,0.1428571428571429,33,28
62,28.340904295147727,1.452413703502374,legacy67,minmax,0.597142857142857,0.7933333333333334,0.19619047619047647,0.9066666666666666,0.96,0.053333333333333344,0.6904761904761905,0.8333333333333334,0.1428571428571429,33,28
62,29.154431891537524,1.4647045830997407,legacy67,minmax,0.597142857142857,0.7933333333333334,0.19619047619047647,0.9066666666666666,0.96,0.053333333333333344,0.6904761904761905,0.8333333333333334,0.1428571428571429,33,28
62,35.387588647792384,1.5488509703053062,legacy67,minmax,0.5733333333333333,0.7933333333333334,0.2200000000000002,0.9066666666666666,0.96,0.053333333333333344,0.6666666666666666,0.8333333333333334,0.16666666666666674,33,28
62,37.95853142670639,1.5793094017105953,legacy67,minmax,0.5733333333333333,0.7933333333333334,0.2200000000000002,0.9066666666666666,0.96,0.053333333333333344,0.6666666666666666,0.8333333333333334,0.16666666666666674,33,28
62,43.37920697490936,1.6372816083151283,legacy67,minmax,0.5733333333333333,0.7933333333333334,0.2200000000000002,0.9066666666666666,0.96,0.053333333333333344,0.6666666666666666,0.8333333333333334,0.16666666666666674,33,28
62,48.69640941520897,1.6874969400924673,legacy67,minmax,0.5733333333333333,0.7933333333333334,0.2200000000000002,0.9066666666666666,0.96,0.053333333333333344,0.6666666666666666,0.8333333333333334,0.16666666666666674,33,28
62,57.279044707996185,1.7579957662567565,legacy67,minmax,0.5733333333333333,0.7933333333333334,0.2200000000000002,0.9066666666666666,0.96,0.053333333333333344,0.6666666666666666,0.8333333333333334,0.16666666666666674,33,28
62,62.45139574743064,1.795542149013333,legacy67,minmax,0.5733333333333333,0.7933333333333334,0.2200000000000002,0.9066666666666666,0.96,0.053333333333333344,0.6666666666666666,0.8333333333333334,0.16666666666666674,33,28
62,63.512210106406926,1.8028572256396647,legacy67,minmax,0.5733333333333333,0.7933333333333334,0.2200000000000002,0.9066666666666666,0.96,0.053333333333333344,0.6666666666666666,0.8333333333333334,0.16666666666666674,33,29
62,72.86653737491037,1.8625281322982374,legacy67,minmax,0.5733333333333333,0.7933333333333334,0.2200000000000002,0.9066666666666666,0.96,0.053333333333333344,0.6666666666666666,0.8333333333333334,0.16666666666666674,33,30
62,75.56810141274423,1.8783385110582342,legacy67,minmax,0.5733333333333333,0.7933333333333334,0.2200000000000002,0.9066666666666666,0.96,0.053333333333333344,0.6666666666666666,0.8333333333333334,0.16666666666666674,33,30
62,75.79479953347995,1.8796394086479773,legacy67,minmax,0.5733333333333333,0.7933333333333334,0.2200000000000002,0.9066666666666666,0.96,0.053333333333333344,0.6666666666666666,0.8333333333333334,0.16666666666666674,33,30
62,88.62326508576248,1.9475477464020692,legacy67,minmax,0.5733333333333333,0.7933333333333334,0.2200000000000002,0.9066666666666666,0.96,0.053333333333333344,0.6666666666666666,0.8333333333333334,0.16666666666666674,33,32
63,0.010521761868451128,-1.9779115315055904,legacy67,minmax,0.0,0.0,0.0,1.0,1.0,0.0,0.0,0.0,0.0,0,0
63,0.012087541473056955,-1.9176620228167902,legacy67,minmax,0.0,0.0,0.0,1.0,1.0,0.0,0.0,0.0,0.0,0,0
63,0.01263794633808287,-1.8983234930236192,legacy67,minmax,0.0,0.0,0.0,1.0,1.0,0.0,0.0,0.0,0.0,0,0
63,0.013726318898045865,-1.8624459155391264,legacy67,minmax,0.0,0.0,0.0,1.0,1.0,0.0,0.0,0.0,0.0,0,0
63,0.0151673306880762,-1.8190908443578477,legacy67,minmax,0.0,0.0,0.0,1.0,1.0,0.0,0.0,0.0,0.0,0,0
63,0.015339162591163618,-1.814198349120009,legacy67,minmax,0.0,0.0,0.0,1.0,1.0,0.0,0.0,0.0,0.0,0,0
63,0.017073967431528118,-1.7676655513272022,legacy67,minmax,0.0,0.0,0.0,1.0,1.0,0.0,0.0,0.0,0.0,2,1
63,0.017956984225677628,-1.7457665988559055,legacy67,minmax,0.0,0.0,0.0,1.0,1.0,0.0,0.0,0.0,0.0,2,1
63,0.018205657658407252,-1.739793628058882,legacy67,minmax,0.0,0.0,0.0,1.0,1.0,0.0,0.0,0.0,0.0,2,1
63,0.019777828512462715,-1.7038213930636386,legacy67,minmax,0.0,0.0,0.0,1.0,1.0,0.0,0.0,0.0,0.0,2,1
63,0.01987021538542862,-1.7017974252809167,legacy67,minmax,0.0,0.0,0.0,1.0,1.0,0.0,0.0,0.0,0.0,2,1
63,0.022592797420156945,-1.646029991792322,legacy67,minmax,0.09523809523809534,0.5,0.40476190476190466,1.0,1.0,0.0,0.09523809523809523,0.5,0.40476190476190477,2,2
63,0.024586032763280048,-1.6093115439744645,legacy67,minmax,0.26190476190476186,0.5,0.23809523809523814,1.0,1.0,0.0,0.2619047619047619,0.5,0.23809523809523808,3,2
63,0.027012557725439066,-1.5684342920267822,legacy67,minmax,0.5,0.5,0.0,1.0,1.0,0.0,0.5,0.5,0.0,3,2
63,0.029072088906598435,-1.5365237618994811,legacy67,minmax,0.5,0.5,0.0,1.0,1.0,0.0,0.5,0.5,0.0,4,2
63,0.030086868214458433,-1.5216230162467932,legacy67,minmax,0.5,0.5,0.0,1.0,1.0,0.0,0.5,0.5,0.0,4,2
63,0.030771802712506853,-1.5118470606208847,legacy67,minmax,0.5,0.5,0.0,1.0,1.0,0.0,0.5,0.5,0.0,4,2
63,0.036138942712165265,-1.4420245573918327,legacy67,minmax,0.5238095238095237,0.5,-0.023809523809523725,1.0,1.0,0.0,0.5238095238095238,0.5,-0.023809523809523836,4,2
63,0.03661819220392428,-1.4363031001009494,legacy67,minmax,0.5238095238095237,0.5,-0.023809523809523725,1.0,1.0,0.0,0.5238095238095238,0.5,-0.023809523809523836,4,3
63,0.04207053950287936,-1.3760219186551894,legacy67,minmax,0.5238095238095237,0.5238095238095237,0.0,1.0,1.0,0.0,0.5238095238095238,0.5238095238095238,0.0,4,3
63,0.04207988669606635,-1.375925438230254,legacy67,minmax,0.5238095238095237,0.5238095238095237,0.0,1.0,1.0,0.0,0.5238095238095238,0.5238095238095238,0.0,4,3
63,0.04809461967501572,-1.3179035052508339,legacy67,minmax,0.5714285714285714,0.5238095238095237,-0.04761904761904767,1.0,1.0,0.0,0.5714285714285714,0.5238095238095238,-0.04761904761904756,5,3
63,0.05337032762603955,-1.2727001311715975,legacy67,minmax,0.6295238095238096,0.5952380952380953,-0.03428571428571425,0.9866666666666667,1.0,0.013333333333333308,0.6428571428571429,0.5952380952380952,-0.04761904761904767,5,3
63,0.05415244119402536,-1.2663819605862647,legacy67,minmax,0.6295238095238096,0.5952380952380953,-0.03428571428571425,0.9866666666666667,1.0,0.013333333333333308,0.6428571428571429,0.5952380952380952,-0.04761904761904767,5,3
63,0.05488047000766042,-1.2605821778978918,legacy67,minmax,0.6295238095238096,0.5952380952380953,-0.03428571428571425,0.9866666666666667,1.0,0.013333333333333308,0.6428571428571429,0.5952380952380952,-0.04761904761904767,5,3
63,0.060803901902965994,-1.2160685503234192,legacy67,minmax,0.5923809523809525,0.5952380952380953,0.0028571428571428914,0.9733333333333334,1.0,0.026666666666666616,0.6190476190476191,0.5952380952380952,-0.023809523809523836,5,3
63,0.06235377135673155,-1.2051372738633104,legacy67,minmax,0.5923809523809525,0.5952380952380953,0.0028571428571428914,0.9733333333333334,1.0,0.026666666666666616,0.6190476190476191,0.5952380952380952,-0.023809523809523836,5,3
63,0.06290644294586147,-1.201304871366561,legacy67,minmax,0.5923809523809525,0.5952380952380953,0.0028571428571428914,0.9733333333333334,1.0,0.026666666666666616,0.6190476190476191,0.5952380952380952,-0.023809523809523836,5,3
63,0.07068974950624601,-1.1506435572868954,legacy67,minmax,0.5923809523809525,0.5952380952380953,0.0028571428571428914,0.9733333333333334,1.0,0.026666666666666616,0.6190476190476191,0.5952380952380952,-0.023809523809523836,6,4
63,0.10842262717330158,-0.9648800735999323,legacy67,minmax,0.6638095238095238,0.8066666666666666,0.1428571428571428,0.9733333333333334,0.9733333333333334,0.0,0.6904761904761905,0.8333333333333334,0.1428571428571429,7,8
63,0.12172958098369964,-0.9146038729044164,legacy67,minmax,0.6638095238095238,0.8066666666666666,0.1428571428571428,0.9733333333333334,0.9733333333333334,0.0,0.6904761904761905,0.8333333333333334,0.1428571428571429,7,8
63,0.1329652145729951,-0.876261961250477,legacy67,minmax,0.6638095238095238,0.8304761904761904,0.16666666666666652,0.9733333333333334,0.9733333333333334,0.0,0.6904761904761905,0.8571428571428571,0.16666666666666663,7,8
63,0.14618962793704957,-0.8350834392078323,legacy67,minmax,0.6876190476190476,0.8438095238095238,0.1561904761904762,0.9733333333333334,0.9866666666666667,0.013333333333333308,0.7142857142857143,0.8571428571428571,0.1428571428571428,9,9
63,0.14742753159914665,-0.8314214058591274,legacy67,minmax,0.6876190476190476,0.8438095238095238,0.1561904761904762,0.9733333333333334,0.9866666666666667,0.013333333333333308,0.7142857142857143,0.8571428571428571,0.1428571428571428,9,9
63,0.16480446427978968,-0.7830310281618491,legacy67,minmax,0.6876190476190476,0.8438095238095238,0.1561904761904762,0.9733333333333334,0.9866666666666667,0.013333333333333308,0.7142857142857143,0.8571428571428571,0.1428571428571428,11,9
63,0.16536937182824418,-0.7815449233065173,legacy67,minmax,0.6876190476190476,0.8438095238095238,0.1561904761904762,0.9733333333333334,0.9866666666666667,0.013333333333333308,0.7142857142857143,0.8571428571428571,0.1428571428571428,11,9
63,0.1753594952976441,-0.7560707131373512,legacy67,minmax,0.6742857142857144,0.8438095238095238,0.1695238095238094,0.96,0.9866666666666667,0.026666666666666727,0.7142857142857143,0.8571428571428571,0.1428571428571428,11,9
63,0.17654048052495064,-0.7531556956423562,legacy67,minmax,0.6742857142857144,0.8438095238095238,0.1695238095238094,0.96,0.9866666666666667,0.026666666666666727,0.7142857142857143,0.8571428571428571,0.1428571428571428,11,9
63,0.1998634077852887,-0.6992667118930118,legacy67,minmax,0.6742857142857144,0.8438095238095238,0.1695238095238094,0.96,0.9866666666666667,0.026666666666666727,0.7142857142857143,0.8571428571428571,0.1428571428571428,11,9
63,0.2001342062287997,-0.6986786769469426,legacy67,minmax,0.6742857142857144,0.8438095238095238,0.1695238095238094,0.96,0.9866666666666667,0.026666666666666727,0.7142857142857143,0.8571428571428571,0.1428571428571428,11,9
63,0.21066486017042194,-0.6764079005894033,legacy67,minmax,0.660952380952381,0.8676190476190477,0.20666666666666678,0.9466666666666667,0.9866666666666667,0.040000000000000036,0.7142857142857143,0.8809523809523809,0.16666666666666663,13,9
63,0.2673088310781669,-0.5729866932256429,legacy67,minmax,0.660952380952381,0.8780952380952383,0.2171428571428573,0.9466666666666667,0.9733333333333334,0.026666666666666727,0.7142857142857143,0.9047619047619048,0.19047619047619047,17,9
63,0.2715581955282939,-0.5661370858229096,legacy67,minmax,0.660952380952381,0.8780952380952383,0.2171428571428573,0.9466666666666667,0.9733333333333334,0.026666666666666727,0.7142857142857143,0.9047619047619048,0.19047619047619047,17,9
63,0.292043384718141,-0.5345526268252332,legacy67,minmax,0.6847619047619049,0.8780952380952383,0.19333333333333336,0.9466666666666667,0.9733333333333334,0.026666666666666727,0.7380952380952381,0.9047619047619048,0.16666666666666663,17,9
63,0.314891164795686,-0.50183952461055,legacy67,minmax,0.6847619047619049,0.8780952380952383,0.19333333333333336,0.9466666666666667,0.9733333333333334,0.026666666666666727,0.7380952380952381,0.9047619047619048,0.16666666666666663,18,9
63,0.35868164986275475,-0.44529084124207197,legacy67,minmax,0.7085714285714286,0.8780952380952383,0.16952380952380963,0.9466666666666667,0.9733333333333334,0.026666666666666727,0.7619047619047619,0.9047619047619048,0.1428571428571429,19,10
63,0.5130551760589832,-0.2898359265658015,legacy67,minmax,0.7085714285714286,0.8780952380952383,0.16952380952380963,0.9466666666666667,0.9733333333333334,0.026666666666666727,0.7619047619047619,0.9047619047619048,0.1428571428571429,21,10
63,0.5342937261279772,-0.27221992543153695,legacy67,minmax,0.7085714285714286,0.8780952380952383,0.16952380952380963,0.9466666666666667,0.9733333333333334,0.026666666666666727,0.7619047619047619,0.9047619047619048,0.1428571428571429,22,10
63,0.5762487216478598,-0.23939002504159476,legacy67,minmax,0.7085714285714286,0.8780952380952383,0.16952380952380963,0.9466666666666667,0.9733333333333334,0.026666666666666727,0.7619047619047619,0.9047619047619048,0.1428571428571429,22,11
63,0.6672367170464204,-0.17572006313185626,legacy67,minmax,0.6952380952380952,0.8885714285714286,0.19333333333333336,0.9333333333333333,0.96,0.026666666666666616,0.7619047619047619,0.9285714285714286,0.16666666666666674,23,10
63,0.7742116473996242,-0.1111402993522028,legacy67,minmax,0.6819047619047618,0.8885714285714286,0.20666666666666678,0.92,0.96,0.039999999999999925,0.7619047619047619,0.9285714285714286,0.16666666666666674,24,10
63,0.9444574254983555,-0.02481761454243703,legacy67,minmax,0.7057142857142857,0.8885714285714286,0.18285714285714283,0.92,0.96,0.039999999999999925,0.7857142857142857,0.9285714285714286,0.1428571428571429,27,10
63,0.9565499215943818,-0.019292359554919238,legacy67,minmax,0.7057142857142857,0.8885714285714286,0.18285714285714283,0.92,0.96,0.039999999999999925,0.7857142857142857,0.9285714285714286,0.1428571428571429,27,10
63,1.1400863701127315,0.0569377536544464,legacy67,minmax,0.7057142857142857,0.8219047619047619,0.11619047619047618,0.92,0.8933333333333333,-0.026666666666666727,0.7857142857142857,0.9285714285714286,0.1428571428571429,29,10
63,1.2030178871154662,0.08027208471124325,legacy67,minmax,0.7057142857142857,0.8219047619047619,0.11619047619047618,0.92,0.8933333333333333,-0.026666666666666727,0.7857142857142857,0.9285714285714286,0.1428571428571429,29,10
63,1.2329098365270508,0.0909313175279762,legacy67,minmax,0.7057142857142857,0.8219047619047619,0.11619047619047618,0.92,0.8933333333333333,-0.026666666666666727,0.7857142857142857,0.9285714285714286,0.1428571428571429,29,10
63,1.2561043700013554,0.09902572652895136,legacy67,minmax,0.7057142857142857,0.8219047619047619,0.11619047619047618,0.92,0.8933333333333333,-0.026666666666666727,0.7857142857142857,0.9285714285714286,0.1428571428571429,29,10
63,1.4817820606039076,0.17078433263299386,legacy67,minmax,0.7533333333333334,0.8219047619047619,0.0685714285714285,0.92,0.8933333333333333,-0.026666666666666727,0.8333333333333334,0.9285714285714286,0.09523809523809523,30,10
63,1.5375920235481748,0.1868411173731186,legacy67,minmax,0.7533333333333334,0.8219047619047619,0.0685714285714285,0.92,0.8933333333333333,-0.026666666666666727,0.8333333333333334,0.9285714285714286,0.09523809523809523,30,10
63,1.7583640270008503,0.24510879027798493,legacy67,minmax,0.74,0.8219047619047619,0.08190476190476192,0.9066666666666666,0.8933333333333333,-0.013333333333333308,0.8333333333333334,0.9285714285714286,0.09523809523809523,30,10
63,2.34238498471129,0.36965827544816987,legacy67,minmax,0.74,0.8219047619047619,0.08190476190476192,0.9066666666666666,0.8933333333333333,-0.013333333333333308,0.8333333333333334,0.9285714285714286,0.09523809523809523,29,10
63,2.4637685958997446,0.39159991524434057,legacy67,minmax,0.74,0.8219047619047619,0.08190476190476192,0.9066666666666666,0.8933333333333333,-0.013333333333333308,0.8333333333333334,0.9285714285714286,0.09523809523809523,28,10
63,2.4810409748678097,0.3946339367881464,legacy67,minmax,0.74,0.8219047619047619,0.08190476190476192,0.9066666666666666,0.8933333333333333,-0.013333333333333308,0.8333333333333334,0.9285714285714286,0.09523809523809523,28,10
63,2.5378155082656626,0.40446004697283516,legacy67,minmax,0.74,0.8219047619047619,0.08190476190476192,0.9066666666666666,0.8933333333333333,-0.013333333333333308,0.8333333333333334,0.9285714285714286,0.09523809523809523,28,10
63,2.692646910086177,0.43017940760575346,legacy67,minmax,0.74,0.8219047619047619,0.08190476190476192,0.9066666666666666,0.8933333333333333,-0.013333333333333308,0.8333333333333334,0.9285714285714286,0.09523809523809523,28,10
63,2.801635158716258,0.4474115788895179,legacy67,minmax,0.74,0.8219047619047619,0.08190476190476192,0.9066666666666666,0.8933333333333333,-0.013333333333333308,0.8333333333333334,0.9285714285714286,0.09523809523809523,28,10
63,3.113095956122122,0.4931925073102317,legacy67,minmax,0.74,0.8219047619047619,0.08190476190476192,0.9066666666666666,0.8933333333333333,-0.013333333333333308,0.8333333333333334,0.9285714285714286,0.09523809523809523,29,10
63,3.550012525851159,0.5502298854208525,legacy67,minmax,0.7266666666666666,0.8219047619047619,0.09523809523809534,0.8933333333333333,0.8933333333333333,0.0,0.8333333333333334,0.9285714285714286,0.09523809523809523,29,10
63,4.467752817973904,0.6500891374159279,legacy67,minmax,0.7266666666666666,0.8219047619047619,0.09523809523809534,0.8933333333333333,0.8933333333333333,0.0,0.8333333333333334,0.9285714285714286,0.09523809523809523,30,10
63,5.456725485601473,0.7369321060486276,legacy67,minmax,0.7266666666666666,0.8219047619047619,0.09523809523809534,0.8933333333333333,0.8933333333333333,0.0,0.8333333333333334,0.9285714285714286,0.09523809523809523,30,11
63,6.72093005015611,0.8274293753904685,legacy67,minmax,0.74,0.8219047619047619,0.08190476190476192,0.9066666666666666,0.8933333333333333,-0.013333333333333308,0.8333333333333334,0.9285714285714286,0.09523809523809523,30,11
63,6.7965780907581514,0.832290311184182,legacy67,minmax,0.74,0.8219047619047619,0.08190476190476192,0.9066666666666666,0.8933333333333333,-0.013333333333333308,0.8333333333333334,0.9285714285714286,0.09523809523809523,30,11
63,7.128188058401357,0.85297914889198,legacy67,minmax,0.74,0.8219047619047619,0.08190476190476192,0.9066666666666666,0.8933333333333333,-0.013333333333333308,0.8333333333333334,0.9285714285714286,0.09523809523809523,30,11
63,8.241925264876443,0.9160286721639492,legacy67,minmax,0.7266666666666666,0.8219047619047619,0.09523809523809534,0.8933333333333333,0.8933333333333333,0.0,0.8333333333333334,0.9285714285714286,0.09523809523809523,31,12
63,8.287522363768153,0.9184247133522563,legacy67,minmax,0.7266666666666666,0.8219047619047619,0.09523809523809534,0.8933333333333333,0.8933333333333333,0.0,0.8333333333333334,0.9285714285714286,0.09523809523809523,31,11
63,8.471801418819974,0.9279757672456204,legacy67,minmax,0.7266666666666666,0.8219047619047619,0.09523809523809534,0.8933333333333333,0.8933333333333333,0.0,0.8333333333333334,0.9285714285714286,0.09523809523809523,31,12
63,11.044350847124681,1.0431401944675898,legacy67,minmax,0.7028571428571428,0.8219047619047619,0.11904761904761907,0.8933333333333333,0.8933333333333333,0.0,0.8095238095238095,0.9285714285714286,0.11904761904761907,33,24
63,12.130221181165155,1.083868719818244,legacy67,minmax,0.7028571428571428,0.8219047619047619,0.11904761904761907,0.8933333333333333,0.8933333333333333,0.0,0.8095238095238095,0.9285714285714286,0.11904761904761907,33,25
63,12.164139351417056,1.085081386743783,legacy67,minmax,0.7028571428571428,0.8219047619047619,0.11904761904761907,0.8933333333333333,0.8933333333333333,0.0,0.8095238095238095,0.9285714285714286,0.11904761904761907,33,25
63,12.273800987852958,1.0889790771866297,legacy67,minmax,0.7028571428571428,0.8219047619047619,0.11904761904761907,0.8933333333333333,0.8933333333333333,0.0,0.8095238095238095,0.9285714285714286,0.11904761904761907,33,25
63,12.604664585649452,1.1005312934444582,legacy67,minmax,0.7028571428571428,0.8352380952380951,0.13238095238095227,0.8933333333333333,0.9066666666666666,0.013333333333333308,0.8095238095238095,0.9285714285714286,0.11904761904761907,33,26
63,13.826232179369853,1.1407038455720544,legacy67,minmax,0.7028571428571428,0.8352380952380951,0.13238095238095227,0.8933333333333333,0.9066666666666666,0.013333333333333308,0.8095238095238095,0.9285714285714286,0.11904761904761907,33,26
63,16.172900811143133,1.2087879230161587,legacy67,minmax,0.7028571428571428,0.8219047619047619,0.11904761904761907,0.8933333333333333,0.8933333333333333,0.0,0.8095238095238095,0.9285714285714286,0.11904761904761907,33,28
63,17.123375973163967,1.2335893924658445,legacy67,minmax,0.7028571428571428,0.8219047619047619,0.11904761904761907,0.8933333333333333,0.8933333333333333,0.0,0.8095238095238095,0.9285714285714286,0.11904761904761907,33,28
63,18.274508859816006,1.2618457138193366,legacy67,minmax,0.7028571428571428,0.8219047619047619,0.11904761904761907,0.8933333333333333,0.8933333333333333,0.0,0.8095238095238095,0.9285714285714286,0.11904761904761907,33,28
63,20.65142557895924,1.3149500366077174,legacy67,minmax,0.7028571428571428,0.8219047619047619,0.11904761904761907,0.8933333333333333,0.8933333333333333,0.0,0.8095238095238095,0.9285714285714286,0.11904761904761907,33,28
63,21.36832907235874,1.329770563201687,legacy67,minmax,0.7028571428571428,0.8219047619047619,0.11904761904761907,0.8933333333333333,0.8933333333333333,0.0,0.8095238095238095,0.9285714285714286,0.11904761904761907,33,28
63,28.340904295147727,1.452413703502374,legacy67,minmax,0.6895238095238096,0.8219047619047619,0.13238095238095227,0.88,0.8933333333333333,0.013333333333333308,0.8095238095238095,0.9285714285714286,0.11904761904761907,33,28
63,29.154431891537524,1.4647045830997407,legacy67,minmax,0.6895238095238096,0.8219047619047619,0.13238095238095227,0.88,0.8933333333333333,0.013333333333333308,0.8095238095238095,0.9285714285714286,0.11904761904761907,33,28
63,35.387588647792384,1.5488509703053062,legacy67,minmax,0.6895238095238096,0.8219047619047619,0.13238095238095227,0.88,0.8933333333333333,0.013333333333333308,0.8095238095238095,0.9285714285714286,0.11904761904761907,33,28
63,37.95853142670639,1.5793094017105953,legacy67,minmax,0.6895238095238096,0.8219047619047619,0.13238095238095227,0.88,0.8933333333333333,0.013333333333333308,0.8095238095238095,0.9285714285714286,0.11904761904761907,33,28
63,43.37920697490936,1.6372816083151283,legacy67,minmax,0.6657142857142857,0.8219047619047619,0.1561904761904762,0.88,0.8933333333333333,0.013333333333333308,0.7857142857142857,0.9285714285714286,0.1428571428571429,33,30
63,48.69640941520897,1.6874969400924673,legacy67,minmax,0.6657142857142857,0.8219047619047619,0.1561904761904762,0.88,0.8933333333333333,0.013333333333333308,0.7857142857142857,0.9285714285714286,0.1428571428571429,33,30
63,57.279044707996185,1.7579957662567565,legacy67,minmax,0.6657142857142857,0.8219047619047619,0.1561904761904762,0.88,0.8933333333333333,0.013333333333333308,0.7857142857142857,0.9285714285714286,0.1428571428571429,33,30
63,62.45139574743064,1.795542149013333,legacy67,minmax,0.6657142857142857,0.8085714285714287,0.14285714285714302,0.88,0.88,0.0,0.7857142857142857,0.9285714285714286,0.1428571428571429,33,30
63,63.512210106406926,1.8028572256396647,legacy67,minmax,0.6657142857142857,0.8085714285714287,0.14285714285714302,0.88,0.88,0.0,0.7857142857142857,0.9285714285714286,0.1428571428571429,33,30
63,72.86653737491037,1.8625281322982374,legacy67,minmax,0.6657142857142857,0.8085714285714287,0.14285714285714302,0.88,0.88,0.0,0.7857142857142857,0.9285714285714286,0.1428571428571429,33,30
63,75.56810141274423,1.8783385110582342,legacy67,minmax,0.6657142857142857,0.8085714285714287,0.14285714285714302,0.88,0.88,0.0,0.7857142857142857,0.9285714285714286,0.1428571428571429,33,31
63,75.79479953347995,1.8796394086479773,legacy67,minmax,0.6657142857142857,0.8085714285714287,0.14285714285714302,0.88,0.88,0.0,0.7857142857142857,0.9285714285714286,0.1428571428571429,33,31
63,88.62326508576248,1.9475477464020692,legacy67,minmax,0.6657142857142857,0.8219047619047619,0.1561904761904762,0.88,0.8933333333333333,0.013333333333333308,0.7857142857142857,0.9285714285714286,0.1428571428571429,33,32
64,0.010521761868451128,-1.9779115315055904,legacy67,minmax,0.0,0.0,0.0,1.0,1.0,0.0,0.0,0.0,0.0,0,0
64,0.012087541473056955,-1.9176620228167902,legacy67,minmax,0.0,0.0,0.0,1.0,1.0,0.0,0.0,0.0,0.0,0,0
64,0.01263794633808287,-1.8983234930236192,legacy67,minmax,0.0,0.0,0.0,1.0,1.0,0.0,0.0,0.0,0.0,0,0
64,0.013726318898045865,-1.8624459155391264,legacy67,minmax,0.0,0.0,0.0,1.0,1.0,0.0,0.0,0.0,0.0,0,0
64,0.0151673306880762,-1.8190908443578477,legacy67,minmax,0.0,0.0,0.0,1.0,1.0,0.0,0.0,0.0,0.0,0,0
64,0.015339162591163618,-1.814198349120009,legacy67,minmax,0.0,0.0,0.0,1.0,1.0,0.0,0.0,0.0,0.0,0,0
64,0.017073967431528118,-1.7676655513272022,legacy67,minmax,0.0,0.0,0.0,1.0,1.0,0.0,0.0,0.0,0.0,1,1
64,0.017956984225677628,-1.7457665988559055,legacy67,minmax,0.0,0.0,0.0,1.0,1.0,0.0,0.0,0.0,0.0,1,1
64,0.018205657658407252,-1.739793628058882,legacy67,minmax,0.0,0.0,0.0,1.0,1.0,0.0,0.0,0.0,0.0,1,1
64,0.019777828512462715,-1.7038213930636386,legacy67,minmax,0.0,0.0,0.0,1.0,1.0,0.0,0.0,0.0,0.0,3,1
64,0.01987021538542862,-1.7017974252809167,legacy67,minmax,0.0,0.0,0.0,1.0,1.0,0.0,0.0,0.0,0.0,3,1
64,0.022592797420156945,-1.646029991792322,legacy67,minmax,0.11904761904761907,0.4733333333333334,0.3542857142857143,1.0,0.9733333333333334,-0.026666666666666616,0.11904761904761904,0.5,0.38095238095238093,3,1
64,0.024586032763280048,-1.6093115439744645,legacy67,minmax,0.26190476190476186,0.4733333333333334,0.21142857142857152,1.0,0.9733333333333334,-0.026666666666666616,0.2619047619047619,0.5,0.23809523809523808,3,1
64,0.027012557725439066,-1.5684342920267822,legacy67,minmax,0.33333333333333326,0.4733333333333334,0.14000000000000012,1.0,0.9733333333333334,-0.026666666666666616,0.3333333333333333,0.5,0.16666666666666669,3,2
64,0.029072088906598435,-1.5365237618994811,legacy67,minmax,0.33333333333333326,0.4733333333333334,0.14000000000000012,1.0,0.9733333333333334,-0.026666666666666616,0.3333333333333333,0.5,0.16666666666666669,3,2
64,0.030086868214458433,-1.5216230162467932,legacy67,minmax,0.33333333333333326,0.4733333333333334,0.14000000000000012,1.0,0.9733333333333334,-0.026666666666666616,0.3333333333333333,0.5,0.16666666666666669,3,2
64,0.030771802712506853,-1.5118470606208847,legacy67,minmax,0.33333333333333326,0.4733333333333334,0.14000000000000012,1.0,0.9733333333333334,-0.026666666666666616,0.3333333333333333,0.5,0.16666666666666669,3,2
64,0.036138942712165265,-1.4420245573918327,legacy67,minmax,0.45238095238095233,0.4733333333333334,0.020952380952381056,1.0,0.9733333333333334,-0.026666666666666616,0.4523809523809524,0.5,0.047619047619047616,3,3
64,0.03661819220392428,-1.4363031001009494,legacy67,minmax,0.45238095238095233,0.4733333333333334,0.020952380952381056,1.0,0.9733333333333334,-0.026666666666666616,0.4523809523809524,0.5,0.047619047619047616,4,3
64,0.04207053950287936,-1.3760219186551894,legacy67,minmax,0.5714285714285714,0.4733333333333334,-0.09809523809523801,1.0,0.9733333333333334,-0.026666666666666616,0.5714285714285714,0.5,-0.0714285714285714,4,4
64,0.04207988669606635,-1.375925438230254,legacy67,minmax,0.5714285714285714,0.4733333333333334,-0.09809523809523801,1.0,0.9733333333333334,-0.026666666666666616,0.5714285714285714,0.5,-0.0714285714285714,4,4
64,0.04809461967501572,-1.3179035052508339,legacy67,minmax,0.558095238095238,0.5923809523809525,0.034285714285714475,0.9866666666666667,0.9733333333333334,-0.013333333333333308,0.5714285714285714,0.6190476190476191,0.04761904761904767,4,4
64,0.05337032762603955,-1.2727001311715975,legacy67,minmax,0.558095238095238,0.5923809523809525,0.034285714285714475,0.9866666666666667,0.9733333333333334,-0.013333333333333308,0.5714285714285714,0.6190476190476191,0.04761904761904767,4,5
64,0.05415244119402536,-1.2663819605862647,legacy67,minmax,0.558095238095238,0.5923809523809525,0.034285714285714475,0.9866666666666667,0.9733333333333334,-0.013333333333333308,0.5714285714285714,0.6190476190476191,0.04761904761904767,4,5
64,0.05488047000766042,-1.2605821778978918,legacy67,minmax,0.558095238095238,0.5923809523809525,0.034285714285714475,0.9866666666666667,0.9733333333333334,-0.013333333333333308,0.5714285714285714,0.6190476190476191,0.04761904761904767,4,5
64,0.060803901902965994,-1.2160685503234192,legacy67,minmax,0.5819047619047619,0.6161904761904764,0.034285714285714475,0.9866666666666667,0.9733333333333334,-0.013333333333333308,0.5952380952380952,0.6428571428571429,0.04761904761904767,5,5
64,0.06235377135673155,-1.2051372738633104,legacy67,minmax,0.5819047619047619,0.6161904761904764,0.034285714285714475,0.9866666666666667,0.9733333333333334,-0.013333333333333308,0.5952380952380952,0.6428571428571429,0.04761904761904767,5,5
64,0.06290644294586147,-1.201304871366561,legacy67,minmax,0.5819047619047619,0.6161904761904764,0.034285714285714475,0.9866666666666667,0.9733333333333334,-0.013333333333333308,0.5952380952380952,0.6428571428571429,0.04761904761904767,6,5
64,0.07068974950624601,-1.1506435572868954,legacy67,minmax,0.5819047619047619,0.6161904761904764,0.034285714285714475,0.9866666666666667,0.9733333333333334,-0.013333333333333308,0.5952380952380952,0.6428571428571429,0.04761904761904767,6,5
64,0.10842262717330158,-0.9648800735999323,legacy67,minmax,0.6057142857142859,0.7114285714285715,0.10571428571428565,0.9866666666666667,0.9733333333333334,-0.013333333333333308,0.6190476190476191,0.7380952380952381,0.11904761904761907,12,8
64,0.12172958098369964,-0.9146038729044164,legacy67,minmax,0.6057142857142859,0.7114285714285715,0.10571428571428565,0.9866666666666667,0.9733333333333334,-0.013333333333333308,0.6190476190476191,0.7380952380952381,0.11904761904761907,12,8
64,0.1329652145729951,-0.876261961250477,legacy67,minmax,0.6057142857142859,0.7114285714285715,0.10571428571428565,0.9866666666666667,0.9733333333333334,-0.013333333333333308,0.6190476190476191,0.7380952380952381,0.11904761904761907,13,8
64,0.14618962793704957,-0.8350834392078323,legacy67,minmax,0.6295238095238096,0.7114285714285715,0.08190476190476192,0.9866666666666667,0.9733333333333334,-0.013333333333333308,0.6428571428571429,0.7380952380952381,0.09523809523809523,14,8
64,0.14742753159914665,-0.8314214058591274,legacy67,minmax,0.6295238095238096,0.7114285714285715,0.08190476190476192,0.9866666666666667,0.9733333333333334,-0.013333333333333308,0.6428571428571429,0.7380952380952381,0.09523809523809523,14,8
64,0.16480446427978968,-0.7830310281618491,legacy67,minmax,0.6057142857142859,0.7114285714285715,0.10571428571428565,0.9866666666666667,0.9733333333333334,-0.013333333333333308,0.6190476190476191,0.7380952380952381,0.11904761904761907,15,8
64,0.16536937182824418,-0.7815449233065173,legacy67,minmax,0.6057142857142859,0.7114285714285715,0.10571428571428565,0.9866666666666667,0.9733333333333334,-0.013333333333333308,0.6190476190476191,0.7380952380952381,0.11904761904761907,15,8
64,0.1753594952976441,-0.7560707131373512,legacy67,minmax,0.6057142857142859,0.7352380952380952,0.12952380952380937,0.9866666666666667,0.9733333333333334,-0.013333333333333308,0.6190476190476191,0.7619047619047619,0.1428571428571428,15,8
64,0.17654048052495064,-0.7531556956423562,legacy67,minmax,0.6057142857142859,0.7352380952380952,0.12952380952380937,0.9866666666666667,0.9733333333333334,-0.013333333333333308,0.6190476190476191,0.7619047619047619,0.1428571428571428,15,8
64,0.1998634077852887,-0.6992667118930118,legacy67,minmax,0.5685714285714285,0.7590476190476192,0.1904761904761907,0.9733333333333334,0.9733333333333334,0.0,0.5952380952380952,0.7857142857142857,0.19047619047619047,15,8
64,0.2001342062287997,-0.6986786769469426,legacy67,minmax,0.5685714285714285,0.7590476190476192,0.1904761904761907,0.9733333333333334,0.9733333333333334,0.0,0.5952380952380952,0.7857142857142857,0.19047619047619047,15,8
64,0.21066486017042194,-0.6764079005894033,legacy67,minmax,0.5685714285714285,0.7590476190476192,0.1904761904761907,0.9733333333333334,0.9733333333333334,0.0,0.5952380952380952,0.7857142857142857,0.19047619047619047,15,8
64,0.2673088310781669,-0.5729866932256429,legacy67,minmax,0.5923809523809525,0.7666666666666666,0.17428571428571416,0.9733333333333334,0.9333333333333333,-0.040000000000000036,0.6190476190476191,0.8333333333333334,0.2142857142857143,16,9
64,0.2715581955282939,-0.5661370858229096,legacy67,minmax,0.6161904761904764,0.7666666666666666,0.1504761904761902,0.9733333333333334,0.9333333333333333,-0.040000000000000036,0.6428571428571429,0.8333333333333334,0.19047619047619047,16,9
64,0.292043384718141,-0.5345526268252332,legacy67,minmax,0.6161904761904764,0.7666666666666666,0.1504761904761902,0.9733333333333334,0.9333333333333333,-0.040000000000000036,0.6428571428571429,0.8333333333333334,0.19047619047619047,17,9
64,0.314891164795686,-0.50183952461055,legacy67,minmax,0.6295238095238096,0.7666666666666666,0.137142857142857,0.9866666666666667,0.9333333333333333,-0.053333333333333344,0.6428571428571429,0.8333333333333334,0.19047619047619047,17,9
64,0.35868164986275475,-0.44529084124207197,legacy67,minmax,0.6428571428571428,0.7666666666666666,0.12380952380952381,1.0,0.9333333333333333,-0.06666666666666665,0.6428571428571429,0.8333333333333334,0.19047619047619047,18,9
64,0.5130551760589832,-0.2898359265658015,legacy67,minmax,0.677142857142857,0.7666666666666666,0.08952380952380956,0.9866666666666667,0.9333333333333333,-0.053333333333333344,0.6904761904761905,0.8333333333333334,0.1428571428571429,20,8
64,0.5342937261279772,-0.27221992543153695,legacy67,minmax,0.677142857142857,0.7666666666666666,0.08952380952380956,0.9866666666666667,0.9333333333333333,-0.053333333333333344,0.6904761904761905,0.8333333333333334,0.1428571428571429,21,8
64,0.5762487216478598,-0.23939002504159476,legacy67,minmax,0.677142857142857,0.7666666666666666,0.08952380952380956,0.9866666666666667,0.9333333333333333,-0.053333333333333344,0.6904761904761905,0.8333333333333334,0.1428571428571429,21,8
64,0.6672367170464204,-0.17572006313185626,legacy67,minmax,0.677142857142857,0.7666666666666666,0.08952380952380956,0.9866666666666667,0.9333333333333333,-0.053333333333333344,0.6904761904761905,0.8333333333333334,0.1428571428571429,22,8
64,0.7742116473996242,-0.1111402993522028,legacy67,minmax,0.6904761904761905,0.7666666666666666,0.07619047619047614,1.0,0.9333333333333333,-0.06666666666666665,0.6904761904761905,0.8333333333333334,0.1428571428571429,22,8
64,0.9444574254983555,-0.02481761454243703,legacy67,minmax,0.7142857142857144,0.7904761904761903,0.07619047619047592,1.0,0.9333333333333333,-0.06666666666666665,0.7142857142857143,0.8571428571428571,0.1428571428571428,23,8
64,0.9565499215943818,-0.019292359554919238,legacy67,minmax,0.7142857142857144,0.7904761904761903,0.07619047619047592,1.0,0.9333333333333333,-0.06666666666666665,0.7142857142857143,0.8571428571428571,0.1428571428571428,24,8
64,1.1400863701127315,0.0569377536544464,legacy67,minmax,0.6428571428571428,0.7904761904761903,0.14761904761904754,1.0,0.9333333333333333,-0.06666666666666665,0.6428571428571429,0.8571428571428571,0.2142857142857142,24,8
64,1.2030178871154662,0.08027208471124325,legacy67,minmax,0.6428571428571428,0.7904761904761903,0.14761904761904754,1.0,0.9333333333333333,-0.06666666666666665,0.6428571428571429,0.8571428571428571,0.2142857142857142,24,8
64,1.2329098365270508,0.0909313175279762,legacy67,minmax,0.6428571428571428,0.7904761904761903,0.14761904761904754,1.0,0.9333333333333333,-0.06666666666666665,0.6428571428571429,0.8571428571428571,0.2142857142857142,24,8
64,1.2561043700013554,0.09902572652895136,legacy67,minmax,0.6428571428571428,0.7904761904761903,0.14761904761904754,1.0,0.9333333333333333,-0.06666666666666665,0.6428571428571429,0.8571428571428571,0.2142857142857142,24,8
64,1.4817820606039076,0.17078433263299386,legacy67,minmax,0.6533333333333333,0.7904761904761903,0.137142857142857,0.9866666666666667,0.9333333333333333,-0.053333333333333344,0.6666666666666666,0.8571428571428571,0.19047619047619047,25,8
64,1.5375920235481748,0.1868411173731186,legacy67,minmax,0.677142857142857,0.7904761904761903,0.11333333333333329,0.9866666666666667,0.9333333333333333,-0.053333333333333344,0.6904761904761905,0.8571428571428571,0.16666666666666663,25,8
64,1.7583640270008503,0.24510879027798493,legacy67,minmax,0.6400000000000001,0.7904761904761903,0.1504761904761902,0.9733333333333334,0.9333333333333333,-0.040000000000000036,0.6666666666666666,0.8571428571428571,0.19047619047619047,26,8
64,2.34238498471129,0.36965827544816987,legacy67,minmax,0.6266666666666665,0.7904761904761903,0.16380952380952385,0.96,0.9333333333333333,-0.026666666666666616,0.6666666666666666,0.8571428571428571,0.19047619047619047,26,8
64,2.4637685958997446,0.39159991524434057,legacy67,minmax,0.6504761904761904,0.7904761904761903,0.1399999999999999,0.96,0.9333333333333333,-0.026666666666666616,0.6904761904761905,0.8571428571428571,0.16666666666666663,26,8
64,2.4810409748678097,0.3946339367881464,legacy67,minmax,0.6504761904761904,0.7904761904761903,0.1399999999999999,0.96,0.9333333333333333,-0.026666666666666616,0.6904761904761905,0.8571428571428571,0.16666666666666663,26,8
64,2.5378155082656626,0.40446004697283516,legacy67,minmax,0.6504761904761904,0.7904761904761903,0.1399999999999999,0.96,0.9333333333333333,-0.026666666666666616,0.6904761904761905,0.8571428571428571,0.16666666666666663,26,8
64,2.692646910086177,0.43017940760575346,legacy67,minmax,0.6504761904761904,0.7904761904761903,0.1399999999999999,0.96,0.9333333333333333,-0.026666666666666616,0.6904761904761905,0.8571428571428571,0.16666666666666663,26,8
64,2.801635158716258,0.4474115788895179,legacy67,minmax,0.637142857142857,0.7904761904761903,0.15333333333333332,0.9466666666666667,0.9333333333333333,-0.013333333333333308,0.6904761904761905,0.8571428571428571,0.16666666666666663,26,8
64,3.113095956122122,0.4931925073102317,legacy67,minmax,0.637142857142857,0.7904761904761903,0.15333333333333332,0.9466666666666667,0.9333333333333333,-0.013333333333333308,0.6904761904761905,0.8571428571428571,0.16666666666666663,26,8
64,3.550012525851159,0.5502298854208525,legacy67,minmax,0.637142857142857,0.7904761904761903,0.15333333333333332,0.9466666666666667,0.9333333333333333,-0.013333333333333308,0.6904761904761905,0.8571428571428571,0.16666666666666663,28,8
64,4.467752817973904,0.6500891374159279,legacy67,minmax,0.6742857142857144,0.7904761904761903,0.11619047619047596,0.96,0.9333333333333333,-0.026666666666666616,0.7142857142857143,0.8571428571428571,0.1428571428571428,29,8
64,5.456725485601473,0.7369321060486276,legacy67,minmax,0.6742857142857144,0.7904761904761903,0.11619047619047596,0.96,0.9333333333333333,-0.026666666666666616,0.7142857142857143,0.8571428571428571,0.1428571428571428,28,8
64,6.72093005015611,0.8274293753904685,legacy67,minmax,0.6504761904761904,0.7904761904761903,0.1399999999999999,0.96,0.9333333333333333,-0.026666666666666616,0.6904761904761905,0.8571428571428571,0.16666666666666663,28,8
64,6.7965780907581514,0.832290311184182,legacy67,minmax,0.6504761904761904,0.7904761904761903,0.1399999999999999,0.96,0.9333333333333333,-0.026666666666666616,0.6904761904761905,0.8571428571428571,0.16666666666666663,28,8
64,7.128188058401357,0.85297914889198,legacy67,minmax,0.6504761904761904,0.7904761904761903,0.1399999999999999,0.96,0.9333333333333333,-0.026666666666666616,0.6904761904761905,0.8571428571428571,0.16666666666666663,29,8
64,8.241925264876443,0.9160286721639492,legacy67,minmax,0.6504761904761904,0.7904761904761903,0.1399999999999999,0.96,0.9333333333333333,-0.026666666666666616,0.6904761904761905,0.8571428571428571,0.16666666666666663,29,27
64,8.287522363768153,0.9184247133522563,legacy67,minmax,0.6504761904761904,0.7904761904761903,0.1399999999999999,0.96,0.9333333333333333,-0.026666666666666616,0.6904761904761905,0.8571428571428571,0.16666666666666663,29,27
64,8.471801418819974,0.9279757672456204,legacy67,minmax,0.6504761904761904,0.7904761904761903,0.1399999999999999,0.96,0.9333333333333333,-0.026666666666666616,0.6904761904761905,0.8571428571428571,0.16666666666666663,29,27
64,11.044350847124681,1.0431401944675898,legacy67,minmax,0.6504761904761904,0.7904761904761903,0.1399999999999999,0.96,0.9333333333333333,-0.026666666666666616,0.6904761904761905,0.8571428571428571,0.16666666666666663,31,27
64,12.130221181165155,1.083868719818244,legacy67,minmax,0.6504761904761904,0.7904761904761903,0.1399999999999999,0.96,0.9333333333333333,-0.026666666666666616,0.6904761904761905,0.8571428571428571,0.16666666666666663,31,27
64,12.164139351417056,1.085081386743783,legacy67,minmax,0.6504761904761904,0.7904761904761903,0.1399999999999999,0.96,0.9333333333333333,-0.026666666666666616,0.6904761904761905,0.8571428571428571,0.16666666666666663,31,27
64,12.273800987852958,1.0889790771866297,legacy67,minmax,0.6504761904761904,0.7904761904761903,0.1399999999999999,0.96,0.9333333333333333,-0.026666666666666616,0.6904761904761905,0.8571428571428571,0.16666666666666663,31,27
64,12.604664585649452,1.1005312934444582,legacy67,minmax,0.6504761904761904,0.7904761904761903,0.1399999999999999,0.96,0.9333333333333333,-0.026666666666666616,0.6904761904761905,0.8571428571428571,0.16666666666666663,31,27
64,13.826232179369853,1.1407038455720544,legacy67,minmax,0.6504761904761904,0.7904761904761903,0.1399999999999999,0.96,0.9333333333333333,-0.026666666666666616,0.6904761904761905,0.8571428571428571,0.16666666666666663,31,27
64,16.172900811143133,1.2087879230161587,legacy67,minmax,0.6133333333333333,0.7904761904761903,0.17714285714285705,0.9466666666666667,0.9333333333333333,-0.013333333333333308,0.6666666666666666,0.8571428571428571,0.19047619047619047,31,27
64,17.123375973163967,1.2335893924658445,legacy67,minmax,0.6133333333333333,0.7904761904761903,0.17714285714285705,0.9466666666666667,0.9333333333333333,-0.013333333333333308,0.6666666666666666,0.8571428571428571,0.19047619047619047,31,27
64,18.274508859816006,1.2618457138193366,legacy67,minmax,0.6133333333333333,0.7904761904761903,0.17714285714285705,0.9466666666666667,0.9333333333333333,-0.013333333333333308,0.6666666666666666,0.8571428571428571,0.19047619047619047,30,27
64,20.65142557895924,1.3149500366077174,legacy67,minmax,0.6133333333333333,0.7904761904761903,0.17714285714285705,0.9466666666666667,0.9333333333333333,-0.013333333333333308,0.6666666666666666,0.8571428571428571,0.19047619047619047,29,27
64,21.36832907235874,1.329770563201687,legacy67,minmax,0.637142857142857,0.7904761904761903,0.15333333333333332,0.9466666666666667,0.9333333333333333,-0.013333333333333308,0.6904761904761905,0.8571428571428571,0.16666666666666663,30,27
64,28.340904295147727,1.452413703502374,legacy67,minmax,0.6133333333333333,0.7904761904761903,0.17714285714285705,0.9466666666666667,0.9333333333333333,-0.013333333333333308,0.6666666666666666,0.8571428571428571,0.19047619047619047,32,27
64,29.154431891537524,1.4647045830997407,legacy67,minmax,0.6133333333333333,0.7904761904761903,0.17714285714285705,0.9466666666666667,0.9333333333333333,-0.013333333333333308,0.6666666666666666,0.8571428571428571,0.19047619047619047,32,27
64,35.387588647792384,1.5488509703053062,legacy67,minmax,0.6133333333333333,0.7904761904761903,0.17714285714285705,0.9466666666666667,0.9333333333333333,-0.013333333333333308,0.6666666666666666,0.8571428571428571,0.19047619047619047,33,28
64,37.95853142670639,1.5793094017105953,legacy67,minmax,0.6133333333333333,0.7904761904761903,0.17714285714285705,0.9466666666666667,0.9333333333333333,-0.013333333333333308,0.6666666666666666,0.8571428571428571,0.19047619047619047,33,28
64,43.37920697490936,1.6372816083151283,legacy67,minmax,0.6000000000000001,0.7904761904761903,0.19047619047619024,0.9333333333333333,0.9333333333333333,0.0,0.6666666666666666,0.8571428571428571,0.19047619047619047,33,28
64,48.69640941520897,1.6874969400924673,legacy67,minmax,0.6000000000000001,0.7904761904761903,0.19047619047619024,0.9333333333333333,0.9333333333333333,0.0,0.6666666666666666,0.8571428571428571,0.19047619047619047,33,28
64,57.279044707996185,1.7579957662567565,legacy67,minmax,0.6238095238095238,0.7904761904761903,0.16666666666666652,0.9333333333333333,0.9333333333333333,0.0,0.6904761904761905,0.8571428571428571,0.16666666666666663,33,28
64,62.45139574743064,1.795542149013333,legacy67,minmax,0.6238095238095238,0.7904761904761903,0.16666666666666652,0.9333333333333333,0.9333333333333333,0.0,0.6904761904761905,0.8571428571428571,0.16666666666666663,33,28
64,63.512210106406926,1.8028572256396647,legacy67,minmax,0.6238095238095238,0.7904761904761903,0.16666666666666652,0.9333333333333333,0.9333333333333333,0.0,0.6904761904761905,0.8571428571428571,0.16666666666666663,33,28
64,72.86653737491037,1.8625281322982374,legacy67,minmax,0.6238095238095238,0.7904761904761903,0.16666666666666652,0.9333333333333333,0.9333333333333333,0.0,0.6904761904761905,0.8571428571428571,0.16666666666666663,33,28
64,75.56810141274423,1.8783385110582342,legacy67,minmax,0.6238095238095238,0.7904761904761903,0.16666666666666652,0.9333333333333333,0.9333333333333333,0.0,0.6904761904761905,0.8571428571428571,0.16666666666666663,33,28
64,75.79479953347995,1.8796394086479773,legacy67,minmax,0.6238095238095238,0.7904761904761903,0.16666666666666652,0.9333333333333333,0.9333333333333333,0.0,0.6904761904761905,0.8571428571428571,0.16666666666666663,33,28
64,88.62326508576248,1.9475477464020692,legacy67,minmax,0.6238095238095238,0.7904761904761903,0.16666666666666652,0.9333333333333333,0.9333333333333333,0.0,0.6904761904761905,0.8571428571428571,0.16666666666666663,33,29
65,0.010521761868451128,-1.9779115315055904,legacy67,minmax,0.0,0.0,0.0,1.0,1.0,0.0,0.0,0.0,0.0,0,0
65,0.012087541473056955,-1.9176620228167902,legacy67,minmax,0.0,0.0,0.0,1.0,1.0,0.0,0.0,0.0,0.0,0,0
65,0.01263794633808287,-1.8983234930236192,legacy67,minmax,0.0,0.0,0.0,1.0,1.0,0.0,0.0,0.0,0.0,0,0
65,0.013726318898045865,-1.8624459155391264,legacy67,minmax,0.0,0.0,0.0,1.0,1.0,0.0,0.0,0.0,0.0,0,0
65,0.0151673306880762,-1.8190908443578477,legacy67,minmax,0.0,0.0,0.0,1.0,1.0,0.0,0.0,0.0,0.0,0,0
65,0.015339162591163618,-1.814198349120009,legacy67,minmax,0.0,0.0,0.0,1.0,1.0,0.0,0.0,0.0,0.0,0,0
65,0.017073967431528118,-1.7676655513272022,legacy67,minmax,0.0,0.0,0.0,1.0,1.0,0.0,0.0,0.0,0.0,0,0
65,0.017956984225677628,-1.7457665988559055,legacy67,minmax,0.0,0.0,0.0,1.0,1.0,0.0,0.0,0.0,0.0,0,0
65,0.018205657658407252,-1.739793628058882,legacy67,minmax,0.0,0.0,0.0,1.0,1.0,0.0,0.0,0.0,0.0,1,0
65,0.019777828512462715,-1.7038213930636386,legacy67,minmax,0.0,0.0,0.0,1.0,1.0,0.0,0.0,0.0,0.0,2,1
65,0.01987021538542862,-1.7017974252809167,legacy67,minmax,0.0,0.0,0.0,1.0,1.0,0.0,0.0,0.0,0.0,2,1
65,0.022592797420156945,-1.646029991792322,legacy67,minmax,0.0714285714285714,0.0,-0.0714285714285714,1.0,1.0,0.0,0.07142857142857142,0.0,-0.07142857142857142,3,1
65,0.024586032763280048,-1.6093115439744645,legacy67,minmax,0.30952380952380953,0.6400000000000001,0.3304761904761906,1.0,0.9733333333333334,-0.026666666666666616,0.30952380952380953,0.6666666666666666,0.3571428571428571,3,1
65,0.027012557725439066,-1.5684342920267822,legacy67,minmax,0.3571428571428572,0.6400000000000001,0.2828571428571429,1.0,0.9733333333333334,-0.026666666666666616,0.35714285714285715,0.6666666666666666,0.3095238095238095,3,3
65,0.029072088906598435,-1.5365237618994811,legacy67,minmax,0.40476190476190466,0.6400000000000001,0.23523809523809547,1.0,0.9733333333333334,-0.026666666666666616,0.40476190476190477,0.6666666666666666,0.26190476190476186,3,3
65,0.030086868214458433,-1.5216230162467932,legacy67,minmax,0.40476190476190466,0.6400000000000001,0.23523809523809547,1.0,0.9733333333333334,-0.026666666666666616,0.40476190476190477,0.6666666666666666,0.26190476190476186,3,3
65,0.030771802712506853,-1.5118470606208847,legacy67,minmax,0.4285714285714286,0.6400000000000001,0.21142857142857152,1.0,0.9733333333333334,-0.026666666666666616,0.42857142857142855,0.6666666666666666,0.23809523809523808,3,3
65,0.036138942712165265,-1.4420245573918327,legacy67,minmax,0.5952380952380953,0.6400000000000001,0.04476190476190478,1.0,0.9733333333333334,-0.026666666666666616,0.5952380952380952,0.6666666666666666,0.0714285714285714,3,3
65,0.03661819220392428,-1.4363031001009494,legacy67,minmax,0.5952380952380953,0.6400000000000001,0.04476190476190478,1.0,0.9733333333333334,-0.026666666666666616,0.5952380952380952,0.6666666666666666,0.0714285714285714,3,3
65,0.04207053950287936,-1.3760219186551894,legacy67,minmax,0.6295238095238096,0.7114285714285715,0.08190476190476192,0.9866666666666667,0.9733333333333334,-0.013333333333333308,0.6428571428571429,0.7380952380952381,0.09523809523809523,3,3
65,0.04207988669606635,-1.375925438230254,legacy67,minmax,0.6295238095238096,0.7114285714285715,0.08190476190476192,0.9866666666666667,0.9733333333333334,-0.013333333333333308,0.6428571428571429,0.7380952380952381,0.09523809523809523,3,3
65,0.04809461967501572,-1.3179035052508339,legacy67,minmax,0.7723809523809524,0.7114285714285715,-0.06095238095238087,0.9866666666666667,0.9733333333333334,-0.013333333333333308,0.7857142857142857,0.7380952380952381,-0.04761904761904756,3,3
65,0.05337032762603955,-1.2727001311715975,legacy67,minmax,0.7723809523809524,0.7114285714285715,-0.06095238095238087,0.9866666666666667,0.9733333333333334,-0.013333333333333308,0.7857142857142857,0.7380952380952381,-0.04761904761904756,4,5
65,0.05415244119402536,-1.2663819605862647,legacy67,minmax,0.7723809523809524,0.7114285714285715,-0.06095238095238087,0.9866666666666667,0.9733333333333334,-0.013333333333333308,0.7857142857142857,0.7380952380952381,-0.04761904761904756,4,5
65,0.05488047000766042,-1.2605821778978918,legacy67,minmax,0.7723809523809524,0.7114285714285715,-0.06095238095238087,0.9866666666666667,0.9733333333333334,-0.013333333333333308,0.7857142857142857,0.7380952380952381,-0.04761904761904756,4,5
65,0.060803901902965994,-1.2160685503234192,legacy67,minmax,0.7723809523809524,0.7590476190476192,-0.013333333333333197,0.9866666666666667,0.9733333333333334,-0.013333333333333308,0.7857142857142857,0.7857142857142857,0.0,5,7
65,0.06235377135673155,-1.2051372738633104,legacy67,minmax,0.7723809523809524,0.7590476190476192,-0.013333333333333197,0.9866666666666667,0.9733333333333334,-0.013333333333333308,0.7857142857142857,0.7857142857142857,0.0,5,7
65,0.06290644294586147,-1.201304871366561,legacy67,minmax,0.7723809523809524,0.7590476190476192,-0.013333333333333197,0.9866666666666667,0.9733333333333334,-0.013333333333333308,0.7857142857142857,0.7857142857142857,0.0,5,7
65,0.07068974950624601,-1.1506435572868954,legacy67,minmax,0.7723809523809524,0.7590476190476192,-0.013333333333333197,0.9866666666666667,0.9733333333333334,-0.013333333333333308,0.7857142857142857,0.7857142857142857,0.0,6,7
65,0.10842262717330158,-0.9648800735999323,legacy67,minmax,0.8066666666666666,0.8304761904761904,0.023809523809523725,0.9733333333333334,0.9733333333333334,0.0,0.8333333333333334,0.8571428571428571,0.023809523809523725,8,9
65,0.12172958098369964,-0.9146038729044164,legacy67,minmax,0.8066666666666666,0.8542857142857143,0.04761904761904767,0.9733333333333334,0.9733333333333334,0.0,0.8333333333333334,0.8809523809523809,0.04761904761904756,8,9
65,0.1329652145729951,-0.876261961250477,legacy67,minmax,0.8304761904761904,0.8780952380952383,0.047619047619047894,0.9733333333333334,0.9733333333333334,0.0,0.8571428571428571,0.9047619047619048,0.04761904761904767,9,9
65,0.14618962793704957,-0.8350834392078323,legacy67,minmax,0.8304761904761904,0.8780952380952383,0.047619047619047894,0.9733333333333334,0.9733333333333334,0.0,0.8571428571428571,0.9047619047619048,0.04761904761904767,10,9
65,0.14742753159914665,-0.8314214058591274,legacy67,minmax,0.8304761904761904,0.8780952380952383,0.047619047619047894,0.9733333333333334,0.9733333333333334,0.0,0.8571428571428571,0.9047619047619048,0.04761904761904767,10,9
65,0.16480446427978968,-0.7830310281618491,legacy67,minmax,0.8066666666666666,0.8780952380952383,0.07142857142857162,0.9733333333333334,0.9733333333333334,0.0,0.8333333333333334,0.9047619047619048,0.0714285714285714,12,9
65,0.16536937182824418,-0.7815449233065173,legacy67,minmax,0.8066666666666666,0.8780952380952383,0.07142857142857162,0.9733333333333334,0.9733333333333334,0.0,0.8333333333333334,0.9047619047619048,0.0714285714285714,12,9
65,0.1753594952976441,-0.7560707131373512,legacy67,minmax,0.8066666666666666,0.8514285714285714,0.04476190476190478,0.9733333333333334,0.9466666666666667,-0.026666666666666727,0.8333333333333334,0.9047619047619048,0.0714285714285714,13,9
65,0.17654048052495064,-0.7531556956423562,legacy67,minmax,0.8066666666666666,0.8514285714285714,0.04476190476190478,0.9733333333333334,0.9466666666666667,-0.026666666666666727,0.8333333333333334,0.9047619047619048,0.0714285714285714,13,9
65,0.1998634077852887,-0.6992667118930118,legacy67,minmax,0.8066666666666666,0.8514285714285714,0.04476190476190478,0.9733333333333334,0.9466666666666667,-0.026666666666666727,0.8333333333333334,0.9047619047619048,0.0714285714285714,13,9
65,0.2001342062287997,-0.6986786769469426,legacy67,minmax,0.8066666666666666,0.8514285714285714,0.04476190476190478,0.9733333333333334,0.9466666666666667,-0.026666666666666727,0.8333333333333334,0.9047619047619048,0.0714285714285714,13,9
65,0.21066486017042194,-0.6764079005894033,legacy67,minmax,0.8066666666666666,0.8514285714285714,0.04476190476190478,0.9733333333333334,0.9466666666666667,-0.026666666666666727,0.8333333333333334,0.9047619047619048,0.0714285714285714,14,9
65,0.2673088310781669,-0.5729866932256429,legacy67,minmax,0.8304761904761904,0.8514285714285714,0.020952380952381056,0.9733333333333334,0.9466666666666667,-0.026666666666666727,0.8571428571428571,0.9047619047619048,0.04761904761904767,15,9
65,0.2715581955282939,-0.5661370858229096,legacy67,minmax,0.8304761904761904,0.8514285714285714,0.020952380952381056,0.9733333333333334,0.9466666666666667,-0.026666666666666727,0.8571428571428571,0.9047619047619048,0.04761904761904767,15,9
65,0.292043384718141,-0.5345526268252332,legacy67,minmax,0.8304761904761904,0.8514285714285714,0.020952380952381056,0.9733333333333334,0.9466666666666667,-0.026666666666666727,0.8571428571428571,0.9047619047619048,0.04761904761904767,16,9
65,0.314891164795686,-0.50183952461055,legacy67,minmax,0.8304761904761904,0.8514285714285714,0.020952380952381056,0.9733333333333334,0.9466666666666667,-0.026666666666666727,0.8571428571428571,0.9047619047619048,0.04761904761904767,17,9
65,0.35868164986275475,-0.44529084124207197,legacy67,minmax,0.8304761904761904,0.8514285714285714,0.020952380952381056,0.9733333333333334,0.9466666666666667,-0.026666666666666727,0.8571428571428571,0.9047619047619048,0.04761904761904767,18,9
65,0.5130551760589832,-0.2898359265658015,legacy67,minmax,0.8333333333333335,0.8514285714285714,0.018095238095237942,1.0,0.9466666666666667,-0.053333333333333344,0.8333333333333334,0.9047619047619048,0.0714285714285714,21,10
65,0.5342937261279772,-0.27221992543153695,legacy67,minmax,0.8333333333333335,0.8380952380952382,0.004761904761904745,1.0,0.9333333333333333,-0.06666666666666665,0.8333333333333334,0.9047619047619048,0.0714285714285714,21,10
65,0.5762487216478598,-0.23939002504159476,legacy67,minmax,0.8333333333333335,0.8380952380952382,0.004761904761904745,1.0,0.9333333333333333,-0.06666666666666665,0.8333333333333334,0.9047619047619048,0.0714285714285714,21,10
65,0.6672367170464204,-0.17572006313185626,legacy67,minmax,0.8095238095238095,0.861904761904762,0.05238095238095242,1.0,0.9333333333333333,-0.06666666666666665,0.8095238095238095,0.9285714285714286,0.11904761904761907,22,10
65,0.7742116473996242,-0.1111402993522028,legacy67,minmax,0.8095238095238095,0.8857142857142857,0.07619047619047614,1.0,0.9333333333333333,-0.06666666666666665,0.8095238095238095,0.9523809523809523,0.1428571428571428,22,10
65,0.9444574254983555,-0.02481761454243703,legacy67,minmax,0.7828571428571429,0.8857142857142857,0.10285714285714276,0.9733333333333334,0.9333333333333333,-0.040000000000000036,0.8095238095238095,0.9523809523809523,0.1428571428571428,23,10
65,0.9565499215943818,-0.019292359554919238,legacy67,minmax,0.7828571428571429,0.8857142857142857,0.10285714285714276,0.9733333333333334,0.9333333333333333,-0.040000000000000036,0.8095238095238095,0.9523809523809523,0.1428571428571428,23,10
65,1.1400863701127315,0.0569377536544464,legacy67,minmax,0.7828571428571429,0.8857142857142857,0.10285714285714276,0.9733333333333334,0.9333333333333333,-0.040000000000000036,0.8095238095238095,0.9523809523809523,0.1428571428571428,23,10
65,1.2030178871154662,0.08027208471124325,legacy67,minmax,0.7828571428571429,0.8857142857142857,0.10285714285714276,0.9733333333333334,0.9333333333333333,-0.040000000000000036,0.8095238095238095,0.9523809523809523,0.1428571428571428,24,10
65,1.2329098365270508,0.0909313175279762,legacy67,minmax,0.7828571428571429,0.8857142857142857,0.10285714285714276,0.9733333333333334,0.9333333333333333,-0.040000000000000036,0.8095238095238095,0.9523809523809523,0.1428571428571428,24,10
65,1.2561043700013554,0.09902572652895136,legacy67,minmax,0.7828571428571429,0.8857142857142857,0.10285714285714276,0.9733333333333334,0.9333333333333333,-0.040000000000000036,0.8095238095238095,0.9523809523809523,0.1428571428571428,24,10
65,1.4817820606039076,0.17078433263299386,legacy67,minmax,0.7828571428571429,0.8857142857142857,0.10285714285714276,0.9733333333333334,0.9333333333333333,-0.040000000000000036,0.8095238095238095,0.9523809523809523,0.1428571428571428,24,10
65,1.5375920235481748,0.1868411173731186,legacy67,minmax,0.7828571428571429,0.8857142857142857,0.10285714285714276,0.9733333333333334,0.9333333333333333,-0.040000000000000036,0.8095238095238095,0.9523809523809523,0.1428571428571428,24,10
65,1.7583640270008503,0.24510879027798493,legacy67,minmax,0.7590476190476192,0.8857142857142857,0.12666666666666648,0.9733333333333334,0.9333333333333333,-0.040000000000000036,0.7857142857142857,0.9523809523809523,0.16666666666666663,25,10
65,2.34238498471129,0.36965827544816987,legacy67,minmax,0.7828571428571429,0.8857142857142857,0.10285714285714276,0.9733333333333334,0.9333333333333333,-0.040000000000000036,0.8095238095238095,0.9523809523809523,0.1428571428571428,28,10
65,2.4637685958997446,0.39159991524434057,legacy67,minmax,0.7828571428571429,0.8857142857142857,0.10285714285714276,0.9733333333333334,0.9333333333333333,-0.040000000000000036,0.8095238095238095,0.9523809523809523,0.1428571428571428,29,10
65,2.4810409748678097,0.3946339367881464,legacy67,minmax,0.7828571428571429,0.8857142857142857,0.10285714285714276,0.9733333333333334,0.9333333333333333,-0.040000000000000036,0.8095238095238095,0.9523809523809523,0.1428571428571428,29,10
65,2.5378155082656626,0.40446004697283516,legacy67,minmax,0.7828571428571429,0.8857142857142857,0.10285714285714276,0.9733333333333334,0.9333333333333333,-0.040000000000000036,0.8095238095238095,0.9523809523809523,0.1428571428571428,29,10
65,2.692646910086177,0.43017940760575346,legacy67,minmax,0.7828571428571429,0.8857142857142857,0.10285714285714276,0.9733333333333334,0.9333333333333333,-0.040000000000000036,0.8095238095238095,0.9523809523809523,0.1428571428571428,30,10
65,2.801635158716258,0.4474115788895179,legacy67,minmax,0.7457142857142856,0.8857142857142857,0.14000000000000012,0.96,0.9333333333333333,-0.026666666666666616,0.7857142857142857,0.9523809523809523,0.16666666666666663,30,10
65,3.113095956122122,0.4931925073102317,legacy67,minmax,0.7323809523809524,0.8857142857142857,0.15333333333333332,0.9466666666666667,0.9333333333333333,-0.013333333333333308,0.7857142857142857,0.9523809523809523,0.16666666666666663,30,10
65,3.550012525851159,0.5502298854208525,legacy67,minmax,0.7190476190476192,0.8857142857142857,0.16666666666666652,0.9333333333333333,0.9333333333333333,0.0,0.7857142857142857,0.9523809523809523,0.16666666666666663,31,10
65,4.467752817973904,0.6500891374159279,legacy67,minmax,0.7190476190476192,0.8857142857142857,0.16666666666666652,0.9333333333333333,0.9333333333333333,0.0,0.7857142857142857,0.9523809523809523,0.16666666666666663,31,10
65,5.456725485601473,0.7369321060486276,legacy67,minmax,0.6952380952380952,0.8857142857142857,0.19047619047619047,0.9333333333333333,0.9333333333333333,0.0,0.7619047619047619,0.9523809523809523,0.19047619047619047,29,10
65,6.72093005015611,0.8274293753904685,legacy67,minmax,0.6952380952380952,0.8857142857142857,0.19047619047619047,0.9333333333333333,0.9333333333333333,0.0,0.7619047619047619,0.9523809523809523,0.19047619047619047,30,10
65,6.7965780907581514,0.832290311184182,legacy67,minmax,0.6952380952380952,0.8857142857142857,0.19047619047619047,0.9333333333333333,0.9333333333333333,0.0,0.7619047619047619,0.9523809523809523,0.19047619047619047,30,10
65,7.128188058401357,0.85297914889198,legacy67,minmax,0.6952380952380952,0.8857142857142857,0.19047619047619047,0.9333333333333333,0.9333333333333333,0.0,0.7619047619047619,0.9523809523809523,0.19047619047619047,30,10
65,8.241925264876443,0.9160286721639492,legacy67,minmax,0.6952380952380952,0.8857142857142857,0.19047619047619047,0.9333333333333333,0.9333333333333333,0.0,0.7619047619047619,0.9523809523809523,0.19047619047619047,31,10
65,8.287522363768153,0.9184247133522563,legacy67,minmax,0.6952380952380952,0.8857142857142857,0.19047619047619047,0.9333333333333333,0.9333333333333333,0.0,0.7619047619047619,0.9523809523809523,0.19047619047619047,31,10
65,8.471801418819974,0.9279757672456204,legacy67,minmax,0.6952380952380952,0.8857142857142857,0.19047619047619047,0.9333333333333333,0.9333333333333333,0.0,0.7619047619047619,0.9523809523809523,0.19047619047619047,31,10
65,11.044350847124681,1.0431401944675898,legacy67,minmax,0.6952380952380952,0.8857142857142857,0.19047619047619047,0.9333333333333333,0.9333333333333333,0.0,0.7619047619047619,0.9523809523809523,0.19047619047619047,32,24
65,12.130221181165155,1.083868719818244,legacy67,minmax,0.6952380952380952,0.8857142857142857,0.19047619047619047,0.9333333333333333,0.9333333333333333,0.0,0.7619047619047619,0.9523809523809523,0.19047619047619047,32,24
65,12.164139351417056,1.085081386743783,legacy67,minmax,0.6952380952380952,0.8857142857142857,0.19047619047619047,0.9333333333333333,0.9333333333333333,0.0,0.7619047619047619,0.9523809523809523,0.19047619047619047,32,24
65,12.273800987852958,1.0889790771866297,legacy67,minmax,0.6952380952380952,0.8857142857142857,0.19047619047619047,0.9333333333333333,0.9333333333333333,0.0,0.7619047619047619,0.9523809523809523,0.19047619047619047,32,24
65,12.604664585649452,1.1005312934444582,legacy67,minmax,0.6952380952380952,0.8857142857142857,0.19047619047619047,0.9333333333333333,0.9333333333333333,0.0,0.7619047619047619,0.9523809523809523,0.19047619047619047,32,24
65,13.826232179369853,1.1407038455720544,legacy67,minmax,0.6952380952380952,0.8857142857142857,0.19047619047619047,0.9333333333333333,0.9333333333333333,0.0,0.7619047619047619,0.9523809523809523,0.19047619047619047,32,24
65,16.172900811143133,1.2087879230161587,legacy67,minmax,0.6952380952380952,0.8857142857142857,0.19047619047619047,0.9333333333333333,0.9333333333333333,0.0,0.7619047619047619,0.9523809523809523,0.19047619047619047,32,24
65,17.123375973163967,1.2335893924658445,legacy67,minmax,0.6952380952380952,0.8857142857142857,0.19047619047619047,0.9333333333333333,0.9333333333333333,0.0,0.7619047619047619,0.9523809523809523,0.19047619047619047,32,24
65,18.274508859816006,1.2618457138193366,legacy67,minmax,0.6952380952380952,0.8857142857142857,0.19047619047619047,0.9333333333333333,0.9333333333333333,0.0,0.7619047619047619,0.9523809523809523,0.19047619047619047,31,24
65,20.65142557895924,1.3149500366077174,legacy67,minmax,0.6952380952380952,0.8857142857142857,0.19047619047619047,0.9333333333333333,0.9333333333333333,0.0,0.7619047619047619,0.9523809523809523,0.19047619047619047,31,24
65,21.36832907235874,1.329770563201687,legacy67,minmax,0.6952380952380952,0.8857142857142857,0.19047619047619047,0.9333333333333333,0.9333333333333333,0.0,0.7619047619047619,0.9523809523809523,0.19047619047619047,31,24
65,28.340904295147727,1.452413703502374,legacy67,minmax,0.6819047619047618,0.8857142857142857,0.20380952380952388,0.92,0.9333333333333333,0.013333333333333308,0.7619047619047619,0.9523809523809523,0.19047619047619047,32,24
65,29.154431891537524,1.4647045830997407,legacy67,minmax,0.6819047619047618,0.8857142857142857,0.20380952380952388,0.92,0.9333333333333333,0.013333333333333308,0.7619047619047619,0.9523809523809523,0.19047619047619047,33,24
65,35.387588647792384,1.5488509703053062,legacy67,minmax,0.6819047619047618,0.8857142857142857,0.20380952380952388,0.92,0.9333333333333333,0.013333333333333308,0.7619047619047619,0.9523809523809523,0.19047619047619047,33,24
65,37.95853142670639,1.5793094017105953,legacy67,minmax,0.6819047619047618,0.8857142857142857,0.20380952380952388,0.92,0.9333333333333333,0.013333333333333308,0.7619047619047619,0.9523809523809523,0.19047619047619047,33,25
65,43.37920697490936,1.6372816083151283,legacy67,minmax,0.6819047619047618,0.8857142857142857,0.20380952380952388,0.92,0.9333333333333333,0.013333333333333308,0.7619047619047619,0.9523809523809523,0.19047619047619047,33,25
65,48.69640941520897,1.6874969400924673,legacy67,minmax,0.6819047619047618,0.8857142857142857,0.20380952380952388,0.92,0.9333333333333333,0.013333333333333308,0.7619047619047619,0.9523809523809523,0.19047619047619047,33,26
65,57.279044707996185,1.7579957662567565,legacy67,minmax,0.6819047619047618,0.8857142857142857,0.20380952380952388,0.92,0.9333333333333333,0.013333333333333308,0.7619047619047619,0.9523809523809523,0.19047619047619047,33,26
65,62.45139574743064,1.795542149013333,legacy67,minmax,0.6819047619047618,0.8857142857142857,0.20380952380952388,0.92,0.9333333333333333,0.013333333333333308,0.7619047619047619,0.9523809523809523,0.19047619047619047,33,26
65,63.512210106406926,1.8028572256396647,legacy67,minmax,0.6819047619047618,0.8857142857142857,0.20380952380952388,0.92,0.9333333333333333,0.013333333333333308,0.7619047619047619,0.9523809523809523,0.19047619047619047,33,26
65,72.86653737491037,1.8625281322982374,legacy67,minmax,0.6819047619047618,0.8857142857142857,0.20380952380952388,0.92,0.9333333333333333,0.013333333333333308,0.7619047619047619,0.9523809523809523,0.19047619047619047,33,26
65,75.56810141274423,1.8783385110582342,legacy67,minmax,0.6819047619047618,0.8857142857142857,0.20380952380952388,0.92,0.9333333333333333,0.013333333333333308,0.7619047619047619,0.9523809523809523,0.19047619047619047,33,26
65,75.79479953347995,1.8796394086479773,legacy67,minmax,0.6819047619047618,0.8857142857142857,0.20380952380952388,0.92,0.9333333333333333,0.013333333333333308,0.7619047619047619,0.9523809523809523,0.19047619047619047,33,26
65,88.62326508576248,1.9475477464020692,legacy67,minmax,0.6819047619047618,0.8857142857142857,0.20380952380952388,0.92,0.9333333333333333,0.013333333333333308,0.7619047619047619,0.9523809523809523,0.19047619047619047,33,27
66,0.010521761868451128,-1.9779115315055904,legacy67,minmax,0.0,0.0,0.0,1.0,1.0,0.0,0.0,0.0,0.0,0,0
66,0.012087541473056955,-1.9176620228167902,legacy67,minmax,0.0,0.0,0.0,1.0,1.0,0.0,0.0,0.0,0.0,0,0
66,0.01263794633808287,-1.8983234930236192,legacy67,minmax,0.0,0.0,0.0,1.0,1.0,0.0,0.0,0.0,0.0,0,0
66,0.013726318898045865,-1.8624459155391264,legacy67,minmax,0.0,0.0,0.0,1.0,1.0,0.0,0.0,0.0,0.0,0,0
66,0.0151673306880762,-1.8190908443578477,legacy67,minmax,0.0,0.0,0.0,1.0,1.0,0.0,0.0,0.0,0.0,0,0
66,0.015339162591163618,-1.814198349120009,legacy67,minmax,0.0,0.0,0.0,1.0,1.0,0.0,0.0,0.0,0.0,0,0
66,0.017073967431528118,-1.7676655513272022,legacy67,minmax,0.0,0.0,0.0,1.0,1.0,0.0,0.0,0.0,0.0,0,0
66,0.017956984225677628,-1.7457665988559055,legacy67,minmax,0.0,0.0,0.0,1.0,1.0,0.0,0.0,0.0,0.0,2,1
66,0.018205657658407252,-1.739793628058882,legacy67,minmax,0.0,0.0,0.0,1.0,1.0,0.0,0.0,0.0,0.0,2,1
66,0.019777828512462715,-1.7038213930636386,legacy67,minmax,0.0,0.0,0.0,1.0,1.0,0.0,0.0,0.0,0.0,3,1
66,0.01987021538542862,-1.7017974252809167,legacy67,minmax,0.0,0.0,0.0,1.0,1.0,0.0,0.0,0.0,0.0,3,1
66,0.022592797420156945,-1.646029991792322,legacy67,minmax,0.0714285714285714,0.5238095238095237,0.45238095238095233,1.0,1.0,0.0,0.07142857142857142,0.5238095238095238,0.45238095238095244,3,1
66,0.024586032763280048,-1.6093115439744645,legacy67,minmax,0.2142857142857142,0.5238095238095237,0.30952380952380953,1.0,1.0,0.0,0.21428571428571427,0.5238095238095238,0.30952380952380953,4,2
66,0.027012557725439066,-1.5684342920267822,legacy67,minmax,0.30952380952380953,0.5238095238095237,0.2142857142857142,1.0,1.0,0.0,0.30952380952380953,0.5238095238095238,0.2142857142857143,4,2
66,0.029072088906598435,-1.5365237618994811,legacy67,minmax,0.45238095238095233,0.5238095238095237,0.0714285714285714,1.0,1.0,0.0,0.4523809523809524,0.5238095238095238,0.07142857142857145,4,2
66,0.030086868214458433,-1.5216230162467932,legacy67,minmax,0.5238095238095237,0.5238095238095237,0.0,1.0,1.0,0.0,0.5238095238095238,0.5238095238095238,0.0,4,2
66,0.030771802712506853,-1.5118470606208847,legacy67,minmax,0.5238095238095237,0.5238095238095237,0.0,1.0,1.0,0.0,0.5238095238095238,0.5238095238095238,0.0,4,2
66,0.036138942712165265,-1.4420245573918327,legacy67,minmax,0.5476190476190477,0.5238095238095237,-0.023809523809523947,1.0,1.0,0.0,0.5476190476190477,0.5238095238095238,-0.023809523809523836,4,2
66,0.03661819220392428,-1.4363031001009494,legacy67,minmax,0.5476190476190477,0.5238095238095237,-0.023809523809523947,1.0,1.0,0.0,0.5476190476190477,0.5238095238095238,-0.023809523809523836,4,2
66,0.04207053950287936,-1.3760219186551894,legacy67,minmax,0.5714285714285714,0.5238095238095237,-0.04761904761904767,1.0,1.0,0.0,0.5714285714285714,0.5238095238095238,-0.04761904761904756,5,2
66,0.04207988669606635,-1.375925438230254,legacy67,minmax,0.5714285714285714,0.5238095238095237,-0.04761904761904767,1.0,1.0,0.0,0.5714285714285714,0.5238095238095238,-0.04761904761904756,5,2
66,0.04809461967501572,-1.3179035052508339,legacy67,minmax,0.5952380952380953,0.5238095238095237,-0.07142857142857162,1.0,1.0,0.0,0.5952380952380952,0.5238095238095238,-0.0714285714285714,5,2
66,0.05337032762603955,-1.2727001311715975,legacy67,minmax,0.6428571428571428,0.6666666666666665,0.023809523809523725,1.0,1.0,0.0,0.6428571428571429,0.6666666666666666,0.023809523809523725,5,3
66,0.05415244119402536,-1.2663819605862647,legacy67,minmax,0.6428571428571428,0.6666666666666665,0.023809523809523725,1.0,1.0,0.0,0.6428571428571429,0.6666666666666666,0.023809523809523725,5,3
66,0.05488047000766042,-1.2605821778978918,legacy67,minmax,0.6428571428571428,0.6666666666666665,0.023809523809523725,1.0,1.0,0.0,0.6428571428571429,0.6666666666666666,0.023809523809523725,5,3
66,0.060803901902965994,-1.2160685503234192,legacy67,minmax,0.6428571428571428,0.6666666666666665,0.023809523809523725,1.0,1.0,0.0,0.6428571428571429,0.6666666666666666,0.023809523809523725,5,4
66,0.06235377135673155,-1.2051372738633104,legacy67,minmax,0.6428571428571428,0.6666666666666665,0.023809523809523725,1.0,1.0,0.0,0.6428571428571429,0.6666666666666666,0.023809523809523725,5,4
66,0.06290644294586147,-1.201304871366561,legacy67,minmax,0.6428571428571428,0.6666666666666665,0.023809523809523725,1.0,1.0,0.0,0.6428571428571429,0.6666666666666666,0.023809523809523725,5,4
66,0.07068974950624601,-1.1506435572868954,legacy67,minmax,0.6428571428571428,0.6666666666666665,0.023809523809523725,1.0,1.0,0.0,0.6428571428571429,0.6666666666666666,0.023809523809523725,6,6
66,0.10842262717330158,-0.9648800735999323,legacy67,minmax,0.7142857142857144,0.7619047619047619,0.04761904761904745,1.0,1.0,0.0,0.7142857142857143,0.7619047619047619,0.04761904761904756,9,9
66,0.12172958098369964,-0.9146038729044164,legacy67,minmax,0.7142857142857144,0.7619047619047619,0.04761904761904745,1.0,1.0,0.0,0.7142857142857143,0.7619047619047619,0.04761904761904756,10,8
66,0.1329652145729951,-0.876261961250477,legacy67,minmax,0.7142857142857144,0.7619047619047619,0.04761904761904745,1.0,1.0,0.0,0.7142857142857143,0.7619047619047619,0.04761904761904756,11,8
66,0.14618962793704957,-0.8350834392078323,legacy67,minmax,0.7142857142857144,0.7857142857142856,0.07142857142857117,1.0,1.0,0.0,0.7142857142857143,0.7857142857142857,0.0714285714285714,11,8
66,0.14742753159914665,-0.8314214058591274,legacy67,minmax,0.7142857142857144,0.7857142857142856,0.07142857142857117,1.0,1.0,0.0,0.7142857142857143,0.7857142857142857,0.0714285714285714,11,8
66,0.16480446427978968,-0.7830310281618491,legacy67,minmax,0.7619047619047619,0.8095238095238095,0.04761904761904767,1.0,1.0,0.0,0.7619047619047619,0.8095238095238095,0.04761904761904767,14,8
66,0.16536937182824418,-0.7815449233065173,legacy67,minmax,0.7619047619047619,0.8095238095238095,0.04761904761904767,1.0,1.0,0.0,0.7619047619047619,0.8095238095238095,0.04761904761904767,14,8
66,0.1753594952976441,-0.7560707131373512,legacy67,minmax,0.7619047619047619,0.8095238095238095,0.04761904761904767,1.0,1.0,0.0,0.7619047619047619,0.8095238095238095,0.04761904761904767,15,8
66,0.17654048052495064,-0.7531556956423562,legacy67,minmax,0.7619047619047619,0.8095238095238095,0.04761904761904767,1.0,1.0,0.0,0.7619047619047619,0.8095238095238095,0.04761904761904767,15,8
66,0.1998634077852887,-0.6992667118930118,legacy67,minmax,0.7619047619047619,0.8095238095238095,0.04761904761904767,1.0,1.0,0.0,0.7619047619047619,0.8095238095238095,0.04761904761904767,15,9
66,0.2001342062287997,-0.6986786769469426,legacy67,minmax,0.7619047619047619,0.8095238095238095,0.04761904761904767,1.0,1.0,0.0,0.7619047619047619,0.8095238095238095,0.04761904761904767,15,9
66,0.21066486017042194,-0.6764079005894033,legacy67,minmax,0.7619047619047619,0.8095238095238095,0.04761904761904767,1.0,1.0,0.0,0.7619047619047619,0.8095238095238095,0.04761904761904767,16,10
66,0.2673088310781669,-0.5729866932256429,legacy67,minmax,0.7380952380952381,0.8095238095238095,0.0714285714285714,1.0,1.0,0.0,0.7380952380952381,0.8095238095238095,0.0714285714285714,17,10
66,0.2715581955282939,-0.5661370858229096,legacy67,minmax,0.7142857142857144,0.8095238095238095,0.09523809523809512,1.0,1.0,0.0,0.7142857142857143,0.8095238095238095,0.09523809523809523,17,10
66,0.292043384718141,-0.5345526268252332,legacy67,minmax,0.7142857142857144,0.8095238095238095,0.09523809523809512,1.0,1.0,0.0,0.7142857142857143,0.8095238095238095,0.09523809523809523,18,10
66,0.314891164795686,-0.50183952461055,legacy67,minmax,0.7142857142857144,0.8095238095238095,0.09523809523809512,1.0,1.0,0.0,0.7142857142857143,0.8095238095238095,0.09523809523809523,18,10
66,0.35868164986275475,-0.44529084124207197,legacy67,minmax,0.7142857142857144,0.8095238095238095,0.09523809523809512,1.0,1.0,0.0,0.7142857142857143,0.8095238095238095,0.09523809523809523,18,10
66,0.5130551760589832,-0.2898359265658015,legacy67,minmax,0.6904761904761905,0.8333333333333335,0.14285714285714302,1.0,1.0,0.0,0.6904761904761905,0.8333333333333334,0.1428571428571429,21,10
66,0.5342937261279772,-0.27221992543153695,legacy67,minmax,0.6904761904761905,0.8333333333333335,0.14285714285714302,1.0,1.0,0.0,0.6904761904761905,0.8333333333333334,0.1428571428571429,21,10
66,0.5762487216478598,-0.23939002504159476,legacy67,minmax,0.7142857142857144,0.8333333333333335,0.11904761904761907,1.0,1.0,0.0,0.7142857142857143,0.8333333333333334,0.11904761904761907,21,10
66,0.6672367170464204,-0.17572006313185626,legacy67,minmax,0.7142857142857144,0.8333333333333335,0.11904761904761907,1.0,1.0,0.0,0.7142857142857143,0.8333333333333334,0.11904761904761907,22,10
66,0.7742116473996242,-0.1111402993522028,legacy67,minmax,0.7142857142857144,0.8333333333333335,0.11904761904761907,1.0,1.0,0.0,0.7142857142857143,0.8333333333333334,0.11904761904761907,23,10
66,0.9444574254983555,-0.02481761454243703,legacy67,minmax,0.7380952380952381,0.8914285714285715,0.15333333333333332,1.0,0.9866666666666667,-0.013333333333333308,0.7380952380952381,0.9047619047619048,0.16666666666666663,23,10
66,0.9565499215943818,-0.019292359554919238,legacy67,minmax,0.7380952380952381,0.8914285714285715,0.15333333333333332,1.0,0.9866666666666667,-0.013333333333333308,0.7380952380952381,0.9047619047619048,0.16666666666666663,23,10
66,1.1400863701127315,0.0569377536544464,legacy67,minmax,0.7485714285714287,0.8914285714285715,0.1428571428571428,0.9866666666666667,0.9866666666666667,0.0,0.7619047619047619,0.9047619047619048,0.1428571428571429,23,10
66,1.2030178871154662,0.08027208471124325,legacy67,minmax,0.7485714285714287,0.8914285714285715,0.1428571428571428,0.9866666666666667,0.9866666666666667,0.0,0.7619047619047619,0.9047619047619048,0.1428571428571429,23,10
66,1.2329098365270508,0.0909313175279762,legacy67,minmax,0.7485714285714287,0.8914285714285715,0.1428571428571428,0.9866666666666667,0.9866666666666667,0.0,0.7619047619047619,0.9047619047619048,0.1428571428571429,23,10
66,1.2561043700013554,0.09902572652895136,legacy67,minmax,0.7485714285714287,0.8914285714285715,0.1428571428571428,0.9866666666666667,0.9866666666666667,0.0,0.7619047619047619,0.9047619047619048,0.1428571428571429,23,10
66,1.4817820606039076,0.17078433263299386,legacy67,minmax,0.7485714285714287,0.8914285714285715,0.1428571428571428,0.9866666666666667,0.9866666666666667,0.0,0.7619047619047619,0.9047619047619048,0.1428571428571429,22,10
66,1.5375920235481748,0.1868411173731186,legacy67,minmax,0.7485714285714287,0.8914285714285715,0.1428571428571428,0.9866666666666667,0.9866666666666667,0.0,0.7619047619047619,0.9047619047619048,0.1428571428571429,21,10
66,1.7583640270008503,0.24510879027798493,legacy67,minmax,0.7485714285714287,0.8914285714285715,0.1428571428571428,0.9866666666666667,0.9866666666666667,0.0,0.7619047619047619,0.9047619047619048,0.1428571428571429,23,10
66,2.34238498471129,0.36965827544816987,legacy67,minmax,0.7485714285714287,0.8914285714285715,0.1428571428571428,0.9866666666666667,0.9866666666666667,0.0,0.7619047619047619,0.9047619047619048,0.1428571428571429,25,10
66,2.4637685958997446,0.39159991524434057,legacy67,minmax,0.7485714285714287,0.8914285714285715,0.1428571428571428,0.9866666666666667,0.9866666666666667,0.0,0.7619047619047619,0.9047619047619048,0.1428571428571429,25,10
66,2.4810409748678097,0.3946339367881464,legacy67,minmax,0.7485714285714287,0.8914285714285715,0.1428571428571428,0.9866666666666667,0.9866666666666667,0.0,0.7619047619047619,0.9047619047619048,0.1428571428571429,25,10
66,2.5378155082656626,0.40446004697283516,legacy67,minmax,0.7485714285714287,0.8914285714285715,0.1428571428571428,0.9866666666666667,0.9866666666666667,0.0,0.7619047619047619,0.9047619047619048,0.1428571428571429,25,10
66,2.692646910086177,0.43017940760575346,legacy67,minmax,0.7485714285714287,0.8914285714285715,0.1428571428571428,0.9866666666666667,0.9866666666666667,0.0,0.7619047619047619,0.9047619047619048,0.1428571428571429,26,10
66,2.801635158716258,0.4474115788895179,legacy67,minmax,0.7485714285714287,0.8914285714285715,0.1428571428571428,0.9866666666666667,0.9866666666666667,0.0,0.7619047619047619,0.9047619047619048,0.1428571428571429,26,10
66,3.113095956122122,0.4931925073102317,legacy67,minmax,0.7485714285714287,0.8914285714285715,0.1428571428571428,0.9866666666666667,0.9866666666666667,0.0,0.7619047619047619,0.9047619047619048,0.1428571428571429,26,10
66,3.550012525851159,0.5502298854208525,legacy67,minmax,0.7485714285714287,0.8914285714285715,0.1428571428571428,0.9866666666666667,0.9866666666666667,0.0,0.7619047619047619,0.9047619047619048,0.1428571428571429,27,10
66,4.467752817973904,0.6500891374159279,legacy67,minmax,0.7485714285714287,0.8914285714285715,0.1428571428571428,0.9866666666666667,0.9866666666666667,0.0,0.7619047619047619,0.9047619047619048,0.1428571428571429,27,10
66,5.456725485601473,0.7369321060486276,legacy67,minmax,0.7485714285714287,0.8914285714285715,0.1428571428571428,0.9866666666666667,0.9866666666666667,0.0,0.7619047619047619,0.9047619047619048,0.1428571428571429,27,10
66,6.72093005015611,0.8274293753904685,legacy67,minmax,0.7485714285714287,0.8914285714285715,0.1428571428571428,0.9866666666666667,0.9866666666666667,0.0,0.7619047619047619,0.9047619047619048,0.1428571428571429,29,10
66,6.7965780907581514,0.832290311184182,legacy67,minmax,0.7485714285714287,0.8914285714285715,0.1428571428571428,0.9866666666666667,0.9866666666666667,0.0,0.7619047619047619,0.9047619047619048,0.1428571428571429,29,10
66,7.128188058401357,0.85297914889198,legacy67,minmax,0.7961904761904761,0.8914285714285715,0.09523809523809534,0.9866666666666667,0.9866666666666667,0.0,0.8095238095238095,0.9047619047619048,0.09523809523809523,29,10
66,8.241925264876443,0.9160286721639492,legacy67,minmax,0.7961904761904761,0.8914285714285715,0.09523809523809534,0.9866666666666667,0.9866666666666667,0.0,0.8095238095238095,0.9047619047619048,0.09523809523809523,29,30
66,8.287522363768153,0.9184247133522563,legacy67,minmax,0.7961904761904761,0.8914285714285715,0.09523809523809534,0.9866666666666667,0.9866666666666667,0.0,0.8095238095238095,0.9047619047619048,0.09523809523809523,29,30
66,8.471801418819974,0.9279757672456204,legacy67,minmax,0.7961904761904761,0.8914285714285715,0.09523809523809534,0.9866666666666667,0.9866666666666667,0.0,0.8095238095238095,0.9047619047619048,0.09523809523809523,30,30
66,11.044350847124681,1.0431401944675898,legacy67,minmax,0.8200000000000001,0.8914285714285715,0.0714285714285714,0.9866666666666667,0.9866666666666667,0.0,0.8333333333333334,0.9047619047619048,0.0714285714285714,30,30
66,12.130221181165155,1.083868719818244,legacy67,minmax,0.8200000000000001,0.8914285714285715,0.0714285714285714,0.9866666666666667,0.9866666666666667,0.0,0.8333333333333334,0.9047619047619048,0.0714285714285714,31,30
66,12.164139351417056,1.085081386743783,legacy67,minmax,0.8200000000000001,0.8914285714285715,0.0714285714285714,0.9866666666666667,0.9866666666666667,0.0,0.8333333333333334,0.9047619047619048,0.0714285714285714,31,30
66,12.273800987852958,1.0889790771866297,legacy67,minmax,0.8200000000000001,0.8914285714285715,0.0714285714285714,0.9866666666666667,0.9866666666666667,0.0,0.8333333333333334,0.9047619047619048,0.0714285714285714,31,30
66,12.604664585649452,1.1005312934444582,legacy67,minmax,0.8200000000000001,0.8914285714285715,0.0714285714285714,0.9866666666666667,0.9866666666666667,0.0,0.8333333333333334,0.9047619047619048,0.0714285714285714,31,30
66,13.826232179369853,1.1407038455720544,legacy67,minmax,0.8200000000000001,0.8914285714285715,0.0714285714285714,0.9866666666666667,0.9866666666666667,0.0,0.8333333333333334,0.9047619047619048,0.0714285714285714,31,30
66,16.172900811143133,1.2087879230161587,legacy67,minmax,0.8200000000000001,0.8914285714285715,0.0714285714285714,0.9866666666666667,0.9866666666666667,0.0,0.8333333333333334,0.9047619047619048,0.0714285714285714,31,30
66,17.123375973163967,1.2335893924658445,legacy67,minmax,0.8200000000000001,0.8914285714285715,0.0714285714285714,0.9866666666666667,0.9866666666666667,0.0,0.8333333333333334,0.9047619047619048,0.0714285714285714,31,30
66,18.274508859816006,1.2618457138193366,legacy67,minmax,0.8200000000000001,0.8914285714285715,0.0714285714285714,0.9866666666666667,0.9866666666666667,0.0,0.8333333333333334,0.9047619047619048,0.0714285714285714,30,30
66,20.65142557895924,1.3149500366077174,legacy67,minmax,0.8200000000000001,0.8914285714285715,0.0714285714285714,0.9866666666666667,0.9866666666666667,0.0,0.8333333333333334,0.9047619047619048,0.0714285714285714,30,30
66,21.36832907235874,1.329770563201687,legacy67,minmax,0.8200000000000001,0.8914285714285715,0.0714285714285714,0.9866666666666667,0.9866666666666667,0.0,0.8333333333333334,0.9047619047619048,0.0714285714285714,30,30
66,28.340904295147727,1.452413703502374,legacy67,minmax,0.8200000000000001,0.8914285714285715,0.0714285714285714,0.9866666666666667,0.9866666666666667,0.0,0.8333333333333334,0.9047619047619048,0.0714285714285714,30,30
66,29.154431891537524,1.4647045830997407,legacy67,minmax,0.8200000000000001,0.8914285714285715,0.0714285714285714,0.9866666666666667,0.9866666666666667,0.0,0.8333333333333334,0.9047619047619048,0.0714285714285714,31,30
66,35.387588647792384,1.5488509703053062,legacy67,minmax,0.8200000000000001,0.8914285714285715,0.0714285714285714,0.9866666666666667,0.9866666666666667,0.0,0.8333333333333334,0.9047619047619048,0.0714285714285714,31,30
66,37.95853142670639,1.5793094017105953,legacy67,minmax,0.8200000000000001,0.8914285714285715,0.0714285714285714,0.9866666666666667,0.9866666666666667,0.0,0.8333333333333334,0.9047619047619048,0.0714285714285714,32,30
66,43.37920697490936,1.6372816083151283,legacy67,minmax,0.8066666666666666,0.8914285714285715,0.08476190476190482,0.9733333333333334,0.9866666666666667,0.013333333333333308,0.8333333333333334,0.9047619047619048,0.0714285714285714,32,30
66,48.69640941520897,1.6874969400924673,legacy67,minmax,0.8066666666666666,0.8914285714285715,0.08476190476190482,0.9733333333333334,0.9866666666666667,0.013333333333333308,0.8333333333333334,0.9047619047619048,0.0714285714285714,32,30
66,57.279044707996185,1.7579957662567565,legacy67,minmax,0.8066666666666666,0.8914285714285715,0.08476190476190482,0.9733333333333334,0.9866666666666667,0.013333333333333308,0.8333333333333334,0.9047619047619048,0.0714285714285714,32,31
66,62.45139574743064,1.795542149013333,legacy67,minmax,0.8066666666666666,0.8914285714285715,0.08476190476190482,0.9733333333333334,0.9866666666666667,0.013333333333333308,0.8333333333333334,0.9047619047619048,0.0714285714285714,32,31
66,63.512210106406926,1.8028572256396647,legacy67,minmax,0.8066666666666666,0.8914285714285715,0.08476190476190482,0.9733333333333334,0.9866666666666667,0.013333333333333308,0.8333333333333334,0.9047619047619048,0.0714285714285714,32,31
66,72.86653737491037,1.8625281322982374,legacy67,minmax,0.7933333333333334,0.8914285714285715,0.09809523809523801,0.96,0.9866666666666667,0.026666666666666727,0.8333333333333334,0.9047619047619048,0.0714285714285714,32,33
66,75.56810141274423,1.8783385110582342,legacy67,minmax,0.7933333333333334,0.8914285714285715,0.09809523809523801,0.96,0.9866666666666667,0.026666666666666727,0.8333333333333334,0.9047619047619048,0.0714285714285714,32,33
66,75.79479953347995,1.8796394086479773,legacy67,minmax,0.7933333333333334,0.8914285714285715,0.09809523809523801,0.96,0.9866666666666667,0.026666666666666727,0.8333333333333334,0.9047619047619048,0.0714285714285714,32,33
66,88.62326508576248,1.9475477464020692,legacy67,minmax,0.7933333333333334,0.8914285714285715,0.09809523809523801,0.96,0.9866666666666667,0.026666666666666727,0.8333333333333334,0.9047619047619048,0.0714285714285714,32,33
67,0.010521761868451128,-1.9779115315055904,legacy67,minmax,0.0,0.0,0.0,1.0,1.0,0.0,0.0,0.0,0.0,0,0
67,0.012087541473056955,-1.9176620228167902,legacy67,minmax,0.0,0.0,0.0,1.0,1.0,0.0,0.0,0.0,0.0,0,0
67,0.01263794633808287,-1.8983234930236192,legacy67,minmax,0.0,0.0,0.0,1.0,1.0,0.0,0.0,0.0,0.0,0,0
67,0.013726318898045865,-1.8624459155391264,legacy67,minmax,0.0,0.0,0.0,1.0,1.0,0.0,0.0,0.0,0.0,0,0
67,0.0151673306880762,-1.8190908443578477,legacy67,minmax,0.0,0.0,0.0,1.0,1.0,0.0,0.0,0.0,0.0,0,0
67,0.015339162591163618,-1.814198349120009,legacy67,minmax,0.0,0.0,0.0,1.0,1.0,0.0,0.0,0.0,0.0,0,0
67,0.017073967431528118,-1.7676655513272022,legacy67,minmax,0.0,0.0,0.0,1.0,1.0,0.0,0.0,0.0,0.0,1,0
67,0.017956984225677628,-1.7457665988559055,legacy67,minmax,0.0,0.0,0.0,1.0,1.0,0.0,0.0,0.0,0.0,1,0
67,0.018205657658407252,-1.739793628058882,legacy67,minmax,0.0,0.0,0.0,1.0,1.0,0.0,0.0,0.0,0.0,1,0
67,0.019777828512462715,-1.7038213930636386,legacy67,minmax,0.023809523809523725,0.0,-0.023809523809523725,1.0,1.0,0.0,0.023809523809523808,0.0,-0.023809523809523808,3,2
67,0.01987021538542862,-1.7017974252809167,legacy67,minmax,0.023809523809523725,0.0,-0.023809523809523725,1.0,1.0,0.0,0.023809523809523808,0.0,-0.023809523809523808,3,2
67,0.022592797420156945,-1.646029991792322,legacy67,minmax,0.16666666666666674,0.0,-0.16666666666666674,1.0,1.0,0.0,0.16666666666666666,0.0,-0.16666666666666666,3,2
67,0.024586032763280048,-1.6093115439744645,legacy67,minmax,0.23809523809523814,0.36761904761904773,0.1295238095238096,1.0,0.9866666666666667,-0.013333333333333308,0.23809523809523808,0.38095238095238093,0.14285714285714285,3,3
67,0.027012557725439066,-1.5684342920267822,legacy67,minmax,0.30952380952380953,0.46285714285714286,0.15333333333333332,1.0,0.9866666666666667,-0.013333333333333308,0.30952380952380953,0.47619047619047616,0.16666666666666663,3,3
67,0.029072088906598435,-1.5365237618994811,legacy67,minmax,0.30952380952380953,0.46285714285714286,0.15333333333333332,1.0,0.9866666666666667,-0.013333333333333308,0.30952380952380953,0.47619047619047616,0.16666666666666663,4,3
67,0.030086868214458433,-1.5216230162467932,legacy67,minmax,0.30952380952380953,0.46285714285714286,0.15333333333333332,1.0,0.9866666666666667,-0.013333333333333308,0.30952380952380953,0.47619047619047616,0.16666666666666663,4,3
67,0.030771802712506853,-1.5118470606208847,legacy67,minmax,0.30952380952380953,0.46285714285714286,0.15333333333333332,1.0,0.9866666666666667,-0.013333333333333308,0.30952380952380953,0.47619047619047616,0.16666666666666663,4,3
67,0.036138942712165265,-1.4420245573918327,legacy67,minmax,0.5238095238095237,0.46285714285714286,-0.06095238095238087,1.0,0.9866666666666667,-0.013333333333333308,0.5238095238095238,0.47619047619047616,-0.04761904761904767,4,3
67,0.03661819220392428,-1.4363031001009494,legacy67,minmax,0.5714285714285714,0.46285714285714286,-0.10857142857142854,1.0,0.9866666666666667,-0.013333333333333308,0.5714285714285714,0.47619047619047616,-0.09523809523809523,4,3
67,0.04207053950287936,-1.3760219186551894,legacy67,minmax,0.5819047619047619,0.46285714285714286,-0.11904761904761907,0.9866666666666667,0.9866666666666667,0.0,0.5952380952380952,0.47619047619047616,-0.11904761904761907,4,3
67,0.04207988669606635,-1.375925438230254,legacy67,minmax,0.5819047619047619,0.46285714285714286,-0.11904761904761907,0.9866666666666667,0.9866666666666667,0.0,0.5952380952380952,0.47619047619047616,-0.11904761904761907,4,3
67,0.04809461967501572,-1.3179035052508339,legacy67,minmax,0.5819047619047619,0.7057142857142857,0.12380952380952381,0.9866666666666667,0.92,-0.06666666666666665,0.5952380952380952,0.7857142857142857,0.19047619047619047,4,3
67,0.05337032762603955,-1.2727001311715975,legacy67,minmax,0.5819047619047619,0.7295238095238097,0.14761904761904776,0.9866666666666667,0.92,-0.06666666666666665,0.5952380952380952,0.8095238095238095,0.2142857142857143,5,4
67,0.05415244119402536,-1.2663819605862647,legacy67,minmax,0.5819047619047619,0.7295238095238097,0.14761904761904776,0.9866666666666667,0.92,-0.06666666666666665,0.5952380952380952,0.8095238095238095,0.2142857142857143,6,4
67,0.05488047000766042,-1.2605821778978918,legacy67,minmax,0.5819047619047619,0.74,0.15809523809523807,0.9866666666666667,0.9066666666666666,-0.08000000000000007,0.5952380952380952,0.8333333333333334,0.23809523809523814,6,4
67,0.060803901902965994,-1.2160685503234192,legacy67,minmax,0.6057142857142859,0.74,0.13428571428571412,0.9866666666666667,0.9066666666666666,-0.08000000000000007,0.6190476190476191,0.8333333333333334,0.2142857142857143,7,4
67,0.06235377135673155,-1.2051372738633104,legacy67,minmax,0.6295238095238096,0.74,0.1104761904761904,0.9866666666666667,0.9066666666666666,-0.08000000000000007,0.6428571428571429,0.8333333333333334,0.19047619047619047,7,4
67,0.06290644294586147,-1.201304871366561,legacy67,minmax,0.6295238095238096,0.74,0.1104761904761904,0.9866666666666667,0.9066666666666666,-0.08000000000000007,0.6428571428571429,0.8333333333333334,0.19047619047619047,7,4
67,0.07068974950624601,-1.1506435572868954,legacy67,minmax,0.6295238095238096,0.74,0.1104761904761904,0.9866666666666667,0.9066666666666666,-0.08000000000000007,0.6428571428571429,0.8333333333333334,0.19047619047619047,7,4
67,0.10842262717330158,-0.9648800735999323,legacy67,minmax,0.6161904761904764,0.74,0.12380952380952359,0.9733333333333334,0.9066666666666666,-0.06666666666666676,0.6428571428571429,0.8333333333333334,0.19047619047619047,9,6
67,0.12172958098369964,-0.9146038729044164,legacy67,minmax,0.6161904761904764,0.74,0.12380952380952359,0.9733333333333334,0.9066666666666666,-0.06666666666666676,0.6428571428571429,0.8333333333333334,0.19047619047619047,9,6
67,0.1329652145729951,-0.876261961250477,legacy67,minmax,0.6161904761904764,0.74,0.12380952380952359,0.9733333333333334,0.9066666666666666,-0.06666666666666676,0.6428571428571429,0.8333333333333334,0.19047619047619047,10,6
67,0.14618962793704957,-0.8350834392078323,legacy67,minmax,0.6400000000000001,0.74,0.09999999999999987,0.9733333333333334,0.9066666666666666,-0.06666666666666676,0.6666666666666666,0.8333333333333334,0.16666666666666674,10,6
67,0.14742753159914665,-0.8314214058591274,legacy67,minmax,0.6400000000000001,0.74,0.09999999999999987,0.9733333333333334,0.9066666666666666,-0.06666666666666676,0.6666666666666666,0.8333333333333334,0.16666666666666674,10,6
67,0.16480446427978968,-0.7830310281618491,legacy67,minmax,0.6400000000000001,0.74,0.09999999999999987,0.9733333333333334,0.9066666666666666,-0.06666666666666676,0.6666666666666666,0.8333333333333334,0.16666666666666674,11,6
67,0.16536937182824418,-0.7815449233065173,legacy67,minmax,0.6400000000000001,0.74,0.09999999999999987,0.9733333333333334,0.9066666666666666,-0.06666666666666676,0.6666666666666666,0.8333333333333334,0.16666666666666674,11,6
67,0.1753594952976441,-0.7560707131373512,legacy67,minmax,0.6400000000000001,0.7638095238095237,0.12380952380952359,0.9733333333333334,0.9066666666666666,-0.06666666666666676,0.6666666666666666,0.8571428571428571,0.19047619047619047,12,6
67,0.17654048052495064,-0.7531556956423562,legacy67,minmax,0.6400000000000001,0.7638095238095237,0.12380952380952359,0.9733333333333334,0.9066666666666666,-0.06666666666666676,0.6666666666666666,0.8571428571428571,0.19047619047619047,12,6
67,0.1998634077852887,-0.6992667118930118,legacy67,minmax,0.6400000000000001,0.7638095238095237,0.12380952380952359,0.9733333333333334,0.9066666666666666,-0.06666666666666676,0.6666666666666666,0.8571428571428571,0.19047619047619047,15,6
67,0.2001342062287997,-0.6986786769469426,legacy67,minmax,0.6400000000000001,0.7638095238095237,0.12380952380952359,0.9733333333333334,0.9066666666666666,-0.06666666666666676,0.6666666666666666,0.8571428571428571,0.19047619047619047,15,6
67,0.21066486017042194,-0.6764079005894033,legacy67,minmax,0.6400000000000001,0.7638095238095237,0.12380952380952359,0.9733333333333334,0.9066666666666666,-0.06666666666666676,0.6666666666666666,0.8571428571428571,0.19047619047619047,15,7
67,0.2673088310781669,-0.5729866932256429,legacy67,minmax,0.6266666666666665,0.7638095238095237,0.13714285714285723,0.96,0.9066666666666666,-0.053333333333333344,0.6666666666666666,0.8571428571428571,0.19047619047619047,15,7
67,0.2715581955282939,-0.5661370858229096,legacy67,minmax,0.6266666666666665,0.7638095238095237,0.13714285714285723,0.96,0.9066666666666666,-0.053333333333333344,0.6666666666666666,0.8571428571428571,0.19047619047619047,14,7
67,0.292043384718141,-0.5345526268252332,legacy67,minmax,0.6266666666666665,0.7638095238095237,0.13714285714285723,0.96,0.9066666666666666,-0.053333333333333344,0.6666666666666666,0.8571428571428571,0.19047619047619047,14,8
67,0.314891164795686,-0.50183952461055,legacy67,minmax,0.6266666666666665,0.7638095238095237,0.13714285714285723,0.96,0.9066666666666666,-0.053333333333333344,0.6666666666666666,0.8571428571428571,0.19047619047619047,16,8
67,0.35868164986275475,-0.44529084124207197,legacy67,minmax,0.6266666666666665,0.7504761904761903,0.12380952380952381,0.96,0.8933333333333333,-0.06666666666666665,0.6666666666666666,0.8571428571428571,0.19047619047619047,16,8
67,0.5130551760589832,-0.2898359265658015,legacy67,minmax,0.6266666666666665,0.7504761904761903,0.12380952380952381,0.96,0.8933333333333333,-0.06666666666666665,0.6666666666666666,0.8571428571428571,0.19047619047619047,18,8
67,0.5342937261279772,-0.27221992543153695,legacy67,minmax,0.6504761904761904,0.7504761904761903,0.09999999999999987,0.96,0.8933333333333333,-0.06666666666666665,0.6904761904761905,0.8571428571428571,0.16666666666666663,19,9
67,0.5762487216478598,-0.23939002504159476,legacy67,minmax,0.6504761904761904,0.7504761904761903,0.09999999999999987,0.96,0.8933333333333333,-0.06666666666666665,0.6904761904761905,0.8571428571428571,0.16666666666666663,19,9
67,0.6672367170464204,-0.17572006313185626,legacy67,minmax,0.6504761904761904,0.7504761904761903,0.09999999999999987,0.96,0.8933333333333333,-0.06666666666666665,0.6904761904761905,0.8571428571428571,0.16666666666666663,21,9
67,0.7742116473996242,-0.1111402993522028,legacy67,minmax,0.6504761904761904,0.7504761904761903,0.09999999999999987,0.96,0.8933333333333333,-0.06666666666666665,0.6904761904761905,0.8571428571428571,0.16666666666666663,23,9
67,0.9444574254983555,-0.02481761454243703,legacy67,minmax,0.6876190476190476,0.7504761904761903,0.06285714285714272,0.9733333333333334,0.8933333333333333,-0.08000000000000007,0.7142857142857143,0.8571428571428571,0.1428571428571428,23,9
67,0.9565499215943818,-0.019292359554919238,legacy67,minmax,0.6638095238095238,0.7476190476190476,0.08380952380952378,0.9733333333333334,0.8666666666666667,-0.10666666666666669,0.6904761904761905,0.8809523809523809,0.19047619047619047,23,9
67,1.1400863701127315,0.0569377536544464,legacy67,minmax,0.6400000000000001,0.7714285714285714,0.13142857142857123,0.9733333333333334,0.8666666666666667,-0.10666666666666669,0.6666666666666666,0.9047619047619048,0.23809523809523814,24,9
67,1.2030178871154662,0.08027208471124325,legacy67,minmax,0.6400000000000001,0.7714285714285714,0.13142857142857123,0.9733333333333334,0.8666666666666667,-0.10666666666666669,0.6666666666666666,0.9047619047619048,0.23809523809523814,24,9
67,1.2329098365270508,0.0909313175279762,legacy67,minmax,0.6400000000000001,0.7714285714285714,0.13142857142857123,0.9733333333333334,0.8666666666666667,-0.10666666666666669,0.6666666666666666,0.9047619047619048,0.23809523809523814,24,9
67,1.2561043700013554,0.09902572652895136,legacy67,minmax,0.6400000000000001,0.7714285714285714,0.13142857142857123,0.9733333333333334,0.8666666666666667,-0.10666666666666669,0.6666666666666666,0.9047619047619048,0.23809523809523814,24,9
67,1.4817820606039076,0.17078433263299386,legacy67,minmax,0.6400000000000001,0.7714285714285714,0.13142857142857123,0.9733333333333334,0.8666666666666667,-0.10666666666666669,0.6666666666666666,0.9047619047619048,0.23809523809523814,24,9
67,1.5375920235481748,0.1868411173731186,legacy67,minmax,0.6533333333333333,0.7714285714285714,0.11809523809523803,0.9866666666666667,0.8666666666666667,-0.12,0.6666666666666666,0.9047619047619048,0.23809523809523814,24,9
67,1.7583640270008503,0.24510879027798493,legacy67,minmax,0.6533333333333333,0.7714285714285714,0.11809523809523803,0.9866666666666667,0.8666666666666667,-0.12,0.6666666666666666,0.9047619047619048,0.23809523809523814,24,9
67,2.34238498471129,0.36965827544816987,legacy67,minmax,0.6295238095238096,0.7714285714285714,0.14190476190476176,0.9866666666666667,0.8666666666666667,-0.12,0.6428571428571429,0.9047619047619048,0.26190476190476186,27,9
67,2.4637685958997446,0.39159991524434057,legacy67,minmax,0.6295238095238096,0.7714285714285714,0.14190476190476176,0.9866666666666667,0.8666666666666667,-0.12,0.6428571428571429,0.9047619047619048,0.26190476190476186,27,9
67,2.4810409748678097,0.3946339367881464,legacy67,minmax,0.6295238095238096,0.7714285714285714,0.14190476190476176,0.9866666666666667,0.8666666666666667,-0.12,0.6428571428571429,0.9047619047619048,0.26190476190476186,27,9
67,2.5378155082656626,0.40446004697283516,legacy67,minmax,0.6295238095238096,0.7714285714285714,0.14190476190476176,0.9866666666666667,0.8666666666666667,-0.12,0.6428571428571429,0.9047619047619048,0.26190476190476186,27,9
67,2.692646910086177,0.43017940760575346,legacy67,minmax,0.6295238095238096,0.7714285714285714,0.14190476190476176,0.9866666666666667,0.8666666666666667,-0.12,0.6428571428571429,0.9047619047619048,0.26190476190476186,28,9
67,2.801635158716258,0.4474115788895179,legacy67,minmax,0.6295238095238096,0.7714285714285714,0.14190476190476176,0.9866666666666667,0.8666666666666667,-0.12,0.6428571428571429,0.9047619047619048,0.26190476190476186,29,9
67,3.113095956122122,0.4931925073102317,legacy67,minmax,0.6057142857142859,0.7714285714285714,0.16571428571428548,0.9866666666666667,0.8666666666666667,-0.12,0.6190476190476191,0.9047619047619048,0.2857142857142857,30,9
67,3.550012525851159,0.5502298854208525,legacy67,minmax,0.6057142857142859,0.7714285714285714,0.16571428571428548,0.9866666666666667,0.8666666666666667,-0.12,0.6190476190476191,0.9047619047619048,0.2857142857142857,31,9
67,4.467752817973904,0.6500891374159279,legacy67,minmax,0.5819047619047619,0.7714285714285714,0.18952380952380943,0.9866666666666667,0.8666666666666667,-0.12,0.5952380952380952,0.9047619047619048,0.30952380952380953,32,9
67,5.456725485601473,0.7369321060486276,legacy67,minmax,0.6161904761904764,0.7714285714285714,0.15523809523809495,0.9733333333333334,0.8666666666666667,-0.10666666666666669,0.6428571428571429,0.9047619047619048,0.26190476190476186,32,9
67,6.72093005015611,0.8274293753904685,legacy67,minmax,0.6161904761904764,0.7714285714285714,0.15523809523809495,0.9733333333333334,0.8666666666666667,-0.10666666666666669,0.6428571428571429,0.9047619047619048,0.26190476190476186,32,9
67,6.7965780907581514,0.832290311184182,legacy67,minmax,0.6161904761904764,0.7714285714285714,0.15523809523809495,0.9733333333333334,0.8666666666666667,-0.10666666666666669,0.6428571428571429,0.9047619047619048,0.26190476190476186,32,9
67,7.128188058401357,0.85297914889198,legacy67,minmax,0.6028571428571428,0.7714285714285714,0.1685714285714286,0.96,0.8666666666666667,-0.09333333333333327,0.6428571428571429,0.9047619047619048,0.26190476190476186,32,9
67,8.241925264876443,0.9160286721639492,legacy67,minmax,0.579047619047619,0.7714285714285714,0.19238095238095232,0.96,0.8666666666666667,-0.09333333333333327,0.6190476190476191,0.9047619047619048,0.2857142857142857,32,9
67,8.287522363768153,0.9184247133522563,legacy67,minmax,0.579047619047619,0.7714285714285714,0.19238095238095232,0.96,0.8666666666666667,-0.09333333333333327,0.6190476190476191,0.9047619047619048,0.2857142857142857,32,9
67,8.471801418819974,0.9279757672456204,legacy67,minmax,0.579047619047619,0.7714285714285714,0.19238095238095232,0.96,0.8666666666666667,-0.09333333333333327,0.6190476190476191,0.9047619047619048,0.2857142857142857,32,9
67,11.044350847124681,1.0431401944675898,legacy67,minmax,0.5657142857142858,0.7714285714285714,0.20571428571428552,0.9466666666666667,0.8666666666666667,-0.07999999999999996,0.6190476190476191,0.9047619047619048,0.2857142857142857,32,9
67,12.130221181165155,1.083868719818244,legacy67,minmax,0.5657142857142858,0.7476190476190476,0.1819047619047618,0.9466666666666667,0.8666666666666667,-0.07999999999999996,0.6190476190476191,0.8809523809523809,0.26190476190476186,32,19
67,12.164139351417056,1.085081386743783,legacy67,minmax,0.5657142857142858,0.7476190476190476,0.1819047619047618,0.9466666666666667,0.8666666666666667,-0.07999999999999996,0.6190476190476191,0.8809523809523809,0.26190476190476186,32,19
67,12.273800987852958,1.0889790771866297,legacy67,minmax,0.5657142857142858,0.7476190476190476,0.1819047619047618,0.9466666666666667,0.8666666666666667,-0.07999999999999996,0.6190476190476191,0.8809523809523809,0.26190476190476186,32,19
67,12.604664585649452,1.1005312934444582,legacy67,minmax,0.5657142857142858,0.7476190476190476,0.1819047619047618,0.9466666666666667,0.8666666666666667,-0.07999999999999996,0.6190476190476191,0.8809523809523809,0.26190476190476186,32,19
67,13.826232179369853,1.1407038455720544,legacy67,minmax,0.5657142857142858,0.7476190476190476,0.1819047619047618,0.9466666666666667,0.8666666666666667,-0.07999999999999996,0.6190476190476191,0.8809523809523809,0.26190476190476186,32,19
67,16.172900811143133,1.2087879230161587,legacy67,minmax,0.5895238095238096,0.7476190476190476,0.15809523809523807,0.9466666666666667,0.8666666666666667,-0.07999999999999996,0.6428571428571429,0.8809523809523809,0.23809523809523803,32,19
67,17.123375973163967,1.2335893924658445,legacy67,minmax,0.5895238095238096,0.7476190476190476,0.15809523809523807,0.9466666666666667,0.8666666666666667,-0.07999999999999996,0.6428571428571429,0.8809523809523809,0.23809523809523803,32,19
67,18.274508859816006,1.2618457138193366,legacy67,minmax,0.5895238095238096,0.7476190476190476,0.15809523809523807,0.9466666666666667,0.8666666666666667,-0.07999999999999996,0.6428571428571429,0.8809523809523809,0.23809523809523803,32,19
67,20.65142557895924,1.3149500366077174,legacy67,minmax,0.5761904761904764,0.7476190476190476,0.17142857142857126,0.9333333333333333,0.8666666666666667,-0.06666666666666665,0.6428571428571429,0.8809523809523809,0.23809523809523803,32,19
67,21.36832907235874,1.329770563201687,legacy67,minmax,0.5761904761904764,0.7476190476190476,0.17142857142857126,0.9333333333333333,0.8666666666666667,-0.06666666666666665,0.6428571428571429,0.8809523809523809,0.23809523809523803,33,19
67,28.340904295147727,1.452413703502374,legacy67,minmax,0.5895238095238096,0.7476190476190476,0.15809523809523807,0.9466666666666667,0.8666666666666667,-0.07999999999999996,0.6428571428571429,0.8809523809523809,0.23809523809523803,33,19
67,29.154431891537524,1.4647045830997407,legacy67,minmax,0.5895238095238096,0.7476190476190476,0.15809523809523807,0.9466666666666667,0.8666666666666667,-0.07999999999999996,0.6428571428571429,0.8809523809523809,0.23809523809523803,33,19
67,35.387588647792384,1.5488509703053062,legacy67,minmax,0.5895238095238096,0.7714285714285714,0.1819047619047618,0.9466666666666667,0.8666666666666667,-0.07999999999999996,0.6428571428571429,0.9047619047619048,0.26190476190476186,33,19
67,37.95853142670639,1.5793094017105953,legacy67,minmax,0.5895238095238096,0.7714285714285714,0.1819047619047618,0.9466666666666667,0.8666666666666667,-0.07999999999999996,0.6428571428571429,0.9047619047619048,0.26190476190476186,33,19
67,43.37920697490936,1.6372816083151283,legacy67,minmax,0.5895238095238096,0.7714285714285714,0.1819047619047618,0.9466666666666667,0.8666666666666667,-0.07999999999999996,0.6428571428571429,0.9047619047619048,0.26190476190476186,33,20
67,48.69640941520897,1.6874969400924673,legacy67,minmax,0.5895238095238096,0.7714285714285714,0.1819047619047618,0.9466666666666667,0.8666666666666667,-0.07999999999999996,0.6428571428571429,0.9047619047619048,0.26190476190476186,33,20
67,57.279044707996185,1.7579957662567565,legacy67,minmax,0.5895238095238096,0.7714285714285714,0.1819047619047618,0.9466666666666667,0.8666666666666667,-0.07999999999999996,0.6428571428571429,0.9047619047619048,0.26190476190476186,33,23
67,62.45139574743064,1.795542149013333,legacy67,minmax,0.5895238095238096,0.7714285714285714,0.1819047619047618,0.9466666666666667,0.8666666666666667,-0.07999999999999996,0.6428571428571429,0.9047619047619048,0.26190476190476186,33,25
67,63.512210106406926,1.8028572256396647,legacy67,minmax,0.5895238095238096,0.7714285714285714,0.1819047619047618,0.9466666666666667,0.8666666666666667,-0.07999999999999996,0.6428571428571429,0.9047619047619048,0.26190476190476186,33,25
67,72.86653737491037,1.8625281322982374,legacy67,minmax,0.5895238095238096,0.7714285714285714,0.1819047619047618,0.9466666666666667,0.8666666666666667,-0.07999999999999996,0.6428571428571429,0.9047619047619048,0.26190476190476186,33,26
67,75.56810141274423,1.8783385110582342,legacy67,minmax,0.5895238095238096,0.7714285714285714,0.1819047619047618,0.9466666666666667,0.8666666666666667,-0.07999999999999996,0.6428571428571429,0.9047619047619048,0.26190476190476186,33,26
67,75.79479953347995,1.8796394086479773,legacy67,minmax,0.5895238095238096,0.7714285714285714,0.1819047619047618,0.9466666666666667,0.8666666666666667,-0.07999999999999996,0.6428571428571429,0.9047619047619048,0.26190476190476186,33,26
67,88.62326508576248,1.9475477464020692,legacy67,minmax,0.5895238095238096,0.7714285714285714,0.1819047619047618,0.9466666666666667,0.8666666666666667,-0.07999999999999996,0.6428571428571429,0.9047619047619048,0.26190476190476186,33,28
68,0.010521761868451128,-1.9779115315055904,legacy67,minmax,0.0,0.0,0.0,1.0,1.0,0.0,0.0,0.0,0.0,0,0
68,0.012087541473056955,-1.9176620228167902,legacy67,minmax,0.0,0.0,0.0,1.0,1.0,0.0,0.0,0.0,0.0,0,0
68,0.01263794633808287,-1.8983234930236192,legacy67,minmax,0.0,0.0,0.0,1.0,1.0,0.0,0.0,0.0,0.0,0,0
68,0.013726318898045865,-1.8624459155391264,legacy67,minmax,0.0,0.0,0.0,1.0,1.0,0.0,0.0,0.0,0.0,0,0
68,0.0151673306880762,-1.8190908443578477,legacy67,minmax,0.0,0.0,0.0,1.0,1.0,0.0,0.0,0.0,0.0,0,0
68,0.015339162591163618,-1.814198349120009,legacy67,minmax,0.0,0.0,0.0,1.0,1.0,0.0,0.0,0.0,0.0,0,0
68,0.017073967431528118,-1.7676655513272022,legacy67,minmax,0.0,0.0,0.0,1.0,1.0,0.0,0.0,0.0,0.0,1,0
68,0.017956984225677628,-1.7457665988559055,legacy67,minmax,0.0,0.0,0.0,1.0,1.0,0.0,0.0,0.0,0.0,2,0
68,0.018205657658407252,-1.739793628058882,legacy67,minmax,0.0,0.0,0.0,1.0,1.0,0.0,0.0,0.0,0.0,2,1
68,0.019777828512462715,-1.7038213930636386,legacy67,minmax,0.0,0.0,0.0,1.0,1.0,0.0,0.0,0.0,0.0,3,1
68,0.01987021538542862,-1.7017974252809167,legacy67,minmax,0.0,0.0,0.0,1.0,1.0,0.0,0.0,0.0,0.0,3,1
68,0.022592797420156945,-1.646029991792322,legacy67,minmax,0.0714285714285714,0.0,-0.0714285714285714,1.0,1.0,0.0,0.07142857142857142,0.0,-0.07142857142857142,3,1
68,0.024586032763280048,-1.6093115439744645,legacy67,minmax,0.11904761904761907,0.5714285714285714,0.45238095238095233,1.0,1.0,0.0,0.11904761904761904,0.5714285714285714,0.45238095238095233,3,2
68,0.027012557725439066,-1.5684342920267822,legacy67,minmax,0.16666666666666674,0.5714285714285714,0.40476190476190466,1.0,1.0,0.0,0.16666666666666666,0.5714285714285714,0.40476190476190477,3,2
68,0.029072088906598435,-1.5365237618994811,legacy67,minmax,0.23809523809523814,0.5714285714285714,0.33333333333333326,1.0,1.0,0.0,0.23809523809523808,0.5714285714285714,0.3333333333333333,3,3
68,0.030086868214458433,-1.5216230162467932,legacy67,minmax,0.23809523809523814,0.5714285714285714,0.33333333333333326,1.0,1.0,0.0,0.23809523809523808,0.5714285714285714,0.3333333333333333,3,3
68,0.030771802712506853,-1.5118470606208847,legacy67,minmax,0.26190476190476186,0.5714285714285714,0.30952380952380953,1.0,1.0,0.0,0.2619047619047619,0.5714285714285714,0.3095238095238095,4,3
68,0.036138942712165265,-1.4420245573918327,legacy67,minmax,0.38095238095238093,0.5714285714285714,0.19047619047619047,1.0,1.0,0.0,0.38095238095238093,0.5714285714285714,0.19047619047619047,5,3
68,0.03661819220392428,-1.4363031001009494,legacy67,minmax,0.38095238095238093,0.5714285714285714,0.19047619047619047,1.0,1.0,0.0,0.38095238095238093,0.5714285714285714,0.19047619047619047,5,3
68,0.04207053950287936,-1.3760219186551894,legacy67,minmax,0.5238095238095237,0.6028571428571428,0.07904761904761903,1.0,0.96,-0.040000000000000036,0.5238095238095238,0.6428571428571429,0.11904761904761907,5,3
68,0.04207988669606635,-1.375925438230254,legacy67,minmax,0.5238095238095237,0.6028571428571428,0.07904761904761903,1.0,0.96,-0.040000000000000036,0.5238095238095238,0.6428571428571429,0.11904761904761907,5,3
68,0.04809461967501572,-1.3179035052508339,legacy67,minmax,0.5476190476190477,0.6028571428571428,0.055238095238095086,1.0,0.96,-0.040000000000000036,0.5476190476190477,0.6428571428571429,0.09523809523809523,5,3
68,0.05337032762603955,-1.2727001311715975,legacy67,minmax,0.5952380952380953,0.6028571428571428,0.007619047619047414,1.0,0.96,-0.040000000000000036,0.5952380952380952,0.6428571428571429,0.04761904761904767,5,4
68,0.05415244119402536,-1.2663819605862647,legacy67,minmax,0.5952380952380953,0.6028571428571428,0.007619047619047414,1.0,0.96,-0.040000000000000036,0.5952380952380952,0.6428571428571429,0.04761904761904767,5,4
68,0.05488047000766042,-1.2605821778978918,legacy67,minmax,0.5952380952380953,0.6028571428571428,0.007619047619047414,1.0,0.96,-0.040000000000000036,0.5952380952380952,0.6428571428571429,0.04761904761904767,5,4
68,0.060803901902965994,-1.2160685503234192,legacy67,minmax,0.5952380952380953,0.6028571428571428,0.007619047619047414,1.0,0.96,-0.040000000000000036,0.5952380952380952,0.6428571428571429,0.04761904761904767,5,5
68,0.06235377135673155,-1.2051372738633104,legacy67,minmax,0.5952380952380953,0.6028571428571428,0.007619047619047414,1.0,0.96,-0.040000000000000036,0.5952380952380952,0.6428571428571429,0.04761904761904767,6,5
68,0.06290644294586147,-1.201304871366561,legacy67,minmax,0.5952380952380953,0.6028571428571428,0.007619047619047414,1.0,0.96,-0.040000000000000036,0.5952380952380952,0.6428571428571429,0.04761904761904767,6,5
68,0.07068974950624601,-1.1506435572868954,legacy67,minmax,0.5952380952380953,0.6266666666666665,0.03142857142857114,1.0,0.96,-0.040000000000000036,0.5952380952380952,0.6666666666666666,0.0714285714285714,6,5
68,0.10842262717330158,-0.9648800735999323,legacy67,minmax,0.6190476190476191,0.7695238095238095,0.15047619047619043,1.0,0.96,-0.040000000000000036,0.6190476190476191,0.8095238095238095,0.19047619047619047,6,7
68,0.12172958098369964,-0.9146038729044164,legacy67,minmax,0.6190476190476191,0.7933333333333334,0.17428571428571438,1.0,0.96,-0.040000000000000036,0.6190476190476191,0.8333333333333334,0.2142857142857143,7,7
68,0.1329652145729951,-0.876261961250477,legacy67,minmax,0.6428571428571428,0.7933333333333334,0.15047619047619065,1.0,0.96,-0.040000000000000036,0.6428571428571429,0.8333333333333334,0.19047619047619047,8,7
68,0.14618962793704957,-0.8350834392078323,legacy67,minmax,0.6428571428571428,0.8409523809523809,0.1980952380952381,1.0,0.96,-0.040000000000000036,0.6428571428571429,0.8809523809523809,0.23809523809523803,8,7
68,0.14742753159914665,-0.8314214058591274,legacy67,minmax,0.6428571428571428,0.8409523809523809,0.1980952380952381,1.0,0.96,-0.040000000000000036,0.6428571428571429,0.8809523809523809,0.23809523809523803,8,8
68,0.16480446427978968,-0.7830310281618491,legacy67,minmax,0.6666666666666665,0.8409523809523809,0.17428571428571438,1.0,0.96,-0.040000000000000036,0.6666666666666666,0.8809523809523809,0.2142857142857143,10,8
68,0.16536937182824418,-0.7815449233065173,legacy67,minmax,0.6666666666666665,0.8409523809523809,0.17428571428571438,1.0,0.96,-0.040000000000000036,0.6666666666666666,0.8809523809523809,0.2142857142857143,10,8
68,0.1753594952976441,-0.7560707131373512,legacy67,minmax,0.6904761904761905,0.8409523809523809,0.15047619047619043,1.0,0.96,-0.040000000000000036,0.6904761904761905,0.8809523809523809,0.19047619047619047,12,8
68,0.17654048052495064,-0.7531556956423562,legacy67,minmax,0.6904761904761905,0.8409523809523809,0.15047619047619043,1.0,0.96,-0.040000000000000036,0.6904761904761905,0.8809523809523809,0.19047619047619047,12,8
68,0.1998634077852887,-0.6992667118930118,legacy67,minmax,0.677142857142857,0.8409523809523809,0.16380952380952385,0.9866666666666667,0.96,-0.026666666666666727,0.6904761904761905,0.8809523809523809,0.19047619047619047,13,8
68,0.2001342062287997,-0.6986786769469426,legacy67,minmax,0.677142857142857,0.8409523809523809,0.16380952380952385,0.9866666666666667,0.96,-0.026666666666666727,0.6904761904761905,0.8809523809523809,0.19047619047619047,13,8
68,0.21066486017042194,-0.6764079005894033,legacy67,minmax,0.6400000000000001,0.8409523809523809,0.20095238095238077,0.9733333333333334,0.96,-0.01333333333333342,0.6666666666666666,0.8809523809523809,0.2142857142857143,15,8
68,0.2673088310781669,-0.5729866932256429,legacy67,minmax,0.6638095238095238,0.8409523809523809,0.17714285714285705,0.9733333333333334,0.96,-0.01333333333333342,0.6904761904761905,0.8809523809523809,0.19047619047619047,16,8
68,0.2715581955282939,-0.5661370858229096,legacy67,minmax,0.6638095238095238,0.8409523809523809,0.17714285714285705,0.9733333333333334,0.96,-0.01333333333333342,0.6904761904761905,0.8809523809523809,0.19047619047619047,17,8
68,0.292043384718141,-0.5345526268252332,legacy67,minmax,0.6638095238095238,0.8409523809523809,0.17714285714285705,0.9733333333333334,0.96,-0.01333333333333342,0.6904761904761905,0.8809523809523809,0.19047619047619047,17,8
68,0.314891164795686,-0.50183952461055,legacy67,minmax,0.6638095238095238,0.8409523809523809,0.17714285714285705,0.9733333333333334,0.96,-0.01333333333333342,0.6904761904761905,0.8809523809523809,0.19047619047619047,18,8
68,0.35868164986275475,-0.44529084124207197,legacy67,minmax,0.6638095238095238,0.8409523809523809,0.17714285714285705,0.9733333333333334,0.96,-0.01333333333333342,0.6904761904761905,0.8809523809523809,0.19047619047619047,18,8
68,0.5130551760589832,-0.2898359265658015,legacy67,minmax,0.6638095238095238,0.8647619047619046,0.20095238095238077,0.9733333333333334,0.96,-0.01333333333333342,0.6904761904761905,0.9047619047619048,0.2142857142857143,21,8
68,0.5342937261279772,-0.27221992543153695,legacy67,minmax,0.6638095238095238,0.8647619047619046,0.20095238095238077,0.9733333333333334,0.96,-0.01333333333333342,0.6904761904761905,0.9047619047619048,0.2142857142857143,22,8
68,0.5762487216478598,-0.23939002504159476,legacy67,minmax,0.6638095238095238,0.8647619047619046,0.20095238095238077,0.9733333333333334,0.96,-0.01333333333333342,0.6904761904761905,0.9047619047619048,0.2142857142857143,21,8
68,0.6672367170464204,-0.17572006313185626,legacy67,minmax,0.6876190476190476,0.8647619047619046,0.17714285714285705,0.9733333333333334,0.96,-0.01333333333333342,0.7142857142857143,0.9047619047619048,0.19047619047619047,21,8
68,0.7742116473996242,-0.1111402993522028,legacy67,minmax,0.6638095238095238,0.8647619047619046,0.20095238095238077,0.9733333333333334,0.96,-0.01333333333333342,0.6904761904761905,0.9047619047619048,0.2142857142857143,21,8
68,0.9444574254983555,-0.02481761454243703,legacy67,minmax,0.677142857142857,0.8647619047619046,0.18761904761904757,0.9866666666666667,0.96,-0.026666666666666727,0.6904761904761905,0.9047619047619048,0.2142857142857143,22,8
68,0.9565499215943818,-0.019292359554919238,legacy67,minmax,0.677142857142857,0.8647619047619046,0.18761904761904757,0.9866666666666667,0.96,-0.026666666666666727,0.6904761904761905,0.9047619047619048,0.2142857142857143,22,8
68,1.1400863701127315,0.0569377536544464,legacy67,minmax,0.6533333333333333,0.8647619047619046,0.2114285714285713,0.9866666666666667,0.96,-0.026666666666666727,0.6666666666666666,0.9047619047619048,0.23809523809523814,24,8
68,1.2030178871154662,0.08027208471124325,legacy67,minmax,0.6533333333333333,0.8647619047619046,0.2114285714285713,0.9866666666666667,0.96,-0.026666666666666727,0.6666666666666666,0.9047619047619048,0.23809523809523814,24,8
68,1.2329098365270508,0.0909313175279762,legacy67,minmax,0.6533333333333333,0.8647619047619046,0.2114285714285713,0.9866666666666667,0.96,-0.026666666666666727,0.6666666666666666,0.9047619047619048,0.23809523809523814,24,8
68,1.2561043700013554,0.09902572652895136,legacy67,minmax,0.6533333333333333,0.8647619047619046,0.2114285714285713,0.9866666666666667,0.96,-0.026666666666666727,0.6666666666666666,0.9047619047619048,0.23809523809523814,24,8
68,1.4817820606039076,0.17078433263299386,legacy67,minmax,0.6533333333333333,0.8647619047619046,0.2114285714285713,0.9866666666666667,0.96,-0.026666666666666727,0.6666666666666666,0.9047619047619048,0.23809523809523814,26,8
68,1.5375920235481748,0.1868411173731186,legacy67,minmax,0.6533333333333333,0.8647619047619046,0.2114285714285713,0.9866666666666667,0.96,-0.026666666666666727,0.6666666666666666,0.9047619047619048,0.23809523809523814,26,8
68,1.7583640270008503,0.24510879027798493,legacy67,minmax,0.6638095238095238,0.8647619047619046,0.20095238095238077,0.9733333333333334,0.96,-0.01333333333333342,0.6904761904761905,0.9047619047619048,0.2142857142857143,27,10
68,2.34238498471129,0.36965827544816987,legacy67,minmax,0.7114285714285715,0.8647619047619046,0.1533333333333331,0.9733333333333334,0.96,-0.01333333333333342,0.7380952380952381,0.9047619047619048,0.16666666666666663,28,10
68,2.4637685958997446,0.39159991524434057,legacy67,minmax,0.7114285714285715,0.8647619047619046,0.1533333333333331,0.9733333333333334,0.96,-0.01333333333333342,0.7380952380952381,0.9047619047619048,0.16666666666666663,28,10
68,2.4810409748678097,0.3946339367881464,legacy67,minmax,0.7114285714285715,0.8647619047619046,0.1533333333333331,0.9733333333333334,0.96,-0.01333333333333342,0.7380952380952381,0.9047619047619048,0.16666666666666663,28,10
68,2.5378155082656626,0.40446004697283516,legacy67,minmax,0.6876190476190476,0.8647619047619046,0.17714285714285705,0.9733333333333334,0.96,-0.01333333333333342,0.7142857142857143,0.9047619047619048,0.19047619047619047,28,10
68,2.692646910086177,0.43017940760575346,legacy67,minmax,0.6876190476190476,0.8647619047619046,0.17714285714285705,0.9733333333333334,0.96,-0.01333333333333342,0.7142857142857143,0.9047619047619048,0.19047619047619047,29,10
68,2.801635158716258,0.4474115788895179,legacy67,minmax,0.6876190476190476,0.8647619047619046,0.17714285714285705,0.9733333333333334,0.96,-0.01333333333333342,0.7142857142857143,0.9047619047619048,0.19047619047619047,29,10
68,3.113095956122122,0.4931925073102317,legacy67,minmax,0.7114285714285715,0.8647619047619046,0.1533333333333331,0.9733333333333334,0.96,-0.01333333333333342,0.7380952380952381,0.9047619047619048,0.16666666666666663,29,10
68,3.550012525851159,0.5502298854208525,legacy67,minmax,0.6980952380952381,0.8647619047619046,0.16666666666666652,0.96,0.96,0.0,0.7380952380952381,0.9047619047619048,0.16666666666666663,30,11
68,4.467752817973904,0.6500891374159279,legacy67,minmax,0.6980952380952381,0.8647619047619046,0.16666666666666652,0.96,0.96,0.0,0.7380952380952381,0.9047619047619048,0.16666666666666663,30,11
68,5.456725485601473,0.7369321060486276,legacy67,minmax,0.7114285714285715,0.8647619047619046,0.1533333333333331,0.9733333333333334,0.96,-0.01333333333333342,0.7380952380952381,0.9047619047619048,0.16666666666666663,30,11
68,6.72093005015611,0.8274293753904685,legacy67,minmax,0.7114285714285715,0.8647619047619046,0.1533333333333331,0.9733333333333334,0.96,-0.01333333333333342,0.7380952380952381,0.9047619047619048,0.16666666666666663,30,11
68,6.7965780907581514,0.832290311184182,legacy67,minmax,0.7114285714285715,0.8647619047619046,0.1533333333333331,0.9733333333333334,0.96,-0.01333333333333342,0.7380952380952381,0.9047619047619048,0.16666666666666663,30,11
68,7.128188058401357,0.85297914889198,legacy67,minmax,0.7114285714285715,0.8647619047619046,0.1533333333333331,0.9733333333333334,0.96,-0.01333333333333342,0.7380952380952381,0.9047619047619048,0.16666666666666663,30,11
68,8.241925264876443,0.9160286721639492,legacy67,minmax,0.7114285714285715,0.8647619047619046,0.1533333333333331,0.9733333333333334,0.96,-0.01333333333333342,0.7380952380952381,0.9047619047619048,0.16666666666666663,31,11
68,8.287522363768153,0.9184247133522563,legacy67,minmax,0.7114285714285715,0.8647619047619046,0.1533333333333331,0.9733333333333334,0.96,-0.01333333333333342,0.7380952380952381,0.9047619047619048,0.16666666666666663,31,11
68,8.471801418819974,0.9279757672456204,legacy67,minmax,0.7114285714285715,0.8647619047619046,0.1533333333333331,0.9733333333333334,0.96,-0.01333333333333342,0.7380952380952381,0.9047619047619048,0.16666666666666663,31,11
68,11.044350847124681,1.0431401944675898,legacy67,minmax,0.7114285714285715,0.8647619047619046,0.1533333333333331,0.9733333333333334,0.96,-0.01333333333333342,0.7380952380952381,0.9047619047619048,0.16666666666666663,31,11
68,12.130221181165155,1.083868719818244,legacy67,minmax,0.7114285714285715,0.8647619047619046,0.1533333333333331,0.9733333333333334,0.96,-0.01333333333333342,0.7380952380952381,0.9047619047619048,0.16666666666666663,31,24
68,12.164139351417056,1.085081386743783,legacy67,minmax,0.7114285714285715,0.8647619047619046,0.1533333333333331,0.9733333333333334,0.96,-0.01333333333333342,0.7380952380952381,0.9047619047619048,0.16666666666666663,31,11
68,12.273800987852958,1.0889790771866297,legacy67,minmax,0.7114285714285715,0.8647619047619046,0.1533333333333331,0.9733333333333334,0.96,-0.01333333333333342,0.7380952380952381,0.9047619047619048,0.16666666666666663,31,24
68,12.604664585649452,1.1005312934444582,legacy67,minmax,0.7114285714285715,0.8647619047619046,0.1533333333333331,0.9733333333333334,0.96,-0.01333333333333342,0.7380952380952381,0.9047619047619048,0.16666666666666663,31,24
68,13.826232179369853,1.1407038455720544,legacy67,minmax,0.7114285714285715,0.8647619047619046,0.1533333333333331,0.9733333333333334,0.96,-0.01333333333333342,0.7380952380952381,0.9047619047619048,0.16666666666666663,31,24
68,16.172900811143133,1.2087879230161587,legacy67,minmax,0.7114285714285715,0.8647619047619046,0.1533333333333331,0.9733333333333334,0.96,-0.01333333333333342,0.7380952380952381,0.9047619047619048,0.16666666666666663,31,25
68,17.123375973163967,1.2335893924658445,legacy67,minmax,0.7114285714285715,0.8647619047619046,0.1533333333333331,0.9733333333333334,0.96,-0.01333333333333342,0.7380952380952381,0.9047619047619048,0.16666666666666663,32,25
68,18.274508859816006,1.2618457138193366,legacy67,minmax,0.7114285714285715,0.8647619047619046,0.1533333333333331,0.9733333333333334,0.96,-0.01333333333333342,0.7380952380952381,0.9047619047619048,0.16666666666666663,32,25
68,20.65142557895924,1.3149500366077174,legacy67,minmax,0.7114285714285715,0.8647619047619046,0.1533333333333331,0.9733333333333334,0.96,-0.01333333333333342,0.7380952380952381,0.9047619047619048,0.16666666666666663,32,25
68,21.36832907235874,1.329770563201687,legacy67,minmax,0.7114285714285715,0.8647619047619046,0.1533333333333331,0.9733333333333334,0.96,-0.01333333333333342,0.7380952380952381,0.9047619047619048,0.16666666666666663,32,25
68,28.340904295147727,1.452413703502374,legacy67,minmax,0.7114285714285715,0.8647619047619046,0.1533333333333331,0.9733333333333334,0.96,-0.01333333333333342,0.7380952380952381,0.9047619047619048,0.16666666666666663,31,25
68,29.154431891537524,1.4647045830997407,legacy67,minmax,0.7114285714285715,0.8647619047619046,0.1533333333333331,0.9733333333333334,0.96,-0.01333333333333342,0.7380952380952381,0.9047619047619048,0.16666666666666663,31,25
68,35.387588647792384,1.5488509703053062,legacy67,minmax,0.7114285714285715,0.8647619047619046,0.1533333333333331,0.9733333333333334,0.96,-0.01333333333333342,0.7380952380952381,0.9047619047619048,0.16666666666666663,31,25
68,37.95853142670639,1.5793094017105953,legacy67,minmax,0.7114285714285715,0.8647619047619046,0.1533333333333331,0.9733333333333334,0.96,-0.01333333333333342,0.7380952380952381,0.9047619047619048,0.16666666666666663,31,25
68,43.37920697490936,1.6372816083151283,legacy67,minmax,0.7114285714285715,0.8647619047619046,0.1533333333333331,0.9733333333333334,0.96,-0.01333333333333342,0.7380952380952381,0.9047619047619048,0.16666666666666663,31,25
68,48.69640941520897,1.6874969400924673,legacy67,minmax,0.7114285714285715,0.8647619047619046,0.1533333333333331,0.9733333333333334,0.96,-0.01333333333333342,0.7380952380952381,0.9047619047619048,0.16666666666666663,31,25
68,57.279044707996185,1.7579957662567565,legacy67,minmax,0.7114285714285715,0.8647619047619046,0.1533333333333331,0.9733333333333334,0.96,-0.01333333333333342,0.7380952380952381,0.9047619047619048,0.16666666666666663,31,25
68,62.45139574743064,1.795542149013333,legacy67,minmax,0.7114285714285715,0.8647619047619046,0.1533333333333331,0.9733333333333334,0.96,-0.01333333333333342,0.7380952380952381,0.9047619047619048,0.16666666666666663,31,25
68,63.512210106406926,1.8028572256396647,legacy67,minmax,0.7114285714285715,0.8647619047619046,0.1533333333333331,0.9733333333333334,0.96,-0.01333333333333342,0.7380952380952381,0.9047619047619048,0.16666666666666663,31,25
68,72.86653737491037,1.8625281322982374,legacy67,minmax,0.7114285714285715,0.8647619047619046,0.1533333333333331,0.9733333333333334,0.96,-0.01333333333333342,0.7380952380952381,0.9047619047619048,0.16666666666666663,31,26
68,75.56810141274423,1.8783385110582342,legacy67,minmax,0.7114285714285715,0.8647619047619046,0.1533333333333331,0.9733333333333334,0.96,-0.01333333333333342,0.7380952380952381,0.9047619047619048,0.16666666666666663,31,26
68,75.79479953347995,1.8796394086479773,legacy67,minmax,0.7114285714285715,0.8647619047619046,0.1533333333333331,0.9733333333333334,0.96,-0.01333333333333342,0.7380952380952381,0.9047619047619048,0.16666666666666663,31,26
68,88.62326508576248,1.9475477464020692,legacy67,minmax,0.7114285714285715,0.8647619047619046,0.1533333333333331,0.9733333333333334,0.96,-0.01333333333333342,0.7380952380952381,0.9047619047619048,0.16666666666666663,31,27
69,0.010521761868451128,-1.9779115315055904,legacy67,minmax,0.0,0.0,0.0,1.0,1.0,0.0,0.0,0.0,0.0,0,0
69,0.012087541473056955,-1.9176620228167902,legacy67,minmax,0.0,0.0,0.0,1.0,1.0,0.0,0.0,0.0,0.0,0,0
69,0.01263794633808287,-1.8983234930236192,legacy67,minmax,0.0,0.0,0.0,1.0,1.0,0.0,0.0,0.0,0.0,0,0
69,0.013726318898045865,-1.8624459155391264,legacy67,minmax,0.0,0.0,0.0,1.0,1.0,0.0,0.0,0.0,0.0,0,0
69,0.0151673306880762,-1.8190908443578477,legacy67,minmax,0.0,0.0,0.0,1.0,1.0,0.0,0.0,0.0,0.0,0,0
69,0.015339162591163618,-1.814198349120009,legacy67,minmax,0.0,0.0,0.0,1.0,1.0,0.0,0.0,0.0,0.0,0,0
69,0.017073967431528118,-1.7676655513272022,legacy67,minmax,0.0,0.0,0.0,1.0,1.0,0.0,0.0,0.0,0.0,1,0
69,0.017956984225677628,-1.7457665988559055,legacy67,minmax,0.0,0.0,0.0,1.0,1.0,0.0,0.0,0.0,0.0,1,1
69,0.018205657658407252,-1.739793628058882,legacy67,minmax,0.0,0.0,0.0,1.0,1.0,0.0,0.0,0.0,0.0,1,1
69,0.019777828512462715,-1.7038213930636386,legacy67,minmax,0.0,0.0,0.0,1.0,1.0,0.0,0.0,0.0,0.0,1,1
69,0.01987021538542862,-1.7017974252809167,legacy67,minmax,0.0,0.0,0.0,1.0,1.0,0.0,0.0,0.0,0.0,1,1
69,0.022592797420156945,-1.646029991792322,legacy67,minmax,0.16666666666666674,0.5238095238095237,0.357142857142857,1.0,1.0,0.0,0.16666666666666666,0.5238095238095238,0.3571428571428572,2,1
69,0.024586032763280048,-1.6093115439744645,legacy67,minmax,0.33333333333333326,0.5238095238095237,0.19047619047619047,1.0,1.0,0.0,0.3333333333333333,0.5238095238095238,0.19047619047619052,3,1
69,0.027012557725439066,-1.5684342920267822,legacy67,minmax,0.38095238095238093,0.5238095238095237,0.1428571428571428,1.0,1.0,0.0,0.38095238095238093,0.5238095238095238,0.1428571428571429,3,1
69,0.029072088906598435,-1.5365237618994811,legacy67,minmax,0.40476190476190466,0.5238095238095237,0.11904761904761907,1.0,1.0,0.0,0.40476190476190477,0.5238095238095238,0.11904761904761907,4,1
69,0.030086868214458433,-1.5216230162467932,legacy67,minmax,0.4761904761904763,0.5238095238095237,0.04761904761904745,1.0,1.0,0.0,0.47619047619047616,0.5238095238095238,0.04761904761904767,4,1
69,0.030771802712506853,-1.5118470606208847,legacy67,minmax,0.5,0.5238095238095237,0.023809523809523725,1.0,1.0,0.0,0.5,0.5238095238095238,0.023809523809523836,4,1
69,0.036138942712165265,-1.4420245573918327,legacy67,minmax,0.5714285714285714,0.5238095238095237,-0.04761904761904767,1.0,1.0,0.0,0.5714285714285714,0.5238095238095238,-0.04761904761904756,4,2
69,0.03661819220392428,-1.4363031001009494,legacy67,minmax,0.5714285714285714,0.5238095238095237,-0.04761904761904767,1.0,1.0,0.0,0.5714285714285714,0.5238095238095238,-0.04761904761904756,4,2
69,0.04207053950287936,-1.3760219186551894,legacy67,minmax,0.6190476190476191,0.5238095238095237,-0.09523809523809534,1.0,1.0,0.0,0.6190476190476191,0.5238095238095238,-0.09523809523809523,4,2
69,0.04207988669606635,-1.375925438230254,legacy67,minmax,0.6190476190476191,0.5238095238095237,-0.09523809523809534,1.0,1.0,0.0,0.6190476190476191,0.5238095238095238,-0.09523809523809523,4,2
69,0.04809461967501572,-1.3179035052508339,legacy67,minmax,0.7142857142857144,0.5238095238095237,-0.1904761904761907,1.0,1.0,0.0,0.7142857142857143,0.5238095238095238,-0.19047619047619047,4,3
69,0.05337032762603955,-1.2727001311715975,legacy67,minmax,0.6904761904761905,0.5952380952380953,-0.09523809523809512,1.0,1.0,0.0,0.6904761904761905,0.5952380952380952,-0.09523809523809523,5,3
69,0.05415244119402536,-1.2663819605862647,legacy67,minmax,0.6904761904761905,0.5952380952380953,-0.09523809523809512,1.0,1.0,0.0,0.6904761904761905,0.5952380952380952,-0.09523809523809523,5,3
69,0.05488047000766042,-1.2605821778978918,legacy67,minmax,0.6904761904761905,0.5952380952380953,-0.09523809523809512,1.0,1.0,0.0,0.6904761904761905,0.5952380952380952,-0.09523809523809523,5,3
69,0.060803901902965994,-1.2160685503234192,legacy67,minmax,0.6904761904761905,0.5952380952380953,-0.09523809523809512,1.0,1.0,0.0,0.6904761904761905,0.5952380952380952,-0.09523809523809523,5,5
69,0.06235377135673155,-1.2051372738633104,legacy67,minmax,0.6904761904761905,0.5952380952380953,-0.09523809523809512,1.0,1.0,0.0,0.6904761904761905,0.5952380952380952,-0.09523809523809523,5,5
69,0.06290644294586147,-1.201304871366561,legacy67,minmax,0.6904761904761905,0.5952380952380953,-0.09523809523809512,1.0,1.0,0.0,0.6904761904761905,0.5952380952380952,-0.09523809523809523,5,5
69,0.07068974950624601,-1.1506435572868954,legacy67,minmax,0.6904761904761905,0.6666666666666665,-0.023809523809523947,1.0,1.0,0.0,0.6904761904761905,0.6666666666666666,-0.023809523809523836,5,5
69,0.10842262717330158,-0.9648800735999323,legacy67,minmax,0.7142857142857144,0.7961904761904761,0.0819047619047617,1.0,0.9866666666666667,-0.013333333333333308,0.7142857142857143,0.8095238095238095,0.09523809523809523,8,8
69,0.12172958098369964,-0.9146038729044164,legacy67,minmax,0.7380952380952381,0.7961904761904761,0.05809523809523798,1.0,0.9866666666666667,-0.013333333333333308,0.7380952380952381,0.8095238095238095,0.0714285714285714,10,8
69,0.1329652145729951,-0.876261961250477,legacy67,minmax,0.7247619047619049,0.7961904761904761,0.07142857142857117,0.9866666666666667,0.9866666666666667,0.0,0.7380952380952381,0.8095238095238095,0.0714285714285714,11,8
69,0.14618962793704957,-0.8350834392078323,legacy67,minmax,0.7247619047619049,0.7961904761904761,0.07142857142857117,0.9866666666666667,0.9866666666666667,0.0,0.7380952380952381,0.8095238095238095,0.0714285714285714,11,9
69,0.14742753159914665,-0.8314214058591274,legacy67,minmax,0.7247619047619049,0.7961904761904761,0.07142857142857117,0.9866666666666667,0.9866666666666667,0.0,0.7380952380952381,0.8095238095238095,0.0714285714285714,12,8
69,0.16480446427978968,-0.7830310281618491,legacy67,minmax,0.7352380952380952,0.8200000000000001,0.08476190476190482,0.9733333333333334,0.9866666666666667,0.013333333333333308,0.7619047619047619,0.8333333333333334,0.07142857142857151,12,8
69,0.16536937182824418,-0.7815449233065173,legacy67,minmax,0.7352380952380952,0.8200000000000001,0.08476190476190482,0.9733333333333334,0.9866666666666667,0.013333333333333308,0.7619047619047619,0.8333333333333334,0.07142857142857151,12,8
69,0.1753594952976441,-0.7560707131373512,legacy67,minmax,0.7590476190476192,0.8438095238095238,0.0847619047619046,0.9733333333333334,0.9866666666666667,0.013333333333333308,0.7857142857142857,0.8571428571428571,0.0714285714285714,14,8
69,0.17654048052495064,-0.7531556956423562,legacy67,minmax,0.7590476190476192,0.8438095238095238,0.0847619047619046,0.9733333333333334,0.9866666666666667,0.013333333333333308,0.7857142857142857,0.8571428571428571,0.0714285714285714,14,8
69,0.1998634077852887,-0.6992667118930118,legacy67,minmax,0.7695238095238095,0.8438095238095238,0.07428571428571429,0.96,0.9866666666666667,0.026666666666666727,0.8095238095238095,0.8571428571428571,0.04761904761904756,15,8
69,0.2001342062287997,-0.6986786769469426,legacy67,minmax,0.7695238095238095,0.8438095238095238,0.07428571428571429,0.96,0.9866666666666667,0.026666666666666727,0.8095238095238095,0.8571428571428571,0.04761904761904756,15,8
69,0.21066486017042194,-0.6764079005894033,legacy67,minmax,0.7933333333333334,0.8438095238095238,0.05047619047619034,0.96,0.9866666666666667,0.026666666666666727,0.8333333333333334,0.8571428571428571,0.023809523809523725,15,8
69,0.2673088310781669,-0.5729866932256429,legacy67,minmax,0.7695238095238095,0.8438095238095238,0.07428571428571429,0.96,0.9866666666666667,0.026666666666666727,0.8095238095238095,0.8571428571428571,0.04761904761904756,15,9
69,0.2715581955282939,-0.5661370858229096,legacy67,minmax,0.7695238095238095,0.8438095238095238,0.07428571428571429,0.96,0.9866666666666667,0.026666666666666727,0.8095238095238095,0.8571428571428571,0.04761904761904756,16,9
69,0.292043384718141,-0.5345526268252332,legacy67,minmax,0.7695238095238095,0.8438095238095238,0.07428571428571429,0.96,0.9866666666666667,0.026666666666666727,0.8095238095238095,0.8571428571428571,0.04761904761904756,17,9
69,0.314891164795686,-0.50183952461055,legacy67,minmax,0.7695238095238095,0.8438095238095238,0.07428571428571429,0.96,0.9866666666666667,0.026666666666666727,0.8095238095238095,0.8571428571428571,0.04761904761904756,18,9
69,0.35868164986275475,-0.44529084124207197,legacy67,minmax,0.7457142857142856,0.8438095238095238,0.09809523809523824,0.96,0.9866666666666667,0.026666666666666727,0.7857142857142857,0.8571428571428571,0.0714285714285714,19,9
69,0.5130551760589832,-0.2898359265658015,legacy67,minmax,0.7695238095238095,0.8676190476190477,0.09809523809523824,0.96,0.9866666666666667,0.026666666666666727,0.8095238095238095,0.8809523809523809,0.0714285714285714,24,9
69,0.5342937261279772,-0.27221992543153695,legacy67,minmax,0.7695238095238095,0.8676190476190477,0.09809523809523824,0.96,0.9866666666666667,0.026666666666666727,0.8095238095238095,0.8809523809523809,0.0714285714285714,24,9
69,0.5762487216478598,-0.23939002504159476,legacy67,minmax,0.7695238095238095,0.8676190476190477,0.09809523809523824,0.96,0.9866666666666667,0.026666666666666727,0.8095238095238095,0.8809523809523809,0.0714285714285714,25,9
69,0.6672367170464204,-0.17572006313185626,legacy67,minmax,0.7695238095238095,0.8676190476190477,0.09809523809523824,0.96,0.9866666666666667,0.026666666666666727,0.8095238095238095,0.8809523809523809,0.0714285714285714,25,9
69,0.7742116473996242,-0.1111402993522028,legacy67,minmax,0.7695238095238095,0.8676190476190477,0.09809523809523824,0.96,0.9866666666666667,0.026666666666666727,0.8095238095238095,0.8809523809523809,0.0714285714285714,27,9
69,0.9444574254983555,-0.02481761454243703,legacy67,minmax,0.7457142857142856,0.8676190476190477,0.12190476190476218,0.96,0.9866666666666667,0.026666666666666727,0.7857142857142857,0.8809523809523809,0.09523809523809523,27,9
69,0.9565499215943818,-0.019292359554919238,legacy67,minmax,0.7457142857142856,0.8676190476190477,0.12190476190476218,0.96,0.9866666666666667,0.026666666666666727,0.7857142857142857,0.8809523809523809,0.09523809523809523,27,9
69,1.1400863701127315,0.0569377536544464,legacy67,minmax,0.7457142857142856,0.8780952380952383,0.1323809523809527,0.96,0.9733333333333334,0.01333333333333342,0.7857142857142857,0.9047619047619048,0.11904761904761907,28,9
69,1.2030178871154662,0.08027208471124325,legacy67,minmax,0.7457142857142856,0.8780952380952383,0.1323809523809527,0.96,0.9733333333333334,0.01333333333333342,0.7857142857142857,0.9047619047619048,0.11904761904761907,28,9
69,1.2329098365270508,0.0909313175279762,legacy67,minmax,0.7457142857142856,0.8780952380952383,0.1323809523809527,0.96,0.9733333333333334,0.01333333333333342,0.7857142857142857,0.9047619047619048,0.11904761904761907,28,9
69,1.2561043700013554,0.09902572652895136,legacy67,minmax,0.7457142857142856,0.8780952380952383,0.1323809523809527,0.96,0.9733333333333334,0.01333333333333342,0.7857142857142857,0.9047619047619048,0.11904761904761907,28,9
69,1.4817820606039076,0.17078433263299386,legacy67,minmax,0.7457142857142856,0.8780952380952383,0.1323809523809527,0.96,0.9733333333333334,0.01333333333333342,0.7857142857142857,0.9047619047619048,0.11904761904761907,28,9
69,1.5375920235481748,0.1868411173731186,legacy67,minmax,0.7457142857142856,0.8780952380952383,0.1323809523809527,0.96,0.9733333333333334,0.01333333333333342,0.7857142857142857,0.9047619047619048,0.11904761904761907,29,9
69,1.7583640270008503,0.24510879027798493,legacy67,minmax,0.7219047619047618,0.8780952380952383,0.15619047619047643,0.96,0.9733333333333334,0.01333333333333342,0.7619047619047619,0.9047619047619048,0.1428571428571429,30,9
69,2.34238498471129,0.36965827544816987,legacy67,minmax,0.7219047619047618,0.8780952380952383,0.15619047619047643,0.96,0.9733333333333334,0.01333333333333342,0.7619047619047619,0.9047619047619048,0.1428571428571429,30,9
69,2.4637685958997446,0.39159991524434057,legacy67,minmax,0.7219047619047618,0.8780952380952383,0.15619047619047643,0.96,0.9733333333333334,0.01333333333333342,0.7619047619047619,0.9047619047619048,0.1428571428571429,30,9
69,2.4810409748678097,0.3946339367881464,legacy67,minmax,0.7219047619047618,0.8780952380952383,0.15619047619047643,0.96,0.9733333333333334,0.01333333333333342,0.7619047619047619,0.9047619047619048,0.1428571428571429,30,9
69,2.5378155082656626,0.40446004697283516,legacy67,minmax,0.7219047619047618,0.8780952380952383,0.15619047619047643,0.96,0.9733333333333334,0.01333333333333342,0.7619047619047619,0.9047619047619048,0.1428571428571429,30,9
69,2.692646910086177,0.43017940760575346,legacy67,minmax,0.7457142857142856,0.8780952380952383,0.1323809523809527,0.96,0.9733333333333334,0.01333333333333342,0.7857142857142857,0.9047619047619048,0.11904761904761907,30,9
69,2.801635158716258,0.4474115788895179,legacy67,minmax,0.7457142857142856,0.8780952380952383,0.1323809523809527,0.96,0.9733333333333334,0.01333333333333342,0.7857142857142857,0.9047619047619048,0.11904761904761907,30,9
69,3.113095956122122,0.4931925073102317,legacy67,minmax,0.7457142857142856,0.8780952380952383,0.1323809523809527,0.96,0.9733333333333334,0.01333333333333342,0.7857142857142857,0.9047619047619048,0.11904761904761907,30,9
69,3.550012525851159,0.5502298854208525,legacy67,minmax,0.7457142857142856,0.8780952380952383,0.1323809523809527,0.96,0.9733333333333334,0.01333333333333342,0.7857142857142857,0.9047619047619048,0.11904761904761907,30,9
69,4.467752817973904,0.6500891374159279,legacy67,minmax,0.7695238095238095,0.8780952380952383,0.10857142857142876,0.96,0.9733333333333334,0.01333333333333342,0.8095238095238095,0.9047619047619048,0.09523809523809523,28,9
69,5.456725485601473,0.7369321060486276,legacy67,minmax,0.7695238095238095,0.8780952380952383,0.10857142857142876,0.96,0.9733333333333334,0.01333333333333342,0.8095238095238095,0.9047619047619048,0.09523809523809523,28,9
69,6.72093005015611,0.8274293753904685,legacy67,minmax,0.7695238095238095,0.8780952380952383,0.10857142857142876,0.96,0.9733333333333334,0.01333333333333342,0.8095238095238095,0.9047619047619048,0.09523809523809523,29,30
69,6.7965780907581514,0.832290311184182,legacy67,minmax,0.7695238095238095,0.8780952380952383,0.10857142857142876,0.96,0.9733333333333334,0.01333333333333342,0.8095238095238095,0.9047619047619048,0.09523809523809523,29,30
69,7.128188058401357,0.85297914889198,legacy67,minmax,0.7695238095238095,0.8780952380952383,0.10857142857142876,0.96,0.9733333333333334,0.01333333333333342,0.8095238095238095,0.9047619047619048,0.09523809523809523,29,30
69,8.241925264876443,0.9160286721639492,legacy67,minmax,0.7695238095238095,0.8780952380952383,0.10857142857142876,0.96,0.9733333333333334,0.01333333333333342,0.8095238095238095,0.9047619047619048,0.09523809523809523,30,30
69,8.287522363768153,0.9184247133522563,legacy67,minmax,0.7695238095238095,0.8780952380952383,0.10857142857142876,0.96,0.9733333333333334,0.01333333333333342,0.8095238095238095,0.9047619047619048,0.09523809523809523,30,30
69,8.471801418819974,0.9279757672456204,legacy67,minmax,0.7695238095238095,0.8780952380952383,0.10857142857142876,0.96,0.9733333333333334,0.01333333333333342,0.8095238095238095,0.9047619047619048,0.09523809523809523,30,30
69,11.044350847124681,1.0431401944675898,legacy67,minmax,0.7695238095238095,0.8780952380952383,0.10857142857142876,0.96,0.9733333333333334,0.01333333333333342,0.8095238095238095,0.9047619047619048,0.09523809523809523,31,30
69,12.130221181165155,1.083868719818244,legacy67,minmax,0.7695238095238095,0.8780952380952383,0.10857142857142876,0.96,0.9733333333333334,0.01333333333333342,0.8095238095238095,0.9047619047619048,0.09523809523809523,32,30
69,12.164139351417056,1.085081386743783,legacy67,minmax,0.7695238095238095,0.8780952380952383,0.10857142857142876,0.96,0.9733333333333334,0.01333333333333342,0.8095238095238095,0.9047619047619048,0.09523809523809523,32,30
69,12.273800987852958,1.0889790771866297,legacy67,minmax,0.7695238095238095,0.8780952380952383,0.10857142857142876,0.96,0.9733333333333334,0.01333333333333342,0.8095238095238095,0.9047619047619048,0.09523809523809523,32,30
69,12.604664585649452,1.1005312934444582,legacy67,minmax,0.7695238095238095,0.8780952380952383,0.10857142857142876,0.96,0.9733333333333334,0.01333333333333342,0.8095238095238095,0.9047619047619048,0.09523809523809523,32,30
69,13.826232179369853,1.1407038455720544,legacy67,minmax,0.7695238095238095,0.8780952380952383,0.10857142857142876,0.96,0.9733333333333334,0.01333333333333342,0.8095238095238095,0.9047619047619048,0.09523809523809523,32,30
69,16.172900811143133,1.2087879230161587,legacy67,minmax,0.7695238095238095,0.8780952380952383,0.10857142857142876,0.96,0.9733333333333334,0.01333333333333342,0.8095238095238095,0.9047619047619048,0.09523809523809523,31,30
69,17.123375973163967,1.2335893924658445,legacy67,minmax,0.7695238095238095,0.8780952380952383,0.10857142857142876,0.96,0.9733333333333334,0.01333333333333342,0.8095238095238095,0.9047619047619048,0.09523809523809523,30,30
69,18.274508859816006,1.2618457138193366,legacy67,minmax,0.7695238095238095,0.8780952380952383,0.10857142857142876,0.96,0.9733333333333334,0.01333333333333342,0.8095238095238095,0.9047619047619048,0.09523809523809523,30,30
69,20.65142557895924,1.3149500366077174,legacy67,minmax,0.7695238095238095,0.8780952380952383,0.10857142857142876,0.96,0.9733333333333334,0.01333333333333342,0.8095238095238095,0.9047619047619048,0.09523809523809523,30,30
69,21.36832907235874,1.329770563201687,legacy67,minmax,0.7695238095238095,0.8780952380952383,0.10857142857142876,0.96,0.9733333333333334,0.01333333333333342,0.8095238095238095,0.9047619047619048,0.09523809523809523,31,30
69,28.340904295147727,1.452413703502374,legacy67,minmax,0.7695238095238095,0.8780952380952383,0.10857142857142876,0.96,0.9733333333333334,0.01333333333333342,0.8095238095238095,0.9047619047619048,0.09523809523809523,33,30
69,29.154431891537524,1.4647045830997407,legacy67,minmax,0.7695238095238095,0.8780952380952383,0.10857142857142876,0.96,0.9733333333333334,0.01333333333333342,0.8095238095238095,0.9047619047619048,0.09523809523809523,33,30
69,35.387588647792384,1.5488509703053062,legacy67,minmax,0.7695238095238095,0.8780952380952383,0.10857142857142876,0.96,0.9733333333333334,0.01333333333333342,0.8095238095238095,0.9047619047619048,0.09523809523809523,33,30
69,37.95853142670639,1.5793094017105953,legacy67,minmax,0.7457142857142856,0.8780952380952383,0.1323809523809527,0.96,0.9733333333333334,0.01333333333333342,0.7857142857142857,0.9047619047619048,0.11904761904761907,33,30
69,43.37920697490936,1.6372816083151283,legacy67,minmax,0.7457142857142856,0.8780952380952383,0.1323809523809527,0.96,0.9733333333333334,0.01333333333333342,0.7857142857142857,0.9047619047619048,0.11904761904761907,33,30
69,48.69640941520897,1.6874969400924673,legacy67,minmax,0.7457142857142856,0.8780952380952383,0.1323809523809527,0.96,0.9733333333333334,0.01333333333333342,0.7857142857142857,0.9047619047619048,0.11904761904761907,33,30
69,57.279044707996185,1.7579957662567565,legacy67,minmax,0.7457142857142856,0.8780952380952383,0.1323809523809527,0.96,0.9733333333333334,0.01333333333333342,0.7857142857142857,0.9047619047619048,0.11904761904761907,33,31
69,62.45139574743064,1.795542149013333,legacy67,minmax,0.7457142857142856,0.8780952380952383,0.1323809523809527,0.96,0.9733333333333334,0.01333333333333342,0.7857142857142857,0.9047619047619048,0.11904761904761907,33,31
69,63.512210106406926,1.8028572256396647,legacy67,minmax,0.7457142857142856,0.8780952380952383,0.1323809523809527,0.96,0.9733333333333334,0.01333333333333342,0.7857142857142857,0.9047619047619048,0.11904761904761907,33,31
69,72.86653737491037,1.8625281322982374,legacy67,minmax,0.7457142857142856,0.8780952380952383,0.1323809523809527,0.96,0.9733333333333334,0.01333333333333342,0.7857142857142857,0.9047619047619048,0.11904761904761907,33,31
69,75.56810141274423,1.8783385110582342,legacy67,minmax,0.7457142857142856,0.8780952380952383,0.1323809523809527,0.96,0.9733333333333334,0.01333333333333342,0.7857142857142857,0.9047619047619048,0.11904761904761907,33,31
69,75.79479953347995,1.8796394086479773,legacy67,minmax,0.7457142857142856,0.8780952380952383,0.1323809523809527,0.96,0.9733333333333334,0.01333333333333342,0.7857142857142857,0.9047619047619048,0.11904761904761907,33,31
69,88.62326508576248,1.9475477464020692,legacy67,minmax,0.7457142857142856,0.8780952380952383,0.1323809523809527,0.96,0.9733333333333334,0.01333333333333342,0.7857142857142857,0.9047619047619048,0.11904761904761907,33,32
70,0.010521761868451128,-1.9779115315055904,legacy67,minmax,0.0,0.0,0.0,1.0,1.0,0.0,0.0,0.0,0.0,0,0
70,0.012087541473056955,-1.9176620228167902,legacy67,minmax,0.0,0.0,0.0,1.0,1.0,0.0,0.0,0.0,0.0,0,0
70,0.01263794633808287,-1.8983234930236192,legacy67,minmax,0.0,0.0,0.0,1.0,1.0,0.0,0.0,0.0,0.0,0,0
70,0.013726318898045865,-1.8624459155391264,legacy67,minmax,0.0,0.0,0.0,1.0,1.0,0.0,0.0,0.0,0.0,0,0
70,0.0151673306880762,-1.8190908443578477,legacy67,minmax,0.0,0.0,0.0,1.0,1.0,0.0,0.0,0.0,0.0,0,0
70,0.015339162591163618,-1.814198349120009,legacy67,minmax,0.0,0.0,0.0,1.0,1.0,0.0,0.0,0.0,0.0,0,0
70,0.017073967431528118,-1.7676655513272022,legacy67,minmax,0.0,0.0,0.0,1.0,1.0,0.0,0.0,0.0,0.0,0,0
70,0.017956984225677628,-1.7457665988559055,legacy67,minmax,0.0,0.0,0.0,1.0,1.0,0.0,0.0,0.0,0.0,0,0
70,0.018205657658407252,-1.739793628058882,legacy67,minmax,0.0,0.0,0.0,1.0,1.0,0.0,0.0,0.0,0.0,1,0
70,0.019777828512462715,-1.7038213930636386,legacy67,minmax,0.0,0.0,0.0,1.0,1.0,0.0,0.0,0.0,0.0,3,1
70,0.01987021538542862,-1.7017974252809167,legacy67,minmax,0.0,0.0,0.0,1.0,1.0,0.0,0.0,0.0,0.0,3,1
70,0.022592797420156945,-1.646029991792322,legacy67,minmax,0.19047619047619047,0.0,-0.19047619047619047,1.0,1.0,0.0,0.19047619047619047,0.0,-0.19047619047619047,3,1
70,0.024586032763280048,-1.6093115439744645,legacy67,minmax,0.30952380952380953,0.6266666666666665,0.31714285714285695,1.0,0.96,-0.040000000000000036,0.30952380952380953,0.6666666666666666,0.3571428571428571,3,1
70,0.027012557725439066,-1.5684342920267822,legacy67,minmax,0.38095238095238093,0.6266666666666665,0.24571428571428555,1.0,0.96,-0.040000000000000036,0.38095238095238093,0.6666666666666666,0.2857142857142857,3,1
70,0.029072088906598435,-1.5365237618994811,legacy67,minmax,0.38095238095238093,0.6266666666666665,0.24571428571428555,1.0,0.96,-0.040000000000000036,0.38095238095238093,0.6666666666666666,0.2857142857142857,3,2
70,0.030086868214458433,-1.5216230162467932,legacy67,minmax,0.38095238095238093,0.6266666666666665,0.24571428571428555,1.0,0.96,-0.040000000000000036,0.38095238095238093,0.6666666666666666,0.2857142857142857,3,2
70,0.030771802712506853,-1.5118470606208847,legacy67,minmax,0.38095238095238093,0.6266666666666665,0.24571428571428555,1.0,0.96,-0.040000000000000036,0.38095238095238093,0.6666666666666666,0.2857142857142857,3,2
70,0.036138942712165265,-1.4420245573918327,legacy67,minmax,0.6190476190476191,0.6266666666666665,0.007619047619047414,1.0,0.96,-0.040000000000000036,0.6190476190476191,0.6666666666666666,0.04761904761904756,3,2
70,0.03661819220392428,-1.4363031001009494,legacy67,minmax,0.6428571428571428,0.6266666666666665,-0.01619047619047631,1.0,0.96,-0.040000000000000036,0.6428571428571429,0.6666666666666666,0.023809523809523725,3,2
70,0.04207053950287936,-1.3760219186551894,legacy67,minmax,0.6904761904761905,0.6266666666666665,-0.06380952380952398,1.0,0.96,-0.040000000000000036,0.6904761904761905,0.6666666666666666,-0.023809523809523836,5,3
70,0.04207988669606635,-1.375925438230254,legacy67,minmax,0.6904761904761905,0.6266666666666665,-0.06380952380952398,1.0,0.96,-0.040000000000000036,0.6904761904761905,0.6666666666666666,-0.023809523809523836,5,3
70,0.04809461967501572,-1.3179035052508339,legacy67,minmax,0.677142857142857,0.7219047619047618,0.04476190476190478,0.9866666666666667,0.96,-0.026666666666666727,0.6904761904761905,0.7619047619047619,0.0714285714285714,5,5
70,0.05337032762603955,-1.2727001311715975,legacy67,minmax,0.6295238095238096,0.7457142857142856,0.11619047619047596,0.9866666666666667,0.96,-0.026666666666666727,0.6428571428571429,0.7857142857142857,0.1428571428571428,5,6
70,0.05415244119402536,-1.2663819605862647,legacy67,minmax,0.6295238095238096,0.7457142857142856,0.11619047619047596,0.9866666666666667,0.96,-0.026666666666666727,0.6428571428571429,0.7857142857142857,0.1428571428571428,6,6
70,0.05488047000766042,-1.2605821778978918,legacy67,minmax,0.6295238095238096,0.7457142857142856,0.11619047619047596,0.9866666666666667,0.96,-0.026666666666666727,0.6428571428571429,0.7857142857142857,0.1428571428571428,6,6
70,0.060803901902965994,-1.2160685503234192,legacy67,minmax,0.6638095238095238,0.7457142857142856,0.0819047619047617,0.9733333333333334,0.96,-0.01333333333333342,0.6904761904761905,0.7857142857142857,0.09523809523809523,7,7
70,0.06235377135673155,-1.2051372738633104,legacy67,minmax,0.6638095238095238,0.7695238095238095,0.10571428571428565,0.9733333333333334,0.96,-0.01333333333333342,0.6904761904761905,0.8095238095238095,0.11904761904761907,7,7
70,0.06290644294586147,-1.201304871366561,legacy67,minmax,0.6638095238095238,0.7695238095238095,0.10571428571428565,0.9733333333333334,0.96,-0.01333333333333342,0.6904761904761905,0.8095238095238095,0.11904761904761907,7,7
70,0.07068974950624601,-1.1506435572868954,legacy67,minmax,0.6876190476190476,0.7933333333333334,0.10571428571428587,0.9733333333333334,0.96,-0.01333333333333342,0.7142857142857143,0.8333333333333334,0.11904761904761907,7,7
70,0.10842262717330158,-0.9648800735999323,legacy67,minmax,0.6980952380952381,0.8171428571428572,0.11904761904761907,0.96,0.96,0.0,0.7380952380952381,0.8571428571428571,0.11904761904761896,8,9
70,0.12172958098369964,-0.9146038729044164,legacy67,minmax,0.6980952380952381,0.8171428571428572,0.11904761904761907,0.96,0.96,0.0,0.7380952380952381,0.8571428571428571,0.11904761904761896,12,10
70,0.1329652145729951,-0.876261961250477,legacy67,minmax,0.6980952380952381,0.8171428571428572,0.11904761904761907,0.96,0.96,0.0,0.7380952380952381,0.8571428571428571,0.11904761904761896,12,10
70,0.14618962793704957,-0.8350834392078323,legacy67,minmax,0.6847619047619049,0.8171428571428572,0.13238095238095227,0.9466666666666667,0.96,0.013333333333333308,0.7380952380952381,0.8571428571428571,0.11904761904761896,14,10
70,0.14742753159914665,-0.8314214058591274,legacy67,minmax,0.6847619047619049,0.8171428571428572,0.13238095238095227,0.9466666666666667,0.96,0.013333333333333308,0.7380952380952381,0.8571428571428571,0.11904761904761896,14,10
70,0.16480446427978968,-0.7830310281618491,legacy67,minmax,0.660952380952381,0.8171428571428572,0.1561904761904762,0.9466666666666667,0.96,0.013333333333333308,0.7142857142857143,0.8571428571428571,0.1428571428571428,14,10
70,0.16536937182824418,-0.7815449233065173,legacy67,minmax,0.660952380952381,0.8171428571428572,0.1561904761904762,0.9466666666666667,0.96,0.013333333333333308,0.7142857142857143,0.8571428571428571,0.1428571428571428,14,10
70,0.1753594952976441,-0.7560707131373512,legacy67,minmax,0.660952380952381,0.8171428571428572,0.1561904761904762,0.9466666666666667,0.96,0.013333333333333308,0.7142857142857143,0.8571428571428571,0.1428571428571428,14,10
70,0.17654048052495064,-0.7531556956423562,legacy67,minmax,0.660952380952381,0.8171428571428572,0.1561904761904762,0.9466666666666667,0.96,0.013333333333333308,0.7142857142857143,0.8571428571428571,0.1428571428571428,14,10
70,0.1998634077852887,-0.6992667118930118,legacy67,minmax,0.660952380952381,0.8171428571428572,0.1561904761904762,0.9466666666666667,0.96,0.013333333333333308,0.7142857142857143,0.8571428571428571,0.1428571428571428,14,10
70,0.2001342062287997,-0.6986786769469426,legacy67,minmax,0.660952380952381,0.8171428571428572,0.1561904761904762,0.9466666666666667,0.96,0.013333333333333308,0.7142857142857143,0.8571428571428571,0.1428571428571428,14,10
70,0.21066486017042194,-0.6764079005894033,legacy67,minmax,0.660952380952381,0.8171428571428572,0.1561904761904762,0.9466666666666667,0.96,0.013333333333333308,0.7142857142857143,0.8571428571428571,0.1428571428571428,14,10
70,0.2673088310781669,-0.5729866932256429,legacy67,minmax,0.660952380952381,0.8171428571428572,0.1561904761904762,0.9466666666666667,0.96,0.013333333333333308,0.7142857142857143,0.8571428571428571,0.1428571428571428,16,9
70,0.2715581955282939,-0.5661370858229096,legacy67,minmax,0.660952380952381,0.8171428571428572,0.1561904761904762,0.9466666666666667,0.96,0.013333333333333308,0.7142857142857143,0.8571428571428571,0.1428571428571428,16,9
70,0.292043384718141,-0.5345526268252332,legacy67,minmax,0.660952380952381,0.8171428571428572,0.1561904761904762,0.9466666666666667,0.96,0.013333333333333308,0.7142857142857143,0.8571428571428571,0.1428571428571428,17,9
70,0.314891164795686,-0.50183952461055,legacy67,minmax,0.6980952380952381,0.8171428571428572,0.11904761904761907,0.96,0.96,0.0,0.7380952380952381,0.8571428571428571,0.11904761904761896,17,9
70,0.35868164986275475,-0.44529084124207197,legacy67,minmax,0.6980952380952381,0.8171428571428572,0.11904761904761907,0.96,0.96,0.0,0.7380952380952381,0.8571428571428571,0.11904761904761896,17,9
70,0.5130551760589832,-0.2898359265658015,legacy67,minmax,0.6980952380952381,0.8409523809523809,0.1428571428571428,0.96,0.96,0.0,0.7380952380952381,0.8809523809523809,0.1428571428571428,19,12
70,0.5342937261279772,-0.27221992543153695,legacy67,minmax,0.6980952380952381,0.8409523809523809,0.1428571428571428,0.96,0.96,0.0,0.7380952380952381,0.8809523809523809,0.1428571428571428,19,12
70,0.5762487216478598,-0.23939002504159476,legacy67,minmax,0.7114285714285715,0.8142857142857143,0.10285714285714276,0.9733333333333334,0.9333333333333333,-0.040000000000000036,0.7380952380952381,0.8809523809523809,0.1428571428571428,19,12
70,0.6672367170464204,-0.17572006313185626,legacy67,minmax,0.7114285714285715,0.8142857142857143,0.10285714285714276,0.9733333333333334,0.9333333333333333,-0.040000000000000036,0.7380952380952381,0.8809523809523809,0.1428571428571428,19,12
70,0.7742116473996242,-0.1111402993522028,legacy67,minmax,0.7114285714285715,0.8142857142857143,0.10285714285714276,0.9733333333333334,0.9333333333333333,-0.040000000000000036,0.7380952380952381,0.8809523809523809,0.1428571428571428,21,12
70,0.9444574254983555,-0.02481761454243703,legacy67,minmax,0.7114285714285715,0.8247619047619048,0.11333333333333329,0.9733333333333334,0.92,-0.053333333333333344,0.7380952380952381,0.9047619047619048,0.16666666666666663,25,12
70,0.9565499215943818,-0.019292359554919238,legacy67,minmax,0.7114285714285715,0.8247619047619048,0.11333333333333329,0.9733333333333334,0.92,-0.053333333333333344,0.7380952380952381,0.9047619047619048,0.16666666666666663,25,12
70,1.1400863701127315,0.0569377536544464,legacy67,minmax,0.7352380952380952,0.8114285714285714,0.07619047619047614,0.9733333333333334,0.9066666666666666,-0.06666666666666676,0.7619047619047619,0.9047619047619048,0.1428571428571429,26,12
70,1.2030178871154662,0.08027208471124325,legacy67,minmax,0.7352380952380952,0.8114285714285714,0.07619047619047614,0.9733333333333334,0.9066666666666666,-0.06666666666666676,0.7619047619047619,0.9047619047619048,0.1428571428571429,25,12
70,1.2329098365270508,0.0909313175279762,legacy67,minmax,0.7352380952380952,0.8114285714285714,0.07619047619047614,0.9733333333333334,0.9066666666666666,-0.06666666666666676,0.7619047619047619,0.9047619047619048,0.1428571428571429,25,12
70,1.2561043700013554,0.09902572652895136,legacy67,minmax,0.7352380952380952,0.8114285714285714,0.07619047619047614,0.9733333333333334,0.9066666666666666,-0.06666666666666676,0.7619047619047619,0.9047619047619048,0.1428571428571429,25,12
70,1.4817820606039076,0.17078433263299386,legacy67,minmax,0.7590476190476192,0.8114285714285714,0.052380952380952195,0.9733333333333334,0.9066666666666666,-0.06666666666666676,0.7857142857142857,0.9047619047619048,0.11904761904761907,25,12
70,1.5375920235481748,0.1868411173731186,legacy67,minmax,0.7590476190476192,0.8114285714285714,0.052380952380952195,0.9733333333333334,0.9066666666666666,-0.06666666666666676,0.7857142857142857,0.9047619047619048,0.11904761904761907,25,12
70,1.7583640270008503,0.24510879027798493,legacy67,minmax,0.7590476190476192,0.8114285714285714,0.052380952380952195,0.9733333333333334,0.9066666666666666,-0.06666666666666676,0.7857142857142857,0.9047619047619048,0.11904761904761907,26,12
70,2.34238498471129,0.36965827544816987,legacy67,minmax,0.7590476190476192,0.8114285714285714,0.052380952380952195,0.9733333333333334,0.9066666666666666,-0.06666666666666676,0.7857142857142857,0.9047619047619048,0.11904761904761907,28,12
70,2.4637685958997446,0.39159991524434057,legacy67,minmax,0.7590476190476192,0.8114285714285714,0.052380952380952195,0.9733333333333334,0.9066666666666666,-0.06666666666666676,0.7857142857142857,0.9047619047619048,0.11904761904761907,28,12
70,2.4810409748678097,0.3946339367881464,legacy67,minmax,0.7590476190476192,0.8114285714285714,0.052380952380952195,0.9733333333333334,0.9066666666666666,-0.06666666666666676,0.7857142857142857,0.9047619047619048,0.11904761904761907,28,12
70,2.5378155082656626,0.40446004697283516,legacy67,minmax,0.7590476190476192,0.8114285714285714,0.052380952380952195,0.9733333333333334,0.9066666666666666,-0.06666666666666676,0.7857142857142857,0.9047619047619048,0.11904761904761907,28,12
70,2.692646910086177,0.43017940760575346,legacy67,minmax,0.7590476190476192,0.8114285714285714,0.052380952380952195,0.9733333333333334,0.9066666666666666,-0.06666666666666676,0.7857142857142857,0.9047619047619048,0.11904761904761907,30,12
70,2.801635158716258,0.4474115788895179,legacy67,minmax,0.7590476190476192,0.8114285714285714,0.052380952380952195,0.9733333333333334,0.9066666666666666,-0.06666666666666676,0.7857142857142857,0.9047619047619048,0.11904761904761907,30,12
70,3.113095956122122,0.4931925073102317,legacy67,minmax,0.7590476190476192,0.8114285714285714,0.052380952380952195,0.9733333333333334,0.9066666666666666,-0.06666666666666676,0.7857142857142857,0.9047619047619048,0.11904761904761907,30,12
70,3.550012525851159,0.5502298854208525,legacy67,minmax,0.7590476190476192,0.8114285714285714,0.052380952380952195,0.9733333333333334,0.9066666666666666,-0.06666666666666676,0.7857142857142857,0.9047619047619048,0.11904761904761907,31,12
70,4.467752817973904,0.6500891374159279,legacy67,minmax,0.7590476190476192,0.8114285714285714,0.052380952380952195,0.9733333333333334,0.9066666666666666,-0.06666666666666676,0.7857142857142857,0.9047619047619048,0.11904761904761907,31,12
70,5.456725485601473,0.7369321060486276,legacy67,minmax,0.7590476190476192,0.8114285714285714,0.052380952380952195,0.9733333333333334,0.9066666666666666,-0.06666666666666676,0.7857142857142857,0.9047619047619048,0.11904761904761907,31,12
70,6.72093005015611,0.8274293753904685,legacy67,minmax,0.7590476190476192,0.8114285714285714,0.052380952380952195,0.9733333333333334,0.9066666666666666,-0.06666666666666676,0.7857142857142857,0.9047619047619048,0.11904761904761907,31,12
70,6.7965780907581514,0.832290311184182,legacy67,minmax,0.7590476190476192,0.8114285714285714,0.052380952380952195,0.9733333333333334,0.9066666666666666,-0.06666666666666676,0.7857142857142857,0.9047619047619048,0.11904761904761907,31,13
70,7.128188058401357,0.85297914889198,legacy67,minmax,0.7352380952380952,0.8114285714285714,0.07619047619047614,0.9733333333333334,0.9066666666666666,-0.06666666666666676,0.7619047619047619,0.9047619047619048,0.1428571428571429,31,12
70,8.241925264876443,0.9160286721639492,legacy67,minmax,0.7352380952380952,0.8114285714285714,0.07619047619047614,0.9733333333333334,0.9066666666666666,-0.06666666666666676,0.7619047619047619,0.9047619047619048,0.1428571428571429,31,13
70,8.287522363768153,0.9184247133522563,legacy67,minmax,0.7352380952380952,0.8114285714285714,0.07619047619047614,0.9733333333333334,0.9066666666666666,-0.06666666666666676,0.7619047619047619,0.9047619047619048,0.1428571428571429,31,13
70,8.471801418819974,0.9279757672456204,legacy67,minmax,0.7352380952380952,0.8114285714285714,0.07619047619047614,0.9733333333333334,0.9066666666666666,-0.06666666666666676,0.7619047619047619,0.9047619047619048,0.1428571428571429,31,13
70,11.044350847124681,1.0431401944675898,legacy67,minmax,0.7219047619047618,0.8114285714285714,0.08952380952380956,0.96,0.9066666666666666,-0.053333333333333344,0.7619047619047619,0.9047619047619048,0.1428571428571429,31,28
70,12.130221181165155,1.083868719818244,legacy67,minmax,0.7219047619047618,0.8114285714285714,0.08952380952380956,0.96,0.9066666666666666,-0.053333333333333344,0.7619047619047619,0.9047619047619048,0.1428571428571429,31,28
70,12.164139351417056,1.085081386743783,legacy67,minmax,0.7219047619047618,0.8114285714285714,0.08952380952380956,0.96,0.9066666666666666,-0.053333333333333344,0.7619047619047619,0.9047619047619048,0.1428571428571429,31,28
70,12.273800987852958,1.0889790771866297,legacy67,minmax,0.7219047619047618,0.8114285714285714,0.08952380952380956,0.96,0.9066666666666666,-0.053333333333333344,0.7619047619047619,0.9047619047619048,0.1428571428571429,31,28
70,12.604664585649452,1.1005312934444582,legacy67,minmax,0.7219047619047618,0.8114285714285714,0.08952380952380956,0.96,0.9066666666666666,-0.053333333333333344,0.7619047619047619,0.9047619047619048,0.1428571428571429,31,28
70,13.826232179369853,1.1407038455720544,legacy67,minmax,0.7219047619047618,0.7980952380952382,0.07619047619047636,0.96,0.8933333333333333,-0.06666666666666665,0.7619047619047619,0.9047619047619048,0.1428571428571429,31,28
70,16.172900811143133,1.2087879230161587,legacy67,minmax,0.7219047619047618,0.7980952380952382,0.07619047619047636,0.96,0.8933333333333333,-0.06666666666666665,0.7619047619047619,0.9047619047619048,0.1428571428571429,31,28
70,17.123375973163967,1.2335893924658445,legacy67,minmax,0.7219047619047618,0.7980952380952382,0.07619047619047636,0.96,0.8933333333333333,-0.06666666666666665,0.7619047619047619,0.9047619047619048,0.1428571428571429,31,28
70,18.274508859816006,1.2618457138193366,legacy67,minmax,0.7219047619047618,0.7980952380952382,0.07619047619047636,0.96,0.8933333333333333,-0.06666666666666665,0.7619047619047619,0.9047619047619048,0.1428571428571429,31,28
70,20.65142557895924,1.3149500366077174,legacy67,minmax,0.7219047619047618,0.8114285714285714,0.08952380952380956,0.96,0.9066666666666666,-0.053333333333333344,0.7619047619047619,0.9047619047619048,0.1428571428571429,32,29
70,21.36832907235874,1.329770563201687,legacy67,minmax,0.7219047619047618,0.8114285714285714,0.08952380952380956,0.96,0.9066666666666666,-0.053333333333333344,0.7619047619047619,0.9047619047619048,0.1428571428571429,32,29
70,28.340904295147727,1.452413703502374,legacy67,minmax,0.7219047619047618,0.8114285714285714,0.08952380952380956,0.96,0.9066666666666666,-0.053333333333333344,0.7619047619047619,0.9047619047619048,0.1428571428571429,33,29
70,29.154431891537524,1.4647045830997407,legacy67,minmax,0.7219047619047618,0.8114285714285714,0.08952380952380956,0.96,0.9066666666666666,-0.053333333333333344,0.7619047619047619,0.9047619047619048,0.1428571428571429,33,29
70,35.387588647792384,1.5488509703053062,legacy67,minmax,0.7219047619047618,0.8114285714285714,0.08952380952380956,0.96,0.9066666666666666,-0.053333333333333344,0.7619047619047619,0.9047619047619048,0.1428571428571429,33,29
70,37.95853142670639,1.5793094017105953,legacy67,minmax,0.7219047619047618,0.8114285714285714,0.08952380952380956,0.96,0.9066666666666666,-0.053333333333333344,0.7619047619047619,0.9047619047619048,0.1428571428571429,33,29
70,43.37920697490936,1.6372816083151283,legacy67,minmax,0.7219047619047618,0.8114285714285714,0.08952380952380956,0.96,0.9066666666666666,-0.053333333333333344,0.7619047619047619,0.9047619047619048,0.1428571428571429,33,29
70,48.69640941520897,1.6874969400924673,legacy67,minmax,0.7219047619047618,0.8114285714285714,0.08952380952380956,0.96,0.9066666666666666,-0.053333333333333344,0.7619047619047619,0.9047619047619048,0.1428571428571429,33,29
70,57.279044707996185,1.7579957662567565,legacy67,minmax,0.7219047619047618,0.8114285714285714,0.08952380952380956,0.96,0.9066666666666666,-0.053333333333333344,0.7619047619047619,0.9047619047619048,0.1428571428571429,33,30
70,62.45139574743064,1.795542149013333,legacy67,minmax,0.7219047619047618,0.8114285714285714,0.08952380952380956,0.96,0.9066666666666666,-0.053333333333333344,0.7619047619047619,0.9047619047619048,0.1428571428571429,33,30
70,63.512210106406926,1.8028572256396647,legacy67,minmax,0.7219047619047618,0.8114285714285714,0.08952380952380956,0.96,0.9066666666666666,-0.053333333333333344,0.7619047619047619,0.9047619047619048,0.1428571428571429,33,30
70,72.86653737491037,1.8625281322982374,legacy67,minmax,0.7219047619047618,0.7980952380952382,0.07619047619047636,0.96,0.8933333333333333,-0.06666666666666665,0.7619047619047619,0.9047619047619048,0.1428571428571429,33,30
70,75.56810141274423,1.8783385110582342,legacy67,minmax,0.7219047619047618,0.7980952380952382,0.07619047619047636,0.96,0.8933333333333333,-0.06666666666666665,0.7619047619047619,0.9047619047619048,0.1428571428571429,33,30
70,75.79479953347995,1.8796394086479773,legacy67,minmax,0.7219047619047618,0.7980952380952382,0.07619047619047636,0.96,0.8933333333333333,-0.06666666666666665,0.7619047619047619,0.9047619047619048,0.1428571428571429,33,30
70,88.62326508576248,1.9475477464020692,legacy67,minmax,0.7219047619047618,0.7847619047619048,0.06285714285714294,0.96,0.88,-0.07999999999999996,0.7619047619047619,0.9047619047619048,0.1428571428571429,33,31
71,0.010521761868451128,-1.9779115315055904,legacy67,minmax,0.0,0.0,0.0,1.0,1.0,0.0,0.0,0.0,0.0,0,0
71,0.012087541473056955,-1.9176620228167902,legacy67,minmax,0.0,0.0,0.0,1.0,1.0,0.0,0.0,0.0,0.0,0,0
71,0.01263794633808287,-1.8983234930236192,legacy67,minmax,0.0,0.0,0.0,1.0,1.0,0.0,0.0,0.0,0.0,0,0
71,0.013726318898045865,-1.8624459155391264,legacy67,minmax,0.0,0.0,0.0,1.0,1.0,0.0,0.0,0.0,0.0,0,0
71,0.0151673306880762,-1.8190908443578477,legacy67,minmax,0.0,0.0,0.0,1.0,1.0,0.0,0.0,0.0,0.0,0,0
71,0.015339162591163618,-1.814198349120009,legacy67,minmax,0.0,0.0,0.0,1.0,1.0,0.0,0.0,0.0,0.0,1,0
71,0.017073967431528118,-1.7676655513272022,legacy67,minmax,0.0,0.0,0.0,1.0,1.0,0.0,0.0,0.0,0.0,1,1
71,0.017956984225677628,-1.7457665988559055,legacy67,minmax,0.0,0.0,0.0,1.0,1.0,0.0,0.0,0.0,0.0,1,1
71,0.018205657658407252,-1.739793628058882,legacy67,minmax,0.0,0.0,0.0,1.0,1.0,0.0,0.0,0.0,0.0,1,1
71,0.019777828512462715,-1.7038213930636386,legacy67,minmax,0.04761904761904767,0.0,-0.04761904761904767,1.0,1.0,0.0,0.047619047619047616,0.0,-0.047619047619047616,1,1
71,0.01987021538542862,-1.7017974252809167,legacy67,minmax,0.04761904761904767,0.0,-0.04761904761904767,1.0,1.0,0.0,0.047619047619047616,0.0,-0.047619047619047616,1,1
71,0.022592797420156945,-1.646029991792322,legacy67,minmax,0.0714285714285714,0.30952380952380953,0.23809523809523814,1.0,1.0,0.0,0.07142857142857142,0.30952380952380953,0.2380952380952381,2,2
71,0.024586032763280048,-1.6093115439744645,legacy67,minmax,0.11904761904761907,0.30952380952380953,0.19047619047619047,1.0,1.0,0.0,0.11904761904761904,0.30952380952380953,0.1904761904761905,2,2
71,0.027012557725439066,-1.5684342920267822,legacy67,minmax,0.1428571428571428,0.30952380952380953,0.16666666666666674,1.0,1.0,0.0,0.14285714285714285,0.30952380952380953,0.16666666666666669,3,2
71,0.029072088906598435,-1.5365237618994811,legacy67,minmax,0.16666666666666674,0.30952380952380953,0.1428571428571428,1.0,1.0,0.0,0.16666666666666666,0.30952380952380953,0.14285714285714288,3,2
71,0.030086868214458433,-1.5216230162467932,legacy67,minmax,0.23809523809523814,0.30952380952380953,0.0714285714285714,1.0,1.0,0.0,0.23809523809523808,0.30952380952380953,0.07142857142857145,3,2
71,0.030771802712506853,-1.5118470606208847,legacy67,minmax,0.26190476190476186,0.30952380952380953,0.04761904761904767,1.0,1.0,0.0,0.2619047619047619,0.30952380952380953,0.047619047619047616,3,2
71,0.036138942712165265,-1.4420245573918327,legacy67,minmax,0.33333333333333326,0.30952380952380953,-0.023809523809523725,1.0,1.0,0.0,0.3333333333333333,0.30952380952380953,-0.02380952380952378,5,2
71,0.03661819220392428,-1.4363031001009494,legacy67,minmax,0.33333333333333326,0.30952380952380953,-0.023809523809523725,1.0,1.0,0.0,0.3333333333333333,0.30952380952380953,-0.02380952380952378,5,2
71,0.04207053950287936,-1.3760219186551894,legacy67,minmax,0.45238095238095233,0.30952380952380953,-0.1428571428571428,1.0,1.0,0.0,0.4523809523809524,0.30952380952380953,-0.14285714285714285,5,2
71,0.04207988669606635,-1.375925438230254,legacy67,minmax,0.45238095238095233,0.30952380952380953,-0.1428571428571428,1.0,1.0,0.0,0.4523809523809524,0.30952380952380953,-0.14285714285714285,5,2
71,0.04809461967501572,-1.3179035052508339,legacy67,minmax,0.4761904761904763,0.4285714285714286,-0.04761904761904767,1.0,1.0,0.0,0.47619047619047616,0.42857142857142855,-0.047619047619047616,5,4
71,0.05337032762603955,-1.2727001311715975,legacy67,minmax,0.5476190476190477,0.4285714285714286,-0.11904761904761907,1.0,1.0,0.0,0.5476190476190477,0.42857142857142855,-0.11904761904761912,5,4
71,0.05415244119402536,-1.2663819605862647,legacy67,minmax,0.5476190476190477,0.4285714285714286,-0.11904761904761907,1.0,1.0,0.0,0.5476190476190477,0.42857142857142855,-0.11904761904761912,5,4
71,0.05488047000766042,-1.2605821778978918,legacy67,minmax,0.5476190476190477,0.4285714285714286,-0.11904761904761907,1.0,1.0,0.0,0.5476190476190477,0.42857142857142855,-0.11904761904761912,5,4
71,0.060803901902965994,-1.2160685503234192,legacy67,minmax,0.5714285714285714,0.4285714285714286,-0.1428571428571428,1.0,1.0,0.0,0.5714285714285714,0.42857142857142855,-0.14285714285714285,6,4
71,0.06235377135673155,-1.2051372738633104,legacy67,minmax,0.5714285714285714,0.4285714285714286,-0.1428571428571428,1.0,1.0,0.0,0.5714285714285714,0.42857142857142855,-0.14285714285714285,6,4
71,0.06290644294586147,-1.201304871366561,legacy67,minmax,0.5714285714285714,0.6190476190476191,0.04761904761904767,1.0,1.0,0.0,0.5714285714285714,0.6190476190476191,0.04761904761904767,6,4
71,0.07068974950624601,-1.1506435572868954,legacy67,minmax,0.5714285714285714,0.6057142857142859,0.034285714285714475,1.0,0.9866666666666667,-0.013333333333333308,0.5714285714285714,0.6190476190476191,0.04761904761904767,7,4
71,0.10842262717330158,-0.9648800735999323,legacy67,minmax,0.558095238095238,0.6295238095238096,0.07142857142857162,0.9866666666666667,0.9866666666666667,0.0,0.5714285714285714,0.6428571428571429,0.07142857142857151,7,6
71,0.12172958098369964,-0.9146038729044164,legacy67,minmax,0.558095238095238,0.7247619047619049,0.16666666666666696,0.9866666666666667,0.9866666666666667,0.0,0.5714285714285714,0.7380952380952381,0.16666666666666674,8,6
71,0.1329652145729951,-0.876261961250477,legacy67,minmax,0.5819047619047619,0.7247619047619049,0.14285714285714302,0.9866666666666667,0.9866666666666667,0.0,0.5952380952380952,0.7380952380952381,0.1428571428571429,9,7
71,0.14618962793704957,-0.8350834392078323,legacy67,minmax,0.5819047619047619,0.7247619047619049,0.14285714285714302,0.9866666666666667,0.9866666666666667,0.0,0.5952380952380952,0.7380952380952381,0.1428571428571429,11,7
71,0.14742753159914665,-0.8314214058591274,legacy67,minmax,0.5819047619047619,0.7247619047619049,0.14285714285714302,0.9866666666666667,0.9866666666666667,0.0,0.5952380952380952,0.7380952380952381,0.1428571428571429,11,7
71,0.16480446427978968,-0.7830310281618491,legacy67,minmax,0.5819047619047619,0.7247619047619049,0.14285714285714302,0.9866666666666667,0.9866666666666667,0.0,0.5952380952380952,0.7380952380952381,0.1428571428571429,11,8
71,0.16536937182824418,-0.7815449233065173,legacy67,minmax,0.5819047619047619,0.7247619047619049,0.14285714285714302,0.9866666666666667,0.9866666666666667,0.0,0.5952380952380952,0.7380952380952381,0.1428571428571429,11,8
71,0.1753594952976441,-0.7560707131373512,legacy67,minmax,0.5819047619047619,0.7485714285714287,0.16666666666666674,0.9866666666666667,0.9866666666666667,0.0,0.5952380952380952,0.7619047619047619,0.16666666666666663,11,8
71,0.17654048052495064,-0.7531556956423562,legacy67,minmax,0.5819047619047619,0.7485714285714287,0.16666666666666674,0.9866666666666667,0.9866666666666667,0.0,0.5952380952380952,0.7619047619047619,0.16666666666666663,11,8
71,0.1998634077852887,-0.6992667118930118,legacy67,minmax,0.5819047619047619,0.7428571428571429,0.16095238095238096,0.9866666666666667,0.9333333333333333,-0.053333333333333344,0.5952380952380952,0.8095238095238095,0.2142857142857143,12,8
71,0.2001342062287997,-0.6986786769469426,legacy67,minmax,0.5819047619047619,0.7428571428571429,0.16095238095238096,0.9866666666666667,0.9333333333333333,-0.053333333333333344,0.5952380952380952,0.8095238095238095,0.2142857142857143,12,8
71,0.21066486017042194,-0.6764079005894033,legacy67,minmax,0.6057142857142859,0.7428571428571429,0.137142857142857,0.9866666666666667,0.9333333333333333,-0.053333333333333344,0.6190476190476191,0.8095238095238095,0.19047619047619047,12,8
71,0.2673088310781669,-0.5729866932256429,legacy67,minmax,0.6295238095238096,0.7428571428571429,0.11333333333333329,0.9866666666666667,0.9333333333333333,-0.053333333333333344,0.6428571428571429,0.8095238095238095,0.16666666666666663,14,8
71,0.2715581955282939,-0.5661370858229096,legacy67,minmax,0.6295238095238096,0.7428571428571429,0.11333333333333329,0.9866666666666667,0.9333333333333333,-0.053333333333333344,0.6428571428571429,0.8095238095238095,0.16666666666666663,15,8
71,0.292043384718141,-0.5345526268252332,legacy67,minmax,0.6295238095238096,0.7904761904761903,0.16095238095238074,0.9866666666666667,0.9333333333333333,-0.053333333333333344,0.6428571428571429,0.8571428571428571,0.2142857142857142,15,8
71,0.314891164795686,-0.50183952461055,legacy67,minmax,0.6533333333333333,0.7904761904761903,0.137142857142857,0.9866666666666667,0.9333333333333333,-0.053333333333333344,0.6666666666666666,0.8571428571428571,0.19047619047619047,17,8
71,0.35868164986275475,-0.44529084124207197,legacy67,minmax,0.6295238095238096,0.7904761904761903,0.16095238095238074,0.9866666666666667,0.9333333333333333,-0.053333333333333344,0.6428571428571429,0.8571428571428571,0.2142857142857142,18,8
71,0.5130551760589832,-0.2898359265658015,legacy67,minmax,0.6533333333333333,0.8380952380952382,0.1847619047619049,0.9866666666666667,0.9333333333333333,-0.053333333333333344,0.6666666666666666,0.9047619047619048,0.23809523809523814,20,8
71,0.5342937261279772,-0.27221992543153695,legacy67,minmax,0.6533333333333333,0.8380952380952382,0.1847619047619049,0.9866666666666667,0.9333333333333333,-0.053333333333333344,0.6666666666666666,0.9047619047619048,0.23809523809523814,20,8
71,0.5762487216478598,-0.23939002504159476,legacy67,minmax,0.6533333333333333,0.8380952380952382,0.1847619047619049,0.9866666666666667,0.9333333333333333,-0.053333333333333344,0.6666666666666666,0.9047619047619048,0.23809523809523814,21,8
71,0.6672367170464204,-0.17572006313185626,legacy67,minmax,0.6533333333333333,0.8380952380952382,0.1847619047619049,0.9866666666666667,0.9333333333333333,-0.053333333333333344,0.6666666666666666,0.9047619047619048,0.23809523809523814,22,8
71,0.7742116473996242,-0.1111402993522028,legacy67,minmax,0.6295238095238096,0.8380952380952382,0.20857142857142863,0.9866666666666667,0.9333333333333333,-0.053333333333333344,0.6428571428571429,0.9047619047619048,0.26190476190476186,21,8
71,0.9444574254983555,-0.02481761454243703,legacy67,minmax,0.6295238095238096,0.8352380952380951,0.20571428571428552,0.9866666666666667,0.9066666666666666,-0.08000000000000007,0.6428571428571429,0.9285714285714286,0.2857142857142857,23,8
71,0.9565499215943818,-0.019292359554919238,legacy67,minmax,0.6295238095238096,0.8352380952380951,0.20571428571428552,0.9866666666666667,0.9066666666666666,-0.08000000000000007,0.6428571428571429,0.9285714285714286,0.2857142857142857,24,8
71,1.1400863701127315,0.0569377536544464,legacy67,minmax,0.677142857142857,0.8323809523809524,0.1552380952380954,0.9866666666666667,0.88,-0.10666666666666669,0.6904761904761905,0.9523809523809523,0.26190476190476186,25,8
71,1.2030178871154662,0.08027208471124325,legacy67,minmax,0.677142857142857,0.8323809523809524,0.1552380952380954,0.9866666666666667,0.88,-0.10666666666666669,0.6904761904761905,0.9523809523809523,0.26190476190476186,26,8
71,1.2329098365270508,0.0909313175279762,legacy67,minmax,0.677142857142857,0.8323809523809524,0.1552380952380954,0.9866666666666667,0.88,-0.10666666666666669,0.6904761904761905,0.9523809523809523,0.26190476190476186,26,8
71,1.2561043700013554,0.09902572652895136,legacy67,minmax,0.677142857142857,0.8323809523809524,0.1552380952380954,0.9866666666666667,0.88,-0.10666666666666669,0.6904761904761905,0.9523809523809523,0.26190476190476186,26,8
71,1.4817820606039076,0.17078433263299386,legacy67,minmax,0.700952380952381,0.8323809523809524,0.13142857142857145,0.9866666666666667,0.88,-0.10666666666666669,0.7142857142857143,0.9523809523809523,0.23809523809523803,26,8
71,1.5375920235481748,0.1868411173731186,legacy67,minmax,0.700952380952381,0.8323809523809524,0.13142857142857145,0.9866666666666667,0.88,-0.10666666666666669,0.7142857142857143,0.9523809523809523,0.23809523809523803,26,8
71,1.7583640270008503,0.24510879027798493,legacy67,minmax,0.7114285714285715,0.8323809523809524,0.12095238095238092,0.9733333333333334,0.88,-0.09333333333333338,0.7380952380952381,0.9523809523809523,0.2142857142857142,28,8
71,2.34238498471129,0.36965827544816987,legacy67,minmax,0.7114285714285715,0.8323809523809524,0.12095238095238092,0.9733333333333334,0.88,-0.09333333333333338,0.7380952380952381,0.9523809523809523,0.2142857142857142,30,8
71,2.4637685958997446,0.39159991524434057,legacy67,minmax,0.7114285714285715,0.8323809523809524,0.12095238095238092,0.9733333333333334,0.88,-0.09333333333333338,0.7380952380952381,0.9523809523809523,0.2142857142857142,30,8
71,2.4810409748678097,0.3946339367881464,legacy67,minmax,0.7114285714285715,0.8323809523809524,0.12095238095238092,0.9733333333333334,0.88,-0.09333333333333338,0.7380952380952381,0.9523809523809523,0.2142857142857142,30,8
71,2.5378155082656626,0.40446004697283516,legacy67,minmax,0.7114285714285715,0.8323809523809524,0.12095238095238092,0.9733333333333334,0.88,-0.09333333333333338,0.7380952380952381,0.9523809523809523,0.2142857142857142,30,8
71,2.692646910086177,0.43017940760575346,legacy67,minmax,0.7114285714285715,0.8323809523809524,0.12095238095238092,0.9733333333333334,0.88,-0.09333333333333338,0.7380952380952381,0.9523809523809523,0.2142857142857142,30,8
71,2.801635158716258,0.4474115788895179,legacy67,minmax,0.7114285714285715,0.8323809523809524,0.12095238095238092,0.9733333333333334,0.88,-0.09333333333333338,0.7380952380952381,0.9523809523809523,0.2142857142857142,30,8
71,3.113095956122122,0.4931925073102317,legacy67,minmax,0.7352380952380952,0.8323809523809524,0.0971428571428572,0.9733333333333334,0.88,-0.09333333333333338,0.7619047619047619,0.9523809523809523,0.19047619047619047,31,8
71,3.550012525851159,0.5502298854208525,legacy67,minmax,0.7219047619047618,0.8323809523809524,0.11047619047619062,0.96,0.88,-0.07999999999999996,0.7619047619047619,0.9523809523809523,0.19047619047619047,30,8
71,4.467752817973904,0.6500891374159279,legacy67,minmax,0.7085714285714286,0.8323809523809524,0.12380952380952381,0.9466666666666667,0.88,-0.06666666666666665,0.7619047619047619,0.9523809523809523,0.19047619047619047,30,8
71,5.456725485601473,0.7369321060486276,legacy67,minmax,0.7085714285714286,0.8323809523809524,0.12380952380952381,0.9466666666666667,0.88,-0.06666666666666665,0.7619047619047619,0.9523809523809523,0.19047619047619047,30,8
71,6.72093005015611,0.8274293753904685,legacy67,minmax,0.7085714285714286,0.8323809523809524,0.12380952380952381,0.9466666666666667,0.88,-0.06666666666666665,0.7619047619047619,0.9523809523809523,0.19047619047619047,31,8
71,6.7965780907581514,0.832290311184182,legacy67,minmax,0.7085714285714286,0.8323809523809524,0.12380952380952381,0.9466666666666667,0.88,-0.06666666666666665,0.7619047619047619,0.9523809523809523,0.19047619047619047,31,8
71,7.128188058401357,0.85297914889198,legacy67,minmax,0.7085714285714286,0.8323809523809524,0.12380952380952381,0.9466666666666667,0.88,-0.06666666666666665,0.7619047619047619,0.9523809523809523,0.19047619047619047,31,8
71,8.241925264876443,0.9160286721639492,legacy67,minmax,0.7085714285714286,0.8323809523809524,0.12380952380952381,0.9466666666666667,0.88,-0.06666666666666665,0.7619047619047619,0.9523809523809523,0.19047619047619047,32,31
71,8.287522363768153,0.9184247133522563,legacy67,minmax,0.7085714285714286,0.8323809523809524,0.12380952380952381,0.9466666666666667,0.88,-0.06666666666666665,0.7619047619047619,0.9523809523809523,0.19047619047619047,32,31
71,8.471801418819974,0.9279757672456204,legacy67,minmax,0.6952380952380952,0.8323809523809524,0.13714285714285723,0.9333333333333333,0.88,-0.053333333333333344,0.7619047619047619,0.9523809523809523,0.19047619047619047,32,31
71,11.044350847124681,1.0431401944675898,legacy67,minmax,0.7190476190476192,0.8323809523809524,0.11333333333333329,0.9333333333333333,0.88,-0.053333333333333344,0.7857142857142857,0.9523809523809523,0.16666666666666663,32,31
71,12.130221181165155,1.083868719818244,legacy67,minmax,0.7190476190476192,0.8323809523809524,0.11333333333333329,0.9333333333333333,0.88,-0.053333333333333344,0.7857142857142857,0.9523809523809523,0.16666666666666663,32,31
71,12.164139351417056,1.085081386743783,legacy67,minmax,0.7190476190476192,0.8323809523809524,0.11333333333333329,0.9333333333333333,0.88,-0.053333333333333344,0.7857142857142857,0.9523809523809523,0.16666666666666663,32,31
71,12.273800987852958,1.0889790771866297,legacy67,minmax,0.7190476190476192,0.8323809523809524,0.11333333333333329,0.9333333333333333,0.88,-0.053333333333333344,0.7857142857142857,0.9523809523809523,0.16666666666666663,32,31
71,12.604664585649452,1.1005312934444582,legacy67,minmax,0.7190476190476192,0.8323809523809524,0.11333333333333329,0.9333333333333333,0.88,-0.053333333333333344,0.7857142857142857,0.9523809523809523,0.16666666666666663,32,31
71,13.826232179369853,1.1407038455720544,legacy67,minmax,0.7190476190476192,0.8323809523809524,0.11333333333333329,0.9333333333333333,0.88,-0.053333333333333344,0.7857142857142857,0.9523809523809523,0.16666666666666663,32,31
71,16.172900811143133,1.2087879230161587,legacy67,minmax,0.7190476190476192,0.8323809523809524,0.11333333333333329,0.9333333333333333,0.88,-0.053333333333333344,0.7857142857142857,0.9523809523809523,0.16666666666666663,32,31
71,17.123375973163967,1.2335893924658445,legacy67,minmax,0.6952380952380952,0.8323809523809524,0.13714285714285723,0.9333333333333333,0.88,-0.053333333333333344,0.7619047619047619,0.9523809523809523,0.19047619047619047,32,31
71,18.274508859816006,1.2618457138193366,legacy67,minmax,0.6952380952380952,0.8323809523809524,0.13714285714285723,0.9333333333333333,0.88,-0.053333333333333344,0.7619047619047619,0.9523809523809523,0.19047619047619047,32,31
71,20.65142557895924,1.3149500366077174,legacy67,minmax,0.6952380952380952,0.8323809523809524,0.13714285714285723,0.9333333333333333,0.88,-0.053333333333333344,0.7619047619047619,0.9523809523809523,0.19047619047619047,32,31
71,21.36832907235874,1.329770563201687,legacy67,minmax,0.6952380952380952,0.8323809523809524,0.13714285714285723,0.9333333333333333,0.88,-0.053333333333333344,0.7619047619047619,0.9523809523809523,0.19047619047619047,32,31
71,28.340904295147727,1.452413703502374,legacy67,minmax,0.6952380952380952,0.8323809523809524,0.13714285714285723,0.9333333333333333,0.88,-0.053333333333333344,0.7619047619047619,0.9523809523809523,0.19047619047619047,32,31
71,29.154431891537524,1.4647045830997407,legacy67,minmax,0.6952380952380952,0.8323809523809524,0.13714285714285723,0.9333333333333333,0.88,-0.053333333333333344,0.7619047619047619,0.9523809523809523,0.19047619047619047,32,31
71,35.387588647792384,1.5488509703053062,legacy67,minmax,0.6952380952380952,0.8323809523809524,0.13714285714285723,0.9333333333333333,0.88,-0.053333333333333344,0.7619047619047619,0.9523809523809523,0.19047619047619047,32,31
71,37.95853142670639,1.5793094017105953,legacy67,minmax,0.6952380952380952,0.8323809523809524,0.13714285714285723,0.9333333333333333,0.88,-0.053333333333333344,0.7619047619047619,0.9523809523809523,0.19047619047619047,32,31
71,43.37920697490936,1.6372816083151283,legacy67,minmax,0.6714285714285715,0.8323809523809524,0.16095238095238096,0.9333333333333333,0.88,-0.053333333333333344,0.7380952380952381,0.9523809523809523,0.2142857142857142,33,31
71,48.69640941520897,1.6874969400924673,legacy67,minmax,0.6714285714285715,0.8323809523809524,0.16095238095238096,0.9333333333333333,0.88,-0.053333333333333344,0.7380952380952381,0.9523809523809523,0.2142857142857142,33,31
71,57.279044707996185,1.7579957662567565,legacy67,minmax,0.6714285714285715,0.8323809523809524,0.16095238095238096,0.9333333333333333,0.88,-0.053333333333333344,0.7380952380952381,0.9523809523809523,0.2142857142857142,33,31
71,62.45139574743064,1.795542149013333,legacy67,minmax,0.6714285714285715,0.8323809523809524,0.16095238095238096,0.9333333333333333,0.88,-0.053333333333333344,0.7380952380952381,0.9523809523809523,0.2142857142857142,33,31
71,63.512210106406926,1.8028572256396647,legacy67,minmax,0.6714285714285715,0.8323809523809524,0.16095238095238096,0.9333333333333333,0.88,-0.053333333333333344,0.7380952380952381,0.9523809523809523,0.2142857142857142,33,31
71,72.86653737491037,1.8625281322982374,legacy67,minmax,0.6714285714285715,0.8323809523809524,0.16095238095238096,0.9333333333333333,0.88,-0.053333333333333344,0.7380952380952381,0.9523809523809523,0.2142857142857142,33,31
71,75.56810141274423,1.8783385110582342,legacy67,minmax,0.6714285714285715,0.8323809523809524,0.16095238095238096,0.9333333333333333,0.88,-0.053333333333333344,0.7380952380952381,0.9523809523809523,0.2142857142857142,33,31
71,75.79479953347995,1.8796394086479773,legacy67,minmax,0.6714285714285715,0.8323809523809524,0.16095238095238096,0.9333333333333333,0.88,-0.053333333333333344,0.7380952380952381,0.9523809523809523,0.2142857142857142,33,31
71,88.62326508576248,1.9475477464020692,legacy67,minmax,0.6714285714285715,0.8323809523809524,0.16095238095238096,0.9333333333333333,0.88,-0.053333333333333344,0.7380952380952381,0.9523809523809523,0.2142857142857142,33,31
72,0.010521761868451128,-1.9779115315055904,legacy67,minmax,0.0,0.0,0.0,1.0,1.0,0.0,0.0,0.0,0.0,0,0
72,0.012087541473056955,-1.9176620228167902,legacy67,minmax,0.0,0.0,0.0,1.0,1.0,0.0,0.0,0.0,0.0,0,0
72,0.01263794633808287,-1.8983234930236192,legacy67,minmax,0.0,0.0,0.0,1.0,1.0,0.0,0.0,0.0,0.0,0,0
72,0.013726318898045865,-1.8624459155391264,legacy67,minmax,0.0,0.0,0.0,1.0,1.0,0.0,0.0,0.0,0.0,0,0
72,0.0151673306880762,-1.8190908443578477,legacy67,minmax,0.0,0.0,0.0,1.0,1.0,0.0,0.0,0.0,0.0,0,0
72,0.015339162591163618,-1.814198349120009,legacy67,minmax,0.0,0.0,0.0,1.0,1.0,0.0,0.0,0.0,0.0,0,0
72,0.017073967431528118,-1.7676655513272022,legacy67,minmax,0.0,0.0,0.0,1.0,1.0,0.0,0.0,0.0,0.0,1,0
72,0.017956984225677628,-1.7457665988559055,legacy67,minmax,0.0,0.0,0.0,1.0,1.0,0.0,0.0,0.0,0.0,1,1
72,0.018205657658407252,-1.739793628058882,legacy67,minmax,0.0,0.0,0.0,1.0,1.0,0.0,0.0,0.0,0.0,1,1
72,0.019777828512462715,-1.7038213930636386,legacy67,minmax,0.04761904761904767,0.0,-0.04761904761904767,1.0,1.0,0.0,0.047619047619047616,0.0,-0.047619047619047616,2,2
72,0.01987021538542862,-1.7017974252809167,legacy67,minmax,0.04761904761904767,0.0,-0.04761904761904767,1.0,1.0,0.0,0.047619047619047616,0.0,-0.047619047619047616,2,2
72,0.022592797420156945,-1.646029991792322,legacy67,minmax,0.11904761904761907,0.23809523809523814,0.11904761904761907,1.0,1.0,0.0,0.11904761904761904,0.23809523809523808,0.11904761904761904,3,2
72,0.024586032763280048,-1.6093115439744645,legacy67,minmax,0.11904761904761907,0.23809523809523814,0.11904761904761907,1.0,1.0,0.0,0.11904761904761904,0.23809523809523808,0.11904761904761904,3,2
72,0.027012557725439066,-1.5684342920267822,legacy67,minmax,0.16666666666666674,0.23809523809523814,0.0714285714285714,1.0,1.0,0.0,0.16666666666666666,0.23809523809523808,0.07142857142857142,3,2
72,0.029072088906598435,-1.5365237618994811,legacy67,minmax,0.23809523809523814,0.23809523809523814,0.0,1.0,1.0,0.0,0.23809523809523808,0.23809523809523808,0.0,3,2
72,0.030086868214458433,-1.5216230162467932,legacy67,minmax,0.2857142857142856,0.3571428571428572,0.07142857142857162,1.0,1.0,0.0,0.2857142857142857,0.35714285714285715,0.07142857142857145,3,2
72,0.030771802712506853,-1.5118470606208847,legacy67,minmax,0.2857142857142856,0.3571428571428572,0.07142857142857162,1.0,1.0,0.0,0.2857142857142857,0.35714285714285715,0.07142857142857145,3,2
72,0.036138942712165265,-1.4420245573918327,legacy67,minmax,0.38095238095238093,0.3571428571428572,-0.023809523809523725,1.0,1.0,0.0,0.38095238095238093,0.35714285714285715,-0.02380952380952378,3,2
72,0.03661819220392428,-1.4363031001009494,legacy67,minmax,0.38095238095238093,0.3571428571428572,-0.023809523809523725,1.0,1.0,0.0,0.38095238095238093,0.35714285714285715,-0.02380952380952378,3,2
72,0.04207053950287936,-1.3760219186551894,legacy67,minmax,0.4285714285714286,0.6666666666666665,0.23809523809523792,1.0,1.0,0.0,0.42857142857142855,0.6666666666666666,0.23809523809523808,3,3
72,0.04207988669606635,-1.375925438230254,legacy67,minmax,0.4285714285714286,0.6666666666666665,0.23809523809523792,1.0,1.0,0.0,0.42857142857142855,0.6666666666666666,0.23809523809523808,3,3
72,0.04809461967501572,-1.3179035052508339,legacy67,minmax,0.5714285714285714,0.6666666666666665,0.09523809523809512,1.0,1.0,0.0,0.5714285714285714,0.6666666666666666,0.09523809523809523,3,3
72,0.05337032762603955,-1.2727001311715975,legacy67,minmax,0.5952380952380953,0.6666666666666665,0.07142857142857117,1.0,1.0,0.0,0.5952380952380952,0.6666666666666666,0.0714285714285714,3,4
72,0.05415244119402536,-1.2663819605862647,legacy67,minmax,0.5952380952380953,0.6666666666666665,0.07142857142857117,1.0,1.0,0.0,0.5952380952380952,0.6666666666666666,0.0714285714285714,3,4
72,0.05488047000766042,-1.2605821778978918,legacy67,minmax,0.5952380952380953,0.6666666666666665,0.07142857142857117,1.0,1.0,0.0,0.5952380952380952,0.6666666666666666,0.0714285714285714,3,4
72,0.060803901902965994,-1.2160685503234192,legacy67,minmax,0.5952380952380953,0.6666666666666665,0.07142857142857117,1.0,1.0,0.0,0.5952380952380952,0.6666666666666666,0.0714285714285714,5,4
72,0.06235377135673155,-1.2051372738633104,legacy67,minmax,0.5952380952380953,0.6666666666666665,0.07142857142857117,1.0,1.0,0.0,0.5952380952380952,0.6666666666666666,0.0714285714285714,5,4
72,0.06290644294586147,-1.201304871366561,legacy67,minmax,0.5952380952380953,0.6666666666666665,0.07142857142857117,1.0,1.0,0.0,0.5952380952380952,0.6666666666666666,0.0714285714285714,5,4
72,0.07068974950624601,-1.1506435572868954,legacy67,minmax,0.5952380952380953,0.7142857142857144,0.11904761904761907,1.0,1.0,0.0,0.5952380952380952,0.7142857142857143,0.11904761904761907,6,7
72,0.10842262717330158,-0.9648800735999323,legacy67,minmax,0.579047619047619,0.7619047619047619,0.18285714285714283,0.96,1.0,0.040000000000000036,0.6190476190476191,0.7619047619047619,0.1428571428571428,8,7
72,0.12172958098369964,-0.9146038729044164,legacy67,minmax,0.579047619047619,0.7619047619047619,0.18285714285714283,0.96,1.0,0.040000000000000036,0.6190476190476191,0.7619047619047619,0.1428571428571428,8,8
72,0.1329652145729951,-0.876261961250477,legacy67,minmax,0.5895238095238096,0.7619047619047619,0.1723809523809523,0.9466666666666667,1.0,0.053333333333333344,0.6428571428571429,0.7619047619047619,0.11904761904761896,8,8
72,0.14618962793704957,-0.8350834392078323,legacy67,minmax,0.5895238095238096,0.8095238095238095,0.21999999999999997,0.9466666666666667,1.0,0.053333333333333344,0.6428571428571429,0.8095238095238095,0.16666666666666663,8,8
72,0.14742753159914665,-0.8314214058591274,legacy67,minmax,0.5895238095238096,0.8095238095238095,0.21999999999999997,0.9466666666666667,1.0,0.053333333333333344,0.6428571428571429,0.8095238095238095,0.16666666666666663,8,8
72,0.16480446427978968,-0.7830310281618491,legacy67,minmax,0.5895238095238096,0.8095238095238095,0.21999999999999997,0.9466666666666667,1.0,0.053333333333333344,0.6428571428571429,0.8095238095238095,0.16666666666666663,10,8
72,0.16536937182824418,-0.7815449233065173,legacy67,minmax,0.5895238095238096,0.8095238095238095,0.21999999999999997,0.9466666666666667,1.0,0.053333333333333344,0.6428571428571429,0.8095238095238095,0.16666666666666663,10,8
72,0.1753594952976441,-0.7560707131373512,legacy67,minmax,0.5895238095238096,0.8095238095238095,0.21999999999999997,0.9466666666666667,1.0,0.053333333333333344,0.6428571428571429,0.8095238095238095,0.16666666666666663,11,8
72,0.17654048052495064,-0.7531556956423562,legacy67,minmax,0.5895238095238096,0.8095238095238095,0.21999999999999997,0.9466666666666667,1.0,0.053333333333333344,0.6428571428571429,0.8095238095238095,0.16666666666666663,11,8
72,0.1998634077852887,-0.6992667118930118,legacy67,minmax,0.6133333333333333,0.8095238095238095,0.19619047619047625,0.9466666666666667,1.0,0.053333333333333344,0.6666666666666666,0.8095238095238095,0.1428571428571429,12,8
72,0.2001342062287997,-0.6986786769469426,legacy67,minmax,0.6133333333333333,0.8095238095238095,0.19619047619047625,0.9466666666666667,1.0,0.053333333333333344,0.6666666666666666,0.8095238095238095,0.1428571428571429,12,8
72,0.21066486017042194,-0.6764079005894033,legacy67,minmax,0.6133333333333333,0.8095238095238095,0.19619047619047625,0.9466666666666667,1.0,0.053333333333333344,0.6666666666666666,0.8095238095238095,0.1428571428571429,15,8
72,0.2673088310781669,-0.5729866932256429,legacy67,minmax,0.637142857142857,0.8095238095238095,0.17238095238095252,0.9466666666666667,1.0,0.053333333333333344,0.6904761904761905,0.8095238095238095,0.11904761904761907,16,8
72,0.2715581955282939,-0.5661370858229096,legacy67,minmax,0.637142857142857,0.8095238095238095,0.17238095238095252,0.9466666666666667,1.0,0.053333333333333344,0.6904761904761905,0.8095238095238095,0.11904761904761907,16,8
72,0.292043384718141,-0.5345526268252332,legacy67,minmax,0.660952380952381,0.8095238095238095,0.14857142857142858,0.9466666666666667,1.0,0.053333333333333344,0.7142857142857143,0.8095238095238095,0.09523809523809523,16,8
72,0.314891164795686,-0.50183952461055,legacy67,minmax,0.6742857142857144,0.8095238095238095,0.13523809523809516,0.96,1.0,0.040000000000000036,0.7142857142857143,0.8095238095238095,0.09523809523809523,16,8
72,0.35868164986275475,-0.44529084124207197,legacy67,minmax,0.6742857142857144,0.8095238095238095,0.13523809523809516,0.96,1.0,0.040000000000000036,0.7142857142857143,0.8095238095238095,0.09523809523809523,16,8
72,0.5130551760589832,-0.2898359265658015,legacy67,minmax,0.6742857142857144,0.8095238095238095,0.13523809523809516,0.96,1.0,0.040000000000000036,0.7142857142857143,0.8095238095238095,0.09523809523809523,19,8
72,0.5342937261279772,-0.27221992543153695,legacy67,minmax,0.6742857142857144,0.8095238095238095,0.13523809523809516,0.96,1.0,0.040000000000000036,0.7142857142857143,0.8095238095238095,0.09523809523809523,20,8
72,0.5762487216478598,-0.23939002504159476,legacy67,minmax,0.6742857142857144,0.8095238095238095,0.13523809523809516,0.96,1.0,0.040000000000000036,0.7142857142857143,0.8095238095238095,0.09523809523809523,20,8
72,0.6672367170464204,-0.17572006313185626,legacy67,minmax,0.6742857142857144,0.8333333333333335,0.1590476190476191,0.96,1.0,0.040000000000000036,0.7142857142857143,0.8333333333333334,0.11904761904761907,20,9
72,0.7742116473996242,-0.1111402993522028,legacy67,minmax,0.6847619047619049,0.8333333333333335,0.14857142857142858,0.9466666666666667,1.0,0.053333333333333344,0.7380952380952381,0.8333333333333334,0.09523809523809523,21,9
72,0.9444574254983555,-0.02481761454243703,legacy67,minmax,0.6847619047619049,0.8333333333333335,0.14857142857142858,0.9466666666666667,1.0,0.053333333333333344,0.7380952380952381,0.8333333333333334,0.09523809523809523,22,8
72,0.9565499215943818,-0.019292359554919238,legacy67,minmax,0.6847619047619049,0.8333333333333335,0.14857142857142858,0.9466666666666667,1.0,0.053333333333333344,0.7380952380952381,0.8333333333333334,0.09523809523809523,22,8
72,1.1400863701127315,0.0569377536544464,legacy67,minmax,0.6847619047619049,0.8333333333333335,0.14857142857142858,0.9466666666666667,1.0,0.053333333333333344,0.7380952380952381,0.8333333333333334,0.09523809523809523,23,8
72,1.2030178871154662,0.08027208471124325,legacy67,minmax,0.6847619047619049,0.8333333333333335,0.14857142857142858,0.9466666666666667,1.0,0.053333333333333344,0.7380952380952381,0.8333333333333334,0.09523809523809523,24,8
72,1.2329098365270508,0.0909313175279762,legacy67,minmax,0.6847619047619049,0.8333333333333335,0.14857142857142858,0.9466666666666667,1.0,0.053333333333333344,0.7380952380952381,0.8333333333333334,0.09523809523809523,24,8
72,1.2561043700013554,0.09902572652895136,legacy67,minmax,0.6847619047619049,0.8333333333333335,0.14857142857142858,0.9466666666666667,1.0,0.053333333333333344,0.7380952380952381,0.8333333333333334,0.09523809523809523,24,8
72,1.4817820606039076,0.17078433263299386,legacy67,minmax,0.6714285714285715,0.8333333333333335,0.161904761904762,0.9333333333333333,1.0,0.06666666666666665,0.7380952380952381,0.8333333333333334,0.09523809523809523,25,8
72,1.5375920235481748,0.1868411173731186,legacy67,minmax,0.6714285714285715,0.8333333333333335,0.161904761904762,0.9333333333333333,1.0,0.06666666666666665,0.7380952380952381,0.8333333333333334,0.09523809523809523,25,8
72,1.7583640270008503,0.24510879027798493,legacy67,minmax,0.6476190476190475,0.8333333333333335,0.18571428571428594,0.9333333333333333,1.0,0.06666666666666665,0.7142857142857143,0.8333333333333334,0.11904761904761907,26,8
72,2.34238498471129,0.36965827544816987,legacy67,minmax,0.660952380952381,0.8333333333333335,0.17238095238095252,0.9466666666666667,1.0,0.053333333333333344,0.7142857142857143,0.8333333333333334,0.11904761904761907,29,8
72,2.4637685958997446,0.39159991524434057,legacy67,minmax,0.660952380952381,0.8333333333333335,0.17238095238095252,0.9466666666666667,1.0,0.053333333333333344,0.7142857142857143,0.8333333333333334,0.11904761904761907,30,8
72,2.4810409748678097,0.3946339367881464,legacy67,minmax,0.660952380952381,0.8333333333333335,0.17238095238095252,0.9466666666666667,1.0,0.053333333333333344,0.7142857142857143,0.8333333333333334,0.11904761904761907,30,8
72,2.5378155082656626,0.40446004697283516,legacy67,minmax,0.660952380952381,0.8333333333333335,0.17238095238095252,0.9466666666666667,1.0,0.053333333333333344,0.7142857142857143,0.8333333333333334,0.11904761904761907,30,8
72,2.692646910086177,0.43017940760575346,legacy67,minmax,0.660952380952381,0.8333333333333335,0.17238095238095252,0.9466666666666667,1.0,0.053333333333333344,0.7142857142857143,0.8333333333333334,0.11904761904761907,30,8
72,2.801635158716258,0.4474115788895179,legacy67,minmax,0.660952380952381,0.8333333333333335,0.17238095238095252,0.9466666666666667,1.0,0.053333333333333344,0.7142857142857143,0.8333333333333334,0.11904761904761907,30,8
72,3.113095956122122,0.4931925073102317,legacy67,minmax,0.660952380952381,0.8333333333333335,0.17238095238095252,0.9466666666666667,1.0,0.053333333333333344,0.7142857142857143,0.8333333333333334,0.11904761904761907,30,8
72,3.550012525851159,0.5502298854208525,legacy67,minmax,0.660952380952381,0.8333333333333335,0.17238095238095252,0.9466666666666667,1.0,0.053333333333333344,0.7142857142857143,0.8333333333333334,0.11904761904761907,32,8
72,4.467752817973904,0.6500891374159279,legacy67,minmax,0.660952380952381,0.8571428571428572,0.19619047619047625,0.9466666666666667,1.0,0.053333333333333344,0.7142857142857143,0.8571428571428571,0.1428571428571428,32,8
72,5.456725485601473,0.7369321060486276,legacy67,minmax,0.6714285714285715,0.8571428571428572,0.18571428571428572,0.9333333333333333,1.0,0.06666666666666665,0.7380952380952381,0.8571428571428571,0.11904761904761896,32,8
72,6.72093005015611,0.8274293753904685,legacy67,minmax,0.6952380952380952,0.8333333333333335,0.13809523809523827,0.9333333333333333,1.0,0.06666666666666665,0.7619047619047619,0.8333333333333334,0.07142857142857151,32,8
72,6.7965780907581514,0.832290311184182,legacy67,minmax,0.6952380952380952,0.8571428571428572,0.161904761904762,0.9333333333333333,1.0,0.06666666666666665,0.7619047619047619,0.8571428571428571,0.09523809523809523,32,8
72,7.128188058401357,0.85297914889198,legacy67,minmax,0.6952380952380952,0.8571428571428572,0.161904761904762,0.9333333333333333,1.0,0.06666666666666665,0.7619047619047619,0.8571428571428571,0.09523809523809523,32,8
72,8.241925264876443,0.9160286721639492,legacy67,minmax,0.6952380952380952,0.8571428571428572,0.161904761904762,0.9333333333333333,1.0,0.06666666666666665,0.7619047619047619,0.8571428571428571,0.09523809523809523,32,8
72,8.287522363768153,0.9184247133522563,legacy67,minmax,0.6952380952380952,0.8571428571428572,0.161904761904762,0.9333333333333333,1.0,0.06666666666666665,0.7619047619047619,0.8571428571428571,0.09523809523809523,32,8
72,8.471801418819974,0.9279757672456204,legacy67,minmax,0.6952380952380952,0.8571428571428572,0.161904761904762,0.9333333333333333,1.0,0.06666666666666665,0.7619047619047619,0.8571428571428571,0.09523809523809523,32,8
72,11.044350847124681,1.0431401944675898,legacy67,minmax,0.6952380952380952,0.8333333333333335,0.13809523809523827,0.9333333333333333,1.0,0.06666666666666665,0.7619047619047619,0.8333333333333334,0.07142857142857151,33,24
72,12.130221181165155,1.083868719818244,legacy67,minmax,0.6952380952380952,0.8333333333333335,0.13809523809523827,0.9333333333333333,1.0,0.06666666666666665,0.7619047619047619,0.8333333333333334,0.07142857142857151,33,24
72,12.164139351417056,1.085081386743783,legacy67,minmax,0.6952380952380952,0.8333333333333335,0.13809523809523827,0.9333333333333333,1.0,0.06666666666666665,0.7619047619047619,0.8333333333333334,0.07142857142857151,33,24
72,12.273800987852958,1.0889790771866297,legacy67,minmax,0.6952380952380952,0.8333333333333335,0.13809523809523827,0.9333333333333333,1.0,0.06666666666666665,0.7619047619047619,0.8333333333333334,0.07142857142857151,33,24
72,12.604664585649452,1.1005312934444582,legacy67,minmax,0.6952380952380952,0.8333333333333335,0.13809523809523827,0.9333333333333333,1.0,0.06666666666666665,0.7619047619047619,0.8333333333333334,0.07142857142857151,33,24
72,13.826232179369853,1.1407038455720544,legacy67,minmax,0.6952380952380952,0.8333333333333335,0.13809523809523827,0.9333333333333333,1.0,0.06666666666666665,0.7619047619047619,0.8333333333333334,0.07142857142857151,33,24
72,16.172900811143133,1.2087879230161587,legacy67,minmax,0.6952380952380952,0.8571428571428572,0.161904761904762,0.9333333333333333,1.0,0.06666666666666665,0.7619047619047619,0.8571428571428571,0.09523809523809523,33,24
72,17.123375973163967,1.2335893924658445,legacy67,minmax,0.6952380952380952,0.8571428571428572,0.161904761904762,0.9333333333333333,1.0,0.06666666666666665,0.7619047619047619,0.8571428571428571,0.09523809523809523,33,24
72,18.274508859816006,1.2618457138193366,legacy67,minmax,0.6952380952380952,0.8571428571428572,0.161904761904762,0.9333333333333333,1.0,0.06666666666666665,0.7619047619047619,0.8571428571428571,0.09523809523809523,33,24
72,20.65142557895924,1.3149500366077174,legacy67,minmax,0.6952380952380952,0.8571428571428572,0.161904761904762,0.9333333333333333,1.0,0.06666666666666665,0.7619047619047619,0.8571428571428571,0.09523809523809523,33,24
72,21.36832907235874,1.329770563201687,legacy67,minmax,0.6952380952380952,0.8571428571428572,0.161904761904762,0.9333333333333333,1.0,0.06666666666666665,0.7619047619047619,0.8571428571428571,0.09523809523809523,33,24
72,28.340904295147727,1.452413703502374,legacy67,minmax,0.6819047619047618,0.8571428571428572,0.17523809523809541,0.92,1.0,0.07999999999999996,0.7619047619047619,0.8571428571428571,0.09523809523809523,33,24
72,29.154431891537524,1.4647045830997407,legacy67,minmax,0.6819047619047618,0.8571428571428572,0.17523809523809541,0.92,1.0,0.07999999999999996,0.7619047619047619,0.8571428571428571,0.09523809523809523,33,24
72,35.387588647792384,1.5488509703053062,legacy67,minmax,0.6819047619047618,0.8571428571428572,0.17523809523809541,0.92,1.0,0.07999999999999996,0.7619047619047619,0.8571428571428571,0.09523809523809523,33,24
72,37.95853142670639,1.5793094017105953,legacy67,minmax,0.6819047619047618,0.8571428571428572,0.17523809523809541,0.92,1.0,0.07999999999999996,0.7619047619047619,0.8571428571428571,0.09523809523809523,33,24
72,43.37920697490936,1.6372816083151283,legacy67,minmax,0.6819047619047618,0.8571428571428572,0.17523809523809541,0.92,1.0,0.07999999999999996,0.7619047619047619,0.8571428571428571,0.09523809523809523,33,24
72,48.69640941520897,1.6874969400924673,legacy67,minmax,0.6819047619047618,0.8571428571428572,0.17523809523809541,0.92,1.0,0.07999999999999996,0.7619047619047619,0.8571428571428571,0.09523809523809523,33,24
72,57.279044707996185,1.7579957662567565,legacy67,minmax,0.6819047619047618,0.8571428571428572,0.17523809523809541,0.92,1.0,0.07999999999999996,0.7619047619047619,0.8571428571428571,0.09523809523809523,33,24
72,62.45139574743064,1.795542149013333,legacy67,minmax,0.6819047619047618,0.8571428571428572,0.17523809523809541,0.92,1.0,0.07999999999999996,0.7619047619047619,0.8571428571428571,0.09523809523809523,33,25
72,63.512210106406926,1.8028572256396647,legacy67,minmax,0.6819047619047618,0.8571428571428572,0.17523809523809541,0.92,1.0,0.07999999999999996,0.7619047619047619,0.8571428571428571,0.09523809523809523,33,25
72,72.86653737491037,1.8625281322982374,legacy67,minmax,0.6819047619047618,0.8571428571428572,0.17523809523809541,0.92,1.0,0.07999999999999996,0.7619047619047619,0.8571428571428571,0.09523809523809523,33,25
72,75.56810141274423,1.8783385110582342,legacy67,minmax,0.6819047619047618,0.8571428571428572,0.17523809523809541,0.92,1.0,0.07999999999999996,0.7619047619047619,0.8571428571428571,0.09523809523809523,33,25
72,75.79479953347995,1.8796394086479773,legacy67,minmax,0.6819047619047618,0.8571428571428572,0.17523809523809541,0.92,1.0,0.07999999999999996,0.7619047619047619,0.8571428571428571,0.09523809523809523,33,25
72,88.62326508576248,1.9475477464020692,legacy67,minmax,0.6685714285714286,0.8571428571428572,0.1885714285714286,0.9066666666666666,1.0,0.09333333333333338,0.7619047619047619,0.8571428571428571,0.09523809523809523,32,26
73,0.010521761868451128,-1.9779115315055904,legacy67,minmax,0.0,0.0,0.0,1.0,1.0,0.0,0.0,0.0,0.0,0,0
73,0.012087541473056955,-1.9176620228167902,legacy67,minmax,0.0,0.0,0.0,1.0,1.0,0.0,0.0,0.0,0.0,0,0
73,0.01263794633808287,-1.8983234930236192,legacy67,minmax,0.0,0.0,0.0,1.0,1.0,0.0,0.0,0.0,0.0,0,0
73,0.013726318898045865,-1.8624459155391264,legacy67,minmax,0.0,0.0,0.0,1.0,1.0,0.0,0.0,0.0,0.0,0,0
73,0.0151673306880762,-1.8190908443578477,legacy67,minmax,0.0,0.0,0.0,1.0,1.0,0.0,0.0,0.0,0.0,0,0
73,0.015339162591163618,-1.814198349120009,legacy67,minmax,0.0,0.0,0.0,1.0,1.0,0.0,0.0,0.0,0.0,0,0
73,0.017073967431528118,-1.7676655513272022,legacy67,minmax,0.0,0.0,0.0,1.0,1.0,0.0,0.0,0.0,0.0,2,1
73,0.017956984225677628,-1.7457665988559055,legacy67,minmax,0.0,0.0,0.0,1.0,1.0,0.0,0.0,0.0,0.0,2,1
73,0.018205657658407252,-1.739793628058882,legacy67,minmax,0.023809523809523725,0.0,-0.023809523809523725,1.0,1.0,0.0,0.023809523809523808,0.0,-0.023809523809523808,2,1
73,0.019777828512462715,-1.7038213930636386,legacy67,minmax,0.0714285714285714,0.0,-0.0714285714285714,1.0,1.0,0.0,0.07142857142857142,0.0,-0.07142857142857142,2,1
73,0.01987021538542862,-1.7017974252809167,legacy67,minmax,0.0714285714285714,0.0,-0.0714285714285714,1.0,1.0,0.0,0.07142857142857142,0.0,-0.07142857142857142,2,1
73,0.022592797420156945,-1.646029991792322,legacy67,minmax,0.19047619047619047,0.4761904761904763,0.2857142857142858,1.0,1.0,0.0,0.19047619047619047,0.47619047619047616,0.2857142857142857,3,1
73,0.024586032763280048,-1.6093115439744645,legacy67,minmax,0.2142857142857142,0.4761904761904763,0.2619047619047621,1.0,1.0,0.0,0.21428571428571427,0.47619047619047616,0.26190476190476186,3,2
73,0.027012557725439066,-1.5684342920267822,legacy67,minmax,0.33333333333333326,0.4761904761904763,0.14285714285714302,1.0,1.0,0.0,0.3333333333333333,0.47619047619047616,0.14285714285714285,3,2
73,0.029072088906598435,-1.5365237618994811,legacy67,minmax,0.4285714285714286,0.4761904761904763,0.04761904761904767,1.0,1.0,0.0,0.42857142857142855,0.47619047619047616,0.047619047619047616,3,2
73,0.030086868214458433,-1.5216230162467932,legacy67,minmax,0.4285714285714286,0.4761904761904763,0.04761904761904767,1.0,1.0,0.0,0.42857142857142855,0.47619047619047616,0.047619047619047616,3,2
73,0.030771802712506853,-1.5118470606208847,legacy67,minmax,0.4285714285714286,0.4761904761904763,0.04761904761904767,1.0,1.0,0.0,0.42857142857142855,0.47619047619047616,0.047619047619047616,3,2
73,0.036138942712165265,-1.4420245573918327,legacy67,minmax,0.5,0.4761904761904763,-0.023809523809523725,1.0,1.0,0.0,0.5,0.47619047619047616,-0.023809523809523836,3,4
73,0.03661819220392428,-1.4363031001009494,legacy67,minmax,0.5,0.4761904761904763,-0.023809523809523725,1.0,1.0,0.0,0.5,0.47619047619047616,-0.023809523809523836,3,4
73,0.04207053950287936,-1.3760219186551894,legacy67,minmax,0.5238095238095237,0.4761904761904763,-0.04761904761904745,1.0,1.0,0.0,0.5238095238095238,0.47619047619047616,-0.04761904761904767,3,4
73,0.04207988669606635,-1.375925438230254,legacy67,minmax,0.5238095238095237,0.4761904761904763,-0.04761904761904745,1.0,1.0,0.0,0.5238095238095238,0.47619047619047616,-0.04761904761904767,3,4
73,0.04809461967501572,-1.3179035052508339,legacy67,minmax,0.5714285714285714,0.5714285714285714,0.0,1.0,1.0,0.0,0.5714285714285714,0.5714285714285714,0.0,3,4
73,0.05337032762603955,-1.2727001311715975,legacy67,minmax,0.5714285714285714,0.5714285714285714,0.0,1.0,1.0,0.0,0.5714285714285714,0.5714285714285714,0.0,3,4
73,0.05415244119402536,-1.2663819605862647,legacy67,minmax,0.6904761904761905,0.5714285714285714,-0.11904761904761907,1.0,1.0,0.0,0.6904761904761905,0.5714285714285714,-0.11904761904761907,3,4
73,0.05488047000766042,-1.2605821778978918,legacy67,minmax,0.677142857142857,0.5714285714285714,-0.10571428571428565,0.9866666666666667,1.0,0.013333333333333308,0.6904761904761905,0.5714285714285714,-0.11904761904761907,3,4
73,0.060803901902965994,-1.2160685503234192,legacy67,minmax,0.6904761904761905,0.6876190476190476,-0.0028571428571428914,1.0,0.9733333333333334,-0.026666666666666616,0.6904761904761905,0.7142857142857143,0.023809523809523836,5,4
73,0.06235377135673155,-1.2051372738633104,legacy67,minmax,0.677142857142857,0.6876190476190476,0.010476190476190528,0.9866666666666667,0.9733333333333334,-0.013333333333333308,0.6904761904761905,0.7142857142857143,0.023809523809523836,5,4
73,0.06290644294586147,-1.201304871366561,legacy67,minmax,0.677142857142857,0.6876190476190476,0.010476190476190528,0.9866666666666667,0.9733333333333334,-0.013333333333333308,0.6904761904761905,0.7142857142857143,0.023809523809523836,5,4
73,0.07068974950624601,-1.1506435572868954,legacy67,minmax,0.6638095238095238,0.6876190476190476,0.023809523809523725,0.9733333333333334,0.9733333333333334,0.0,0.6904761904761905,0.7142857142857143,0.023809523809523836,6,4
73,0.10842262717330158,-0.9648800735999323,legacy67,minmax,0.6638095238095238,0.7590476190476192,0.09523809523809534,0.9733333333333334,0.9733333333333334,0.0,0.6904761904761905,0.7857142857142857,0.09523809523809523,8,6
73,0.12172958098369964,-0.9146038729044164,legacy67,minmax,0.6400000000000001,0.7828571428571429,0.1428571428571428,0.9733333333333334,0.9733333333333334,0.0,0.6666666666666666,0.8095238095238095,0.1428571428571429,11,6
73,0.1329652145729951,-0.876261961250477,legacy67,minmax,0.6400000000000001,0.8066666666666666,0.16666666666666652,0.9733333333333334,0.9733333333333334,0.0,0.6666666666666666,0.8333333333333334,0.16666666666666674,11,7
73,0.14618962793704957,-0.8350834392078323,legacy67,minmax,0.6400000000000001,0.8066666666666666,0.16666666666666652,0.9733333333333334,0.9733333333333334,0.0,0.6666666666666666,0.8333333333333334,0.16666666666666674,13,7
73,0.14742753159914665,-0.8314214058591274,legacy67,minmax,0.6400000000000001,0.8066666666666666,0.16666666666666652,0.9733333333333334,0.9733333333333334,0.0,0.6666666666666666,0.8333333333333334,0.16666666666666674,13,7
73,0.16480446427978968,-0.7830310281618491,legacy67,minmax,0.6400000000000001,0.8304761904761904,0.19047619047619024,0.9733333333333334,0.9733333333333334,0.0,0.6666666666666666,0.8571428571428571,0.19047619047619047,14,7
73,0.16536937182824418,-0.7815449233065173,legacy67,minmax,0.6400000000000001,0.8304761904761904,0.19047619047619024,0.9733333333333334,0.9733333333333334,0.0,0.6666666666666666,0.8571428571428571,0.19047619047619047,14,7
73,0.1753594952976441,-0.7560707131373512,legacy67,minmax,0.6400000000000001,0.8304761904761904,0.19047619047619024,0.9733333333333334,0.9733333333333334,0.0,0.6666666666666666,0.8571428571428571,0.19047619047619047,14,8
73,0.17654048052495064,-0.7531556956423562,legacy67,minmax,0.6400000000000001,0.8304761904761904,0.19047619047619024,0.9733333333333334,0.9733333333333334,0.0,0.6666666666666666,0.8571428571428571,0.19047619047619047,14,8
73,0.1998634077852887,-0.6992667118930118,legacy67,minmax,0.6161904761904764,0.8304761904761904,0.21428571428571397,0.9733333333333334,0.9733333333333334,0.0,0.6428571428571429,0.8571428571428571,0.2142857142857142,15,8
73,0.2001342062287997,-0.6986786769469426,legacy67,minmax,0.6161904761904764,0.8304761904761904,0.21428571428571397,0.9733333333333334,0.9733333333333334,0.0,0.6428571428571429,0.8571428571428571,0.2142857142857142,15,8
73,0.21066486017042194,-0.6764079005894033,legacy67,minmax,0.6161904761904764,0.8304761904761904,0.21428571428571397,0.9733333333333334,0.9733333333333334,0.0,0.6428571428571429,0.8571428571428571,0.2142857142857142,15,8
73,0.2673088310781669,-0.5729866932256429,legacy67,minmax,0.6161904761904764,0.8304761904761904,0.21428571428571397,0.9733333333333334,0.9733333333333334,0.0,0.6428571428571429,0.8571428571428571,0.2142857142857142,17,8
73,0.2715581955282939,-0.5661370858229096,legacy67,minmax,0.6161904761904764,0.8304761904761904,0.21428571428571397,0.9733333333333334,0.9733333333333334,0.0,0.6428571428571429,0.8571428571428571,0.2142857142857142,17,8
73,0.292043384718141,-0.5345526268252332,legacy67,minmax,0.6161904761904764,0.8542857142857143,0.23809523809523792,0.9733333333333334,0.9733333333333334,0.0,0.6428571428571429,0.8809523809523809,0.23809523809523803,18,9
73,0.314891164795686,-0.50183952461055,legacy67,minmax,0.6161904761904764,0.8542857142857143,0.23809523809523792,0.9733333333333334,0.9733333333333334,0.0,0.6428571428571429,0.8809523809523809,0.23809523809523803,18,9
73,0.35868164986275475,-0.44529084124207197,legacy67,minmax,0.6400000000000001,0.8780952380952383,0.23809523809523814,0.9733333333333334,0.9733333333333334,0.0,0.6666666666666666,0.9047619047619048,0.23809523809523814,19,9
73,0.5130551760589832,-0.2898359265658015,legacy67,minmax,0.6742857142857144,0.8780952380952383,0.20380952380952388,0.96,0.9733333333333334,0.01333333333333342,0.7142857142857143,0.9047619047619048,0.19047619047619047,19,9
73,0.5342937261279772,-0.27221992543153695,legacy67,minmax,0.6742857142857144,0.8780952380952383,0.20380952380952388,0.96,0.9733333333333334,0.01333333333333342,0.7142857142857143,0.9047619047619048,0.19047619047619047,19,9
73,0.5762487216478598,-0.23939002504159476,legacy67,minmax,0.6742857142857144,0.8780952380952383,0.20380952380952388,0.96,0.9733333333333334,0.01333333333333342,0.7142857142857143,0.9047619047619048,0.19047619047619047,19,9
73,0.6672367170464204,-0.17572006313185626,legacy67,minmax,0.6742857142857144,0.8780952380952383,0.20380952380952388,0.96,0.9733333333333334,0.01333333333333342,0.7142857142857143,0.9047619047619048,0.19047619047619047,19,9
73,0.7742116473996242,-0.1111402993522028,legacy67,minmax,0.6742857142857144,0.8780952380952383,0.20380952380952388,0.96,0.9733333333333334,0.01333333333333342,0.7142857142857143,0.9047619047619048,0.19047619047619047,19,9
73,0.9444574254983555,-0.02481761454243703,legacy67,minmax,0.6504761904761904,0.8780952380952383,0.22761904761904783,0.96,0.9733333333333334,0.01333333333333342,0.6904761904761905,0.9047619047619048,0.2142857142857143,21,9
73,0.9565499215943818,-0.019292359554919238,legacy67,minmax,0.6504761904761904,0.8780952380952383,0.22761904761904783,0.96,0.9733333333333334,0.01333333333333342,0.6904761904761905,0.9047619047619048,0.2142857142857143,21,9
73,1.1400863701127315,0.0569377536544464,legacy67,minmax,0.637142857142857,0.8780952380952383,0.24095238095238125,0.9466666666666667,0.9733333333333334,0.026666666666666727,0.6904761904761905,0.9047619047619048,0.2142857142857143,22,9
73,1.2030178871154662,0.08027208471124325,legacy67,minmax,0.637142857142857,0.8780952380952383,0.24095238095238125,0.9466666666666667,0.9733333333333334,0.026666666666666727,0.6904761904761905,0.9047619047619048,0.2142857142857143,24,9
73,1.2329098365270508,0.0909313175279762,legacy67,minmax,0.637142857142857,0.8780952380952383,0.24095238095238125,0.9466666666666667,0.9733333333333334,0.026666666666666727,0.6904761904761905,0.9047619047619048,0.2142857142857143,24,9
73,1.2561043700013554,0.09902572652895136,legacy67,minmax,0.637142857142857,0.8780952380952383,0.24095238095238125,0.9466666666666667,0.9733333333333334,0.026666666666666727,0.6904761904761905,0.9047619047619048,0.2142857142857143,24,9
73,1.4817820606039076,0.17078433263299386,legacy67,minmax,0.660952380952381,0.8780952380952383,0.2171428571428573,0.9466666666666667,0.9733333333333334,0.026666666666666727,0.7142857142857143,0.9047619047619048,0.19047619047619047,25,9
73,1.5375920235481748,0.1868411173731186,legacy67,minmax,0.660952380952381,0.8780952380952383,0.2171428571428573,0.9466666666666667,0.9733333333333334,0.026666666666666727,0.7142857142857143,0.9047619047619048,0.19047619047619047,25,9
73,1.7583640270008503,0.24510879027798493,legacy67,minmax,0.660952380952381,0.8780952380952383,0.2171428571428573,0.9466666666666667,0.9733333333333334,0.026666666666666727,0.7142857142857143,0.9047619047619048,0.19047619047619047,25,9
73,2.34238498471129,0.36965827544816987,legacy67,minmax,0.660952380952381,0.8780952380952383,0.2171428571428573,0.9466666666666667,0.9733333333333334,0.026666666666666727,0.7142857142857143,0.9047619047619048,0.19047619047619047,25,9
73,2.4637685958997446,0.39159991524434057,legacy67,minmax,0.660952380952381,0.8780952380952383,0.2171428571428573,0.9466666666666667,0.9733333333333334,0.026666666666666727,0.7142857142857143,0.9047619047619048,0.19047619047619047,25,9
73,2.4810409748678097,0.3946339367881464,legacy67,minmax,0.660952380952381,0.8780952380952383,0.2171428571428573,0.9466666666666667,0.9733333333333334,0.026666666666666727,0.7142857142857143,0.9047619047619048,0.19047619047619047,25,9
73,2.5378155082656626,0.40446004697283516,legacy67,minmax,0.660952380952381,0.8780952380952383,0.2171428571428573,0.9466666666666667,0.9733333333333334,0.026666666666666727,0.7142857142857143,0.9047619047619048,0.19047619047619047,25,9
73,2.692646910086177,0.43017940760575346,legacy67,minmax,0.660952380952381,0.8780952380952383,0.2171428571428573,0.9466666666666667,0.9733333333333334,0.026666666666666727,0.7142857142857143,0.9047619047619048,0.19047619047619047,25,9
73,2.801635158716258,0.4474115788895179,legacy67,minmax,0.660952380952381,0.8780952380952383,0.2171428571428573,0.9466666666666667,0.9733333333333334,0.026666666666666727,0.7142857142857143,0.9047619047619048,0.19047619047619047,25,9
73,3.113095956122122,0.4931925073102317,legacy67,minmax,0.660952380952381,0.8780952380952383,0.2171428571428573,0.9466666666666667,0.9733333333333334,0.026666666666666727,0.7142857142857143,0.9047619047619048,0.19047619047619047,25,9
73,3.550012525851159,0.5502298854208525,legacy67,minmax,0.660952380952381,0.8780952380952383,0.2171428571428573,0.9466666666666667,0.9733333333333334,0.026666666666666727,0.7142857142857143,0.9047619047619048,0.19047619047619047,27,9
73,4.467752817973904,0.6500891374159279,legacy67,minmax,0.660952380952381,0.8780952380952383,0.2171428571428573,0.9466666666666667,0.9733333333333334,0.026666666666666727,0.7142857142857143,0.9047619047619048,0.19047619047619047,27,9
73,5.456725485601473,0.7369321060486276,legacy67,minmax,0.6742857142857144,0.8780952380952383,0.20380952380952388,0.96,0.9733333333333334,0.01333333333333342,0.7142857142857143,0.9047619047619048,0.19047619047619047,28,9
73,6.72093005015611,0.8274293753904685,legacy67,minmax,0.6476190476190475,0.8780952380952383,0.23047619047619072,0.9333333333333333,0.9733333333333334,0.040000000000000036,0.7142857142857143,0.9047619047619048,0.19047619047619047,27,9
73,6.7965780907581514,0.832290311184182,legacy67,minmax,0.6476190476190475,0.8780952380952383,0.23047619047619072,0.9333333333333333,0.9733333333333334,0.040000000000000036,0.7142857142857143,0.9047619047619048,0.19047619047619047,27,9
73,7.128188058401357,0.85297914889198,legacy67,minmax,0.6476190476190475,0.8780952380952383,0.23047619047619072,0.9333333333333333,0.9733333333333334,0.040000000000000036,0.7142857142857143,0.9047619047619048,0.19047619047619047,27,9
73,8.241925264876443,0.9160286721639492,legacy67,minmax,0.6476190476190475,0.8780952380952383,0.23047619047619072,0.9333333333333333,0.9733333333333334,0.040000000000000036,0.7142857142857143,0.9047619047619048,0.19047619047619047,29,9
73,8.287522363768153,0.9184247133522563,legacy67,minmax,0.6476190476190475,0.8780952380952383,0.23047619047619072,0.9333333333333333,0.9733333333333334,0.040000000000000036,0.7142857142857143,0.9047619047619048,0.19047619047619047,29,9
73,8.471801418819974,0.9279757672456204,legacy67,minmax,0.6476190476190475,0.8780952380952383,0.23047619047619072,0.9333333333333333,0.9733333333333334,0.040000000000000036,0.7142857142857143,0.9047619047619048,0.19047619047619047,29,9
73,11.044350847124681,1.0431401944675898,legacy67,minmax,0.6238095238095238,0.8780952380952383,0.25428571428571445,0.9333333333333333,0.9733333333333334,0.040000000000000036,0.6904761904761905,0.9047619047619048,0.2142857142857143,30,9
73,12.130221181165155,1.083868719818244,legacy67,minmax,0.6104761904761906,0.8514285714285714,0.2409523809523808,0.92,0.9466666666666667,0.026666666666666616,0.6904761904761905,0.9047619047619048,0.2142857142857143,30,9
73,12.164139351417056,1.085081386743783,legacy67,minmax,0.6104761904761906,0.8514285714285714,0.2409523809523808,0.92,0.9466666666666667,0.026666666666666616,0.6904761904761905,0.9047619047619048,0.2142857142857143,30,9
73,12.273800987852958,1.0889790771866297,legacy67,minmax,0.6104761904761906,0.8514285714285714,0.2409523809523808,0.92,0.9466666666666667,0.026666666666666616,0.6904761904761905,0.9047619047619048,0.2142857142857143,30,9
73,12.604664585649452,1.1005312934444582,legacy67,minmax,0.6104761904761906,0.8514285714285714,0.2409523809523808,0.92,0.9466666666666667,0.026666666666666616,0.6904761904761905,0.9047619047619048,0.2142857142857143,30,9
73,13.826232179369853,1.1407038455720544,legacy67,minmax,0.6104761904761906,0.8514285714285714,0.2409523809523808,0.92,0.9466666666666667,0.026666666666666616,0.6904761904761905,0.9047619047619048,0.2142857142857143,31,9
73,16.172900811143133,1.2087879230161587,legacy67,minmax,0.6104761904761906,0.8647619047619046,0.254285714285714,0.92,0.96,0.039999999999999925,0.6904761904761905,0.9047619047619048,0.2142857142857143,31,23
73,17.123375973163967,1.2335893924658445,legacy67,minmax,0.6104761904761906,0.8647619047619046,0.254285714285714,0.92,0.96,0.039999999999999925,0.6904761904761905,0.9047619047619048,0.2142857142857143,32,23
73,18.274508859816006,1.2618457138193366,legacy67,minmax,0.6104761904761906,0.8647619047619046,0.254285714285714,0.92,0.96,0.039999999999999925,0.6904761904761905,0.9047619047619048,0.2142857142857143,32,23
73,20.65142557895924,1.3149500366077174,legacy67,minmax,0.6104761904761906,0.8647619047619046,0.254285714285714,0.92,0.96,0.039999999999999925,0.6904761904761905,0.9047619047619048,0.2142857142857143,32,23
73,21.36832907235874,1.329770563201687,legacy67,minmax,0.6104761904761906,0.8647619047619046,0.254285714285714,0.92,0.96,0.039999999999999925,0.6904761904761905,0.9047619047619048,0.2142857142857143,32,23
73,28.340904295147727,1.452413703502374,legacy67,minmax,0.6104761904761906,0.8647619047619046,0.254285714285714,0.92,0.96,0.039999999999999925,0.6904761904761905,0.9047619047619048,0.2142857142857143,32,23
73,29.154431891537524,1.4647045830997407,legacy67,minmax,0.6104761904761906,0.8647619047619046,0.254285714285714,0.92,0.96,0.039999999999999925,0.6904761904761905,0.9047619047619048,0.2142857142857143,32,23
73,35.387588647792384,1.5488509703053062,legacy67,minmax,0.6104761904761906,0.8647619047619046,0.254285714285714,0.92,0.96,0.039999999999999925,0.6904761904761905,0.9047619047619048,0.2142857142857143,32,24
73,37.95853142670639,1.5793094017105953,legacy67,minmax,0.6104761904761906,0.8647619047619046,0.254285714285714,0.92,0.96,0.039999999999999925,0.6904761904761905,0.9047619047619048,0.2142857142857143,32,25
73,43.37920697490936,1.6372816083151283,legacy67,minmax,0.6104761904761906,0.8647619047619046,0.254285714285714,0.92,0.96,0.039999999999999925,0.6904761904761905,0.9047619047619048,0.2142857142857143,32,25
73,48.69640941520897,1.6874969400924673,legacy67,minmax,0.6104761904761906,0.8647619047619046,0.254285714285714,0.92,0.96,0.039999999999999925,0.6904761904761905,0.9047619047619048,0.2142857142857143,32,25
73,57.279044707996185,1.7579957662567565,legacy67,minmax,0.6104761904761906,0.8647619047619046,0.254285714285714,0.92,0.96,0.039999999999999925,0.6904761904761905,0.9047619047619048,0.2142857142857143,33,25
73,62.45139574743064,1.795542149013333,legacy67,minmax,0.6104761904761906,0.8647619047619046,0.254285714285714,0.92,0.96,0.039999999999999925,0.6904761904761905,0.9047619047619048,0.2142857142857143,33,25
73,63.512210106406926,1.8028572256396647,legacy67,minmax,0.6104761904761906,0.8647619047619046,0.254285714285714,0.92,0.96,0.039999999999999925,0.6904761904761905,0.9047619047619048,0.2142857142857143,33,25
73,72.86653737491037,1.8625281322982374,legacy67,minmax,0.6104761904761906,0.8647619047619046,0.254285714285714,0.92,0.96,0.039999999999999925,0.6904761904761905,0.9047619047619048,0.2142857142857143,33,25
73,75.56810141274423,1.8783385110582342,legacy67,minmax,0.6104761904761906,0.8647619047619046,0.254285714285714,0.92,0.96,0.039999999999999925,0.6904761904761905,0.9047619047619048,0.2142857142857143,33,26
73,75.79479953347995,1.8796394086479773,legacy67,minmax,0.6104761904761906,0.8647619047619046,0.254285714285714,0.92,0.96,0.039999999999999925,0.6904761904761905,0.9047619047619048,0.2142857142857143,33,26
73,88.62326508576248,1.9475477464020692,legacy67,minmax,0.6104761904761906,0.8514285714285714,0.2409523809523808,0.92,0.9466666666666667,0.026666666666666616,0.6904761904761905,0.9047619047619048,0.2142857142857143,33,28
74,0.010521761868451128,-1.9779115315055904,legacy67,minmax,0.0,0.0,0.0,1.0,1.0,0.0,0.0,0.0,0.0,0,0
74,0.012087541473056955,-1.9176620228167902,legacy67,minmax,0.0,0.0,0.0,1.0,1.0,0.0,0.0,0.0,0.0,0,0
74,0.01263794633808287,-1.8983234930236192,legacy67,minmax,0.0,0.0,0.0,1.0,1.0,0.0,0.0,0.0,0.0,0,0
74,0.013726318898045865,-1.8624459155391264,legacy67,minmax,0.0,0.0,0.0,1.0,1.0,0.0,0.0,0.0,0.0,0,0
74,0.0151673306880762,-1.8190908443578477,legacy67,minmax,0.0,0.0,0.0,1.0,1.0,0.0,0.0,0.0,0.0,0,0
74,0.015339162591163618,-1.814198349120009,legacy67,minmax,0.0,0.0,0.0,1.0,1.0,0.0,0.0,0.0,0.0,0,0
74,0.017073967431528118,-1.7676655513272022,legacy67,minmax,0.0,0.0,0.0,1.0,1.0,0.0,0.0,0.0,0.0,2,0
74,0.017956984225677628,-1.7457665988559055,legacy67,minmax,0.0,0.0,0.0,1.0,1.0,0.0,0.0,0.0,0.0,2,1
74,0.018205657658407252,-1.739793628058882,legacy67,minmax,0.0,0.0,0.0,1.0,1.0,0.0,0.0,0.0,0.0,2,1
74,0.019777828512462715,-1.7038213930636386,legacy67,minmax,0.0,0.0,0.0,1.0,1.0,0.0,0.0,0.0,0.0,2,1
74,0.01987021538542862,-1.7017974252809167,legacy67,minmax,0.0,0.0,0.0,1.0,1.0,0.0,0.0,0.0,0.0,2,1
74,0.022592797420156945,-1.646029991792322,legacy67,minmax,0.19047619047619047,0.32000000000000006,0.1295238095238096,1.0,0.9866666666666667,-0.013333333333333308,0.19047619047619047,0.3333333333333333,0.14285714285714285,3,2
74,0.024586032763280048,-1.6093115439744645,legacy67,minmax,0.23809523809523814,0.5104761904761905,0.2723809523809524,1.0,0.9866666666666667,-0.013333333333333308,0.23809523809523808,0.5238095238095238,0.28571428571428575,3,2
74,0.027012557725439066,-1.5684342920267822,legacy67,minmax,0.26190476190476186,0.5104761904761905,0.24857142857142867,1.0,0.9866666666666667,-0.013333333333333308,0.2619047619047619,0.5238095238095238,0.2619047619047619,4,2
74,0.029072088906598435,-1.5365237618994811,legacy67,minmax,0.40476190476190466,0.5104761904761905,0.10571428571428587,1.0,0.9866666666666667,-0.013333333333333308,0.40476190476190477,0.5238095238095238,0.11904761904761907,4,2
74,0.030086868214458433,-1.5216230162467932,legacy67,minmax,0.45238095238095233,0.5104761904761905,0.0580952380952382,1.0,0.9866666666666667,-0.013333333333333308,0.4523809523809524,0.5238095238095238,0.07142857142857145,4,2
74,0.030771802712506853,-1.5118470606208847,legacy67,minmax,0.45238095238095233,0.5104761904761905,0.0580952380952382,1.0,0.9866666666666667,-0.013333333333333308,0.4523809523809524,0.5238095238095238,0.07142857142857145,4,2
74,0.036138942712165265,-1.4420245573918327,legacy67,minmax,0.5104761904761905,0.5104761904761905,0.0,0.9866666666666667,0.9866666666666667,0.0,0.5238095238095238,0.5238095238095238,0.0,4,2
74,0.03661819220392428,-1.4363031001009494,legacy67,minmax,0.5104761904761905,0.5104761904761905,0.0,0.9866666666666667,0.9866666666666667,0.0,0.5238095238095238,0.5238095238095238,0.0,4,2
74,0.04207053950287936,-1.3760219186551894,legacy67,minmax,0.5104761904761905,0.5104761904761905,0.0,0.9866666666666667,0.9866666666666667,0.0,0.5238095238095238,0.5238095238095238,0.0,4,2
74,0.04207988669606635,-1.375925438230254,legacy67,minmax,0.5104761904761905,0.5104761904761905,0.0,0.9866666666666667,0.9866666666666667,0.0,0.5238095238095238,0.5238095238095238,0.0,4,2
74,0.04809461967501572,-1.3179035052508339,legacy67,minmax,0.558095238095238,0.6295238095238096,0.07142857142857162,0.9866666666666667,0.9866666666666667,0.0,0.5714285714285714,0.6428571428571429,0.07142857142857151,4,2
74,0.05337032762603955,-1.2727001311715975,legacy67,minmax,0.558095238095238,0.6295238095238096,0.07142857142857162,0.9866666666666667,0.9866666666666667,0.0,0.5714285714285714,0.6428571428571429,0.07142857142857151,4,3
74,0.05415244119402536,-1.2663819605862647,legacy67,minmax,0.558095238095238,0.6295238095238096,0.07142857142857162,0.9866666666666667,0.9866666666666667,0.0,0.5714285714285714,0.6428571428571429,0.07142857142857151,4,4
74,0.05488047000766042,-1.2605821778978918,legacy67,minmax,0.558095238095238,0.6295238095238096,0.07142857142857162,0.9866666666666667,0.9866666666666667,0.0,0.5714285714285714,0.6428571428571429,0.07142857142857151,4,4
74,0.060803901902965994,-1.2160685503234192,legacy67,minmax,0.5314285714285714,0.6295238095238096,0.09809523809523824,0.96,0.9866666666666667,0.026666666666666727,0.5714285714285714,0.6428571428571429,0.07142857142857151,4,4
74,0.06235377135673155,-1.2051372738633104,legacy67,minmax,0.5314285714285714,0.6295238095238096,0.09809523809523824,0.96,0.9866666666666667,0.026666666666666727,0.5714285714285714,0.6428571428571429,0.07142857142857151,5,4
74,0.06290644294586147,-1.201304871366561,legacy67,minmax,0.5314285714285714,0.6295238095238096,0.09809523809523824,0.96,0.9866666666666667,0.026666666666666727,0.5714285714285714,0.6428571428571429,0.07142857142857151,5,4
74,0.07068974950624601,-1.1506435572868954,legacy67,minmax,0.6638095238095238,0.6295238095238096,-0.03428571428571425,0.9733333333333334,0.9866666666666667,0.013333333333333308,0.6904761904761905,0.6428571428571429,-0.04761904761904756,6,6
74,0.10842262717330158,-0.9648800735999323,legacy67,minmax,0.6638095238095238,0.7485714285714287,0.08476190476190482,0.9733333333333334,0.9866666666666667,0.013333333333333308,0.6904761904761905,0.7619047619047619,0.0714285714285714,8,8
74,0.12172958098369964,-0.9146038729044164,legacy67,minmax,0.6638095238095238,0.7961904761904761,0.13238095238095227,0.9733333333333334,0.9866666666666667,0.013333333333333308,0.6904761904761905,0.8095238095238095,0.11904761904761907,9,7
74,0.1329652145729951,-0.876261961250477,legacy67,minmax,0.6638095238095238,0.7961904761904761,0.13238095238095227,0.9733333333333334,0.9866666666666667,0.013333333333333308,0.6904761904761905,0.8095238095238095,0.11904761904761907,10,7
74,0.14618962793704957,-0.8350834392078323,legacy67,minmax,0.6638095238095238,0.7961904761904761,0.13238095238095227,0.9733333333333334,0.9866666666666667,0.013333333333333308,0.6904761904761905,0.8095238095238095,0.11904761904761907,10,7
74,0.14742753159914665,-0.8314214058591274,legacy67,minmax,0.6638095238095238,0.7961904761904761,0.13238095238095227,0.9733333333333334,0.9866666666666667,0.013333333333333308,0.6904761904761905,0.8095238095238095,0.11904761904761907,10,7
74,0.16480446427978968,-0.7830310281618491,legacy67,minmax,0.6638095238095238,0.7961904761904761,0.13238095238095227,0.9733333333333334,0.9866666666666667,0.013333333333333308,0.6904761904761905,0.8095238095238095,0.11904761904761907,11,7
74,0.16536937182824418,-0.7815449233065173,legacy67,minmax,0.6638095238095238,0.7961904761904761,0.13238095238095227,0.9733333333333334,0.9866666666666667,0.013333333333333308,0.6904761904761905,0.8095238095238095,0.11904761904761907,11,7
74,0.1753594952976441,-0.7560707131373512,legacy67,minmax,0.6504761904761904,0.7961904761904761,0.14571428571428569,0.96,0.9866666666666667,0.026666666666666727,0.6904761904761905,0.8095238095238095,0.11904761904761907,11,7
74,0.17654048052495064,-0.7531556956423562,legacy67,minmax,0.6504761904761904,0.7961904761904761,0.14571428571428569,0.96,0.9866666666666667,0.026666666666666727,0.6904761904761905,0.8095238095238095,0.11904761904761907,11,7
74,0.1998634077852887,-0.6992667118930118,legacy67,minmax,0.6504761904761904,0.7961904761904761,0.14571428571428569,0.96,0.9866666666666667,0.026666666666666727,0.6904761904761905,0.8095238095238095,0.11904761904761907,12,7
74,0.2001342062287997,-0.6986786769469426,legacy67,minmax,0.6504761904761904,0.7961904761904761,0.14571428571428569,0.96,0.9866666666666667,0.026666666666666727,0.6904761904761905,0.8095238095238095,0.11904761904761907,12,7
74,0.21066486017042194,-0.6764079005894033,legacy67,minmax,0.6504761904761904,0.7961904761904761,0.14571428571428569,0.96,0.9866666666666667,0.026666666666666727,0.6904761904761905,0.8095238095238095,0.11904761904761907,14,7
74,0.2673088310781669,-0.5729866932256429,legacy67,minmax,0.637142857142857,0.8304761904761904,0.19333333333333336,0.9466666666666667,0.9733333333333334,0.026666666666666727,0.6904761904761905,0.8571428571428571,0.16666666666666663,14,8
74,0.2715581955282939,-0.5661370858229096,legacy67,minmax,0.637142857142857,0.8304761904761904,0.19333333333333336,0.9466666666666667,0.9733333333333334,0.026666666666666727,0.6904761904761905,0.8571428571428571,0.16666666666666663,14,8
74,0.292043384718141,-0.5345526268252332,legacy67,minmax,0.6847619047619049,0.8304761904761904,0.14571428571428546,0.9466666666666667,0.9733333333333334,0.026666666666666727,0.7380952380952381,0.8571428571428571,0.11904761904761896,14,8
74,0.314891164795686,-0.50183952461055,legacy67,minmax,0.6847619047619049,0.8304761904761904,0.14571428571428546,0.9466666666666667,0.9733333333333334,0.026666666666666727,0.7380952380952381,0.8571428571428571,0.11904761904761896,15,8
74,0.35868164986275475,-0.44529084124207197,legacy67,minmax,0.6580952380952381,0.8304761904761904,0.1723809523809523,0.92,0.9733333333333334,0.053333333333333344,0.7380952380952381,0.8571428571428571,0.11904761904761896,15,8
74,0.5130551760589832,-0.2898359265658015,legacy67,minmax,0.6819047619047618,0.8304761904761904,0.14857142857142858,0.92,0.9733333333333334,0.053333333333333344,0.7619047619047619,0.8571428571428571,0.09523809523809523,19,8
74,0.5342937261279772,-0.27221992543153695,legacy67,minmax,0.6819047619047618,0.8304761904761904,0.14857142857142858,0.92,0.9733333333333334,0.053333333333333344,0.7619047619047619,0.8571428571428571,0.09523809523809523,20,8
74,0.5762487216478598,-0.23939002504159476,legacy67,minmax,0.6952380952380952,0.8304761904761904,0.13523809523809516,0.9333333333333333,0.9733333333333334,0.040000000000000036,0.7619047619047619,0.8571428571428571,0.09523809523809523,20,8
74,0.6672367170464204,-0.17572006313185626,legacy67,minmax,0.6476190476190475,0.8304761904761904,0.18285714285714283,0.9333333333333333,0.9733333333333334,0.040000000000000036,0.7142857142857143,0.8571428571428571,0.1428571428571428,21,8
74,0.7742116473996242,-0.1111402993522028,legacy67,minmax,0.6714285714285715,0.8304761904761904,0.15904761904761888,0.9333333333333333,0.9733333333333334,0.040000000000000036,0.7380952380952381,0.8571428571428571,0.11904761904761896,22,8
74,0.9444574254983555,-0.02481761454243703,legacy67,minmax,0.6476190476190475,0.8409523809523809,0.19333333333333336,0.9333333333333333,0.96,0.026666666666666616,0.7142857142857143,0.8809523809523809,0.16666666666666663,21,8
74,0.9565499215943818,-0.019292359554919238,legacy67,minmax,0.6476190476190475,0.8409523809523809,0.19333333333333336,0.9333333333333333,0.96,0.026666666666666616,0.7142857142857143,0.8809523809523809,0.16666666666666663,21,8
74,1.1400863701127315,0.0569377536544464,legacy67,minmax,0.6238095238095238,0.8409523809523809,0.21714285714285708,0.9333333333333333,0.96,0.026666666666666616,0.6904761904761905,0.8809523809523809,0.19047619047619047,23,8
74,1.2030178871154662,0.08027208471124325,legacy67,minmax,0.6238095238095238,0.8409523809523809,0.21714285714285708,0.9333333333333333,0.96,0.026666666666666616,0.6904761904761905,0.8809523809523809,0.19047619047619047,23,8
74,1.2329098365270508,0.0909313175279762,legacy67,minmax,0.6238095238095238,0.8409523809523809,0.21714285714285708,0.9333333333333333,0.96,0.026666666666666616,0.6904761904761905,0.8809523809523809,0.19047619047619047,24,8
74,1.2561043700013554,0.09902572652895136,legacy67,minmax,0.6238095238095238,0.8409523809523809,0.21714285714285708,0.9333333333333333,0.96,0.026666666666666616,0.6904761904761905,0.8809523809523809,0.19047619047619047,24,8
74,1.4817820606039076,0.17078433263299386,legacy67,minmax,0.6238095238095238,0.8409523809523809,0.21714285714285708,0.9333333333333333,0.96,0.026666666666666616,0.6904761904761905,0.8809523809523809,0.19047619047619047,24,8
74,1.5375920235481748,0.1868411173731186,legacy67,minmax,0.6238095238095238,0.8409523809523809,0.21714285714285708,0.9333333333333333,0.96,0.026666666666666616,0.6904761904761905,0.8809523809523809,0.19047619047619047,24,8
74,1.7583640270008503,0.24510879027798493,legacy67,minmax,0.637142857142857,0.8409523809523809,0.20380952380952388,0.9466666666666667,0.96,0.013333333333333308,0.6904761904761905,0.8809523809523809,0.19047619047619047,24,8
74,2.34238498471129,0.36965827544816987,legacy67,minmax,0.6133333333333333,0.8409523809523809,0.2276190476190476,0.9466666666666667,0.96,0.013333333333333308,0.6666666666666666,0.8809523809523809,0.2142857142857143,27,8
74,2.4637685958997446,0.39159991524434057,legacy67,minmax,0.6133333333333333,0.8409523809523809,0.2276190476190476,0.9466666666666667,0.96,0.013333333333333308,0.6666666666666666,0.8809523809523809,0.2142857142857143,28,8
74,2.4810409748678097,0.3946339367881464,legacy67,minmax,0.6133333333333333,0.8409523809523809,0.2276190476190476,0.9466666666666667,0.96,0.013333333333333308,0.6666666666666666,0.8809523809523809,0.2142857142857143,28,8
74,2.5378155082656626,0.40446004697283516,legacy67,minmax,0.6133333333333333,0.8409523809523809,0.2276190476190476,0.9466666666666667,0.96,0.013333333333333308,0.6666666666666666,0.8809523809523809,0.2142857142857143,28,8
74,2.692646910086177,0.43017940760575346,legacy67,minmax,0.6133333333333333,0.8409523809523809,0.2276190476190476,0.9466666666666667,0.96,0.013333333333333308,0.6666666666666666,0.8809523809523809,0.2142857142857143,28,8
74,2.801635158716258,0.4474115788895179,legacy67,minmax,0.6133333333333333,0.8409523809523809,0.2276190476190476,0.9466666666666667,0.96,0.013333333333333308,0.6666666666666666,0.8809523809523809,0.2142857142857143,28,8
74,3.113095956122122,0.4931925073102317,legacy67,minmax,0.6133333333333333,0.8409523809523809,0.2276190476190476,0.9466666666666667,0.96,0.013333333333333308,0.6666666666666666,0.8809523809523809,0.2142857142857143,29,8
74,3.550012525851159,0.5502298854208525,legacy67,minmax,0.6133333333333333,0.8409523809523809,0.2276190476190476,0.9466666666666667,0.96,0.013333333333333308,0.6666666666666666,0.8809523809523809,0.2142857142857143,29,8
74,4.467752817973904,0.6500891374159279,legacy67,minmax,0.6133333333333333,0.8409523809523809,0.2276190476190476,0.9466666666666667,0.96,0.013333333333333308,0.6666666666666666,0.8809523809523809,0.2142857142857143,31,8
74,5.456725485601473,0.7369321060486276,legacy67,minmax,0.5895238095238096,0.8409523809523809,0.25142857142857133,0.9466666666666667,0.96,0.013333333333333308,0.6428571428571429,0.8809523809523809,0.23809523809523803,32,8
74,6.72093005015611,0.8274293753904685,legacy67,minmax,0.5895238095238096,0.8409523809523809,0.25142857142857133,0.9466666666666667,0.96,0.013333333333333308,0.6428571428571429,0.8809523809523809,0.23809523809523803,33,8
74,6.7965780907581514,0.832290311184182,legacy67,minmax,0.5895238095238096,0.8409523809523809,0.25142857142857133,0.9466666666666667,0.96,0.013333333333333308,0.6428571428571429,0.8809523809523809,0.23809523809523803,33,8
74,7.128188058401357,0.85297914889198,legacy67,minmax,0.5895238095238096,0.8409523809523809,0.25142857142857133,0.9466666666666667,0.96,0.013333333333333308,0.6428571428571429,0.8809523809523809,0.23809523809523803,33,8
74,8.241925264876443,0.9160286721639492,legacy67,minmax,0.6133333333333333,0.8409523809523809,0.2276190476190476,0.9466666666666667,0.96,0.013333333333333308,0.6666666666666666,0.8809523809523809,0.2142857142857143,33,28
74,8.287522363768153,0.9184247133522563,legacy67,minmax,0.6133333333333333,0.8409523809523809,0.2276190476190476,0.9466666666666667,0.96,0.013333333333333308,0.6666666666666666,0.8809523809523809,0.2142857142857143,33,28
74,8.471801418819974,0.9279757672456204,legacy67,minmax,0.6133333333333333,0.8409523809523809,0.2276190476190476,0.9466666666666667,0.96,0.013333333333333308,0.6666666666666666,0.8809523809523809,0.2142857142857143,33,28
74,11.044350847124681,1.0431401944675898,legacy67,minmax,0.6000000000000001,0.8409523809523809,0.2409523809523808,0.9333333333333333,0.96,0.026666666666666616,0.6666666666666666,0.8809523809523809,0.2142857142857143,32,29
74,12.130221181165155,1.083868719818244,legacy67,minmax,0.6000000000000001,0.8409523809523809,0.2409523809523808,0.9333333333333333,0.96,0.026666666666666616,0.6666666666666666,0.8809523809523809,0.2142857142857143,32,29
74,12.164139351417056,1.085081386743783,legacy67,minmax,0.6000000000000001,0.8409523809523809,0.2409523809523808,0.9333333333333333,0.96,0.026666666666666616,0.6666666666666666,0.8809523809523809,0.2142857142857143,32,29
74,12.273800987852958,1.0889790771866297,legacy67,minmax,0.6000000000000001,0.8409523809523809,0.2409523809523808,0.9333333333333333,0.96,0.026666666666666616,0.6666666666666666,0.8809523809523809,0.2142857142857143,32,29
74,12.604664585649452,1.1005312934444582,legacy67,minmax,0.6000000000000001,0.8409523809523809,0.2409523809523808,0.9333333333333333,0.96,0.026666666666666616,0.6666666666666666,0.8809523809523809,0.2142857142857143,32,29
74,13.826232179369853,1.1407038455720544,legacy67,minmax,0.6000000000000001,0.8409523809523809,0.2409523809523808,0.9333333333333333,0.96,0.026666666666666616,0.6666666666666666,0.8809523809523809,0.2142857142857143,32,29
74,16.172900811143133,1.2087879230161587,legacy67,minmax,0.6000000000000001,0.8409523809523809,0.2409523809523808,0.9333333333333333,0.96,0.026666666666666616,0.6666666666666666,0.8809523809523809,0.2142857142857143,32,29
74,17.123375973163967,1.2335893924658445,legacy67,minmax,0.6000000000000001,0.8409523809523809,0.2409523809523808,0.9333333333333333,0.96,0.026666666666666616,0.6666666666666666,0.8809523809523809,0.2142857142857143,32,29
74,18.274508859816006,1.2618457138193366,legacy67,minmax,0.6000000000000001,0.8409523809523809,0.2409523809523808,0.9333333333333333,0.96,0.026666666666666616,0.6666666666666666,0.8809523809523809,0.2142857142857143,32,29
74,20.65142557895924,1.3149500366077174,legacy67,minmax,0.6000000000000001,0.8409523809523809,0.2409523809523808,0.9333333333333333,0.96,0.026666666666666616,0.6666666666666666,0.8809523809523809,0.2142857142857143,32,29
74,21.36832907235874,1.329770563201687,legacy67,minmax,0.6000000000000001,0.8409523809523809,0.2409523809523808,0.9333333333333333,0.96,0.026666666666666616,0.6666666666666666,0.8809523809523809,0.2142857142857143,32,29
74,28.340904295147727,1.452413703502374,legacy67,minmax,0.6000000000000001,0.8409523809523809,0.2409523809523808,0.9333333333333333,0.96,0.026666666666666616,0.6666666666666666,0.8809523809523809,0.2142857142857143,33,29
74,29.154431891537524,1.4647045830997407,legacy67,minmax,0.6000000000000001,0.8409523809523809,0.2409523809523808,0.9333333333333333,0.96,0.026666666666666616,0.6666666666666666,0.8809523809523809,0.2142857142857143,33,29
74,35.387588647792384,1.5488509703053062,legacy67,minmax,0.6000000000000001,0.8409523809523809,0.2409523809523808,0.9333333333333333,0.96,0.026666666666666616,0.6666666666666666,0.8809523809523809,0.2142857142857143,33,29
74,37.95853142670639,1.5793094017105953,legacy67,minmax,0.6000000000000001,0.8409523809523809,0.2409523809523808,0.9333333333333333,0.96,0.026666666666666616,0.6666666666666666,0.8809523809523809,0.2142857142857143,33,29
74,43.37920697490936,1.6372816083151283,legacy67,minmax,0.6000000000000001,0.8409523809523809,0.2409523809523808,0.9333333333333333,0.96,0.026666666666666616,0.6666666666666666,0.8809523809523809,0.2142857142857143,33,29
74,48.69640941520897,1.6874969400924673,legacy67,minmax,0.6000000000000001,0.8409523809523809,0.2409523809523808,0.9333333333333333,0.96,0.026666666666666616,0.6666666666666666,0.8809523809523809,0.2142857142857143,33,29
74,57.279044707996185,1.7579957662567565,legacy67,minmax,0.6000000000000001,0.8409523809523809,0.2409523809523808,0.9333333333333333,0.96,0.026666666666666616,0.6666666666666666,0.8809523809523809,0.2142857142857143,33,29
74,62.45139574743064,1.795542149013333,legacy67,minmax,0.6000000000000001,0.8409523809523809,0.2409523809523808,0.9333333333333333,0.96,0.026666666666666616,0.6666666666666666,0.8809523809523809,0.2142857142857143,33,29
74,63.512210106406926,1.8028572256396647,legacy67,minmax,0.6000000000000001,0.8409523809523809,0.2409523809523808,0.9333333333333333,0.96,0.026666666666666616,0.6666666666666666,0.8809523809523809,0.2142857142857143,33,29
74,72.86653737491037,1.8625281322982374,legacy67,minmax,0.6000000000000001,0.8409523809523809,0.2409523809523808,0.9333333333333333,0.96,0.026666666666666616,0.6666666666666666,0.8809523809523809,0.2142857142857143,33,31
74,75.56810141274423,1.8783385110582342,legacy67,minmax,0.6000000000000001,0.8409523809523809,0.2409523809523808,0.9333333333333333,0.96,0.026666666666666616,0.6666666666666666,0.8809523809523809,0.2142857142857143,33,31
74,75.79479953347995,1.8796394086479773,legacy67,minmax,0.6000000000000001,0.8409523809523809,0.2409523809523808,0.9333333333333333,0.96,0.026666666666666616,0.6666666666666666,0.8809523809523809,0.2142857142857143,33,31
74,88.62326508576248,1.9475477464020692,legacy67,minmax,0.6000000000000001,0.8409523809523809,0.2409523809523808,0.9333333333333333,0.96,0.026666666666666616,0.6666666666666666,0.8809523809523809,0.2142857142857143,33,31
75,0.010521761868451128,-1.9779115315055904,legacy67,minmax,0.0,0.0,0.0,1.0,1.0,0.0,0.0,0.0,0.0,0,0
75,0.012087541473056955,-1.9176620228167902,legacy67,minmax,0.0,0.0,0.0,1.0,1.0,0.0,0.0,0.0,0.0,0,0
75,0.01263794633808287,-1.8983234930236192,legacy67,minmax,0.0,0.0,0.0,1.0,1.0,0.0,0.0,0.0,0.0,0,0
75,0.013726318898045865,-1.8624459155391264,legacy67,minmax,0.0,0.0,0.0,1.0,1.0,0.0,0.0,0.0,0.0,0,0
75,0.0151673306880762,-1.8190908443578477,legacy67,minmax,0.0,0.0,0.0,1.0,1.0,0.0,0.0,0.0,0.0,0,0
75,0.015339162591163618,-1.814198349120009,legacy67,minmax,0.0,0.0,0.0,1.0,1.0,0.0,0.0,0.0,0.0,0,0
75,0.017073967431528118,-1.7676655513272022,legacy67,minmax,0.0,0.0,0.0,1.0,1.0,0.0,0.0,0.0,0.0,0,0
75,0.017956984225677628,-1.7457665988559055,legacy67,minmax,0.0,0.0,0.0,1.0,1.0,0.0,0.0,0.0,0.0,0,0
75,0.018205657658407252,-1.739793628058882,legacy67,minmax,0.0,0.0,0.0,1.0,1.0,0.0,0.0,0.0,0.0,1,0
75,0.019777828512462715,-1.7038213930636386,legacy67,minmax,0.0,0.0,0.0,1.0,1.0,0.0,0.0,0.0,0.0,1,1
75,0.01987021538542862,-1.7017974252809167,legacy67,minmax,0.0,0.0,0.0,1.0,1.0,0.0,0.0,0.0,0.0,1,1
75,0.022592797420156945,-1.646029991792322,legacy67,minmax,0.16666666666666674,0.0,-0.16666666666666674,1.0,1.0,0.0,0.16666666666666666,0.0,-0.16666666666666666,2,2
75,0.024586032763280048,-1.6093115439744645,legacy67,minmax,0.2142857142857142,0.40476190476190466,0.19047619047619047,1.0,1.0,0.0,0.21428571428571427,0.40476190476190477,0.1904761904761905,3,2
75,0.027012557725439066,-1.5684342920267822,legacy67,minmax,0.3571428571428572,0.40476190476190466,0.04761904761904745,1.0,1.0,0.0,0.35714285714285715,0.40476190476190477,0.047619047619047616,4,2
75,0.029072088906598435,-1.5365237618994811,legacy67,minmax,0.40476190476190466,0.40476190476190466,0.0,1.0,1.0,0.0,0.40476190476190477,0.40476190476190477,0.0,4,2
75,0.030086868214458433,-1.5216230162467932,legacy67,minmax,0.40476190476190466,0.6428571428571428,0.23809523809523814,1.0,1.0,0.0,0.40476190476190477,0.6428571428571429,0.23809523809523814,4,2
75,0.030771802712506853,-1.5118470606208847,legacy67,minmax,0.40476190476190466,0.6428571428571428,0.23809523809523814,1.0,1.0,0.0,0.40476190476190477,0.6428571428571429,0.23809523809523814,4,2
75,0.036138942712165265,-1.4420245573918327,legacy67,minmax,0.6428571428571428,0.6428571428571428,0.0,1.0,1.0,0.0,0.6428571428571429,0.6428571428571429,0.0,4,2
75,0.03661819220392428,-1.4363031001009494,legacy67,minmax,0.6428571428571428,0.6428571428571428,0.0,1.0,1.0,0.0,0.6428571428571429,0.6428571428571429,0.0,4,2
75,0.04207053950287936,-1.3760219186551894,legacy67,minmax,0.7142857142857144,0.7619047619047619,0.04761904761904745,1.0,1.0,0.0,0.7142857142857143,0.7619047619047619,0.04761904761904756,5,2
75,0.04207988669606635,-1.375925438230254,legacy67,minmax,0.7142857142857144,0.7619047619047619,0.04761904761904745,1.0,1.0,0.0,0.7142857142857143,0.7619047619047619,0.04761904761904756,5,2
75,0.04809461967501572,-1.3179035052508339,legacy67,minmax,0.7380952380952381,0.7619047619047619,0.023809523809523725,1.0,1.0,0.0,0.7380952380952381,0.7619047619047619,0.023809523809523725,5,3
75,0.05337032762603955,-1.2727001311715975,legacy67,minmax,0.7380952380952381,0.7619047619047619,0.023809523809523725,1.0,1.0,0.0,0.7380952380952381,0.7619047619047619,0.023809523809523725,6,3
75,0.05415244119402536,-1.2663819605862647,legacy67,minmax,0.7380952380952381,0.7619047619047619,0.023809523809523725,1.0,1.0,0.0,0.7380952380952381,0.7619047619047619,0.023809523809523725,6,3
75,0.05488047000766042,-1.2605821778978918,legacy67,minmax,0.7380952380952381,0.7619047619047619,0.023809523809523725,1.0,1.0,0.0,0.7380952380952381,0.7619047619047619,0.023809523809523725,6,3
75,0.060803901902965994,-1.2160685503234192,legacy67,minmax,0.7619047619047619,0.7619047619047619,0.0,1.0,1.0,0.0,0.7619047619047619,0.7619047619047619,0.0,6,5
75,0.06235377135673155,-1.2051372738633104,legacy67,minmax,0.7619047619047619,0.7619047619047619,0.0,1.0,1.0,0.0,0.7619047619047619,0.7619047619047619,0.0,6,5
75,0.06290644294586147,-1.201304871366561,legacy67,minmax,0.7619047619047619,0.7619047619047619,0.0,1.0,1.0,0.0,0.7619047619047619,0.7619047619047619,0.0,6,5
75,0.07068974950624601,-1.1506435572868954,legacy67,minmax,0.7619047619047619,0.8095238095238095,0.04761904761904767,1.0,1.0,0.0,0.7619047619047619,0.8095238095238095,0.04761904761904767,6,6
75,0.10842262717330158,-0.9648800735999323,legacy67,minmax,0.7485714285714287,0.8571428571428572,0.10857142857142854,0.9866666666666667,1.0,0.013333333333333308,0.7619047619047619,0.8571428571428571,0.09523809523809523,10,8
75,0.12172958098369964,-0.9146038729044164,legacy67,minmax,0.7723809523809524,0.8438095238095238,0.0714285714285714,0.9866666666666667,0.9866666666666667,0.0,0.7857142857142857,0.8571428571428571,0.0714285714285714,13,8
75,0.1329652145729951,-0.876261961250477,legacy67,minmax,0.7590476190476192,0.8438095238095238,0.0847619047619046,0.9733333333333334,0.9866666666666667,0.013333333333333308,0.7857142857142857,0.8571428571428571,0.0714285714285714,14,9
75,0.14618962793704957,-0.8350834392078323,legacy67,minmax,0.7352380952380952,0.8438095238095238,0.10857142857142854,0.9733333333333334,0.9866666666666667,0.013333333333333308,0.7619047619047619,0.8571428571428571,0.09523809523809523,14,8
75,0.14742753159914665,-0.8314214058591274,legacy67,minmax,0.7352380952380952,0.8438095238095238,0.10857142857142854,0.9733333333333334,0.9866666666666667,0.013333333333333308,0.7619047619047619,0.8571428571428571,0.09523809523809523,14,8
75,0.16480446427978968,-0.7830310281618491,legacy67,minmax,0.7219047619047618,0.8438095238095238,0.12190476190476196,0.96,0.9866666666666667,0.026666666666666727,0.7619047619047619,0.8571428571428571,0.09523809523809523,15,8
75,0.16536937182824418,-0.7815449233065173,legacy67,minmax,0.7219047619047618,0.8438095238095238,0.12190476190476196,0.96,0.9866666666666667,0.026666666666666727,0.7619047619047619,0.8571428571428571,0.09523809523809523,15,8
75,0.1753594952976441,-0.7560707131373512,legacy67,minmax,0.7457142857142856,0.8438095238095238,0.09809523809523824,0.96,0.9866666666666667,0.026666666666666727,0.7857142857142857,0.8571428571428571,0.0714285714285714,15,8
75,0.17654048052495064,-0.7531556956423562,legacy67,minmax,0.7457142857142856,0.8438095238095238,0.09809523809523824,0.96,0.9866666666666667,0.026666666666666727,0.7857142857142857,0.8571428571428571,0.0714285714285714,15,8
75,0.1998634077852887,-0.6992667118930118,legacy67,minmax,0.7219047619047618,0.8438095238095238,0.12190476190476196,0.96,0.9866666666666667,0.026666666666666727,0.7619047619047619,0.8571428571428571,0.09523809523809523,15,8
75,0.2001342062287997,-0.6986786769469426,legacy67,minmax,0.7219047619047618,0.8438095238095238,0.12190476190476196,0.96,0.9866666666666667,0.026666666666666727,0.7619047619047619,0.8571428571428571,0.09523809523809523,15,8
75,0.21066486017042194,-0.6764079005894033,legacy67,minmax,0.7219047619047618,0.8438095238095238,0.12190476190476196,0.96,0.9866666666666667,0.026666666666666727,0.7619047619047619,0.8571428571428571,0.09523809523809523,16,9
75,0.2673088310781669,-0.5729866932256429,legacy67,minmax,0.6980952380952381,0.8438095238095238,0.14571428571428569,0.96,0.9866666666666667,0.026666666666666727,0.7380952380952381,0.8571428571428571,0.11904761904761896,17,9
75,0.2715581955282939,-0.5661370858229096,legacy67,minmax,0.6980952380952381,0.8438095238095238,0.14571428571428569,0.96,0.9866666666666667,0.026666666666666727,0.7380952380952381,0.8571428571428571,0.11904761904761896,17,9
75,0.292043384718141,-0.5345526268252332,legacy67,minmax,0.6980952380952381,0.8438095238095238,0.14571428571428569,0.96,0.9866666666666667,0.026666666666666727,0.7380952380952381,0.8571428571428571,0.11904761904761896,17,9
75,0.314891164795686,-0.50183952461055,legacy67,minmax,0.7114285714285715,0.8438095238095238,0.13238095238095227,0.9733333333333334,0.9866666666666667,0.013333333333333308,0.7380952380952381,0.8571428571428571,0.11904761904761896,17,9
75,0.35868164986275475,-0.44529084124207197,legacy67,minmax,0.7114285714285715,0.8438095238095238,0.13238095238095227,0.9733333333333334,0.9866666666666667,0.013333333333333308,0.7380952380952381,0.8571428571428571,0.11904761904761896,18,9
75,0.5130551760589832,-0.2898359265658015,legacy67,minmax,0.7352380952380952,0.8438095238095238,0.10857142857142854,0.9733333333333334,0.9866666666666667,0.013333333333333308,0.7619047619047619,0.8571428571428571,0.09523809523809523,24,9
75,0.5342937261279772,-0.27221992543153695,legacy67,minmax,0.7352380952380952,0.8438095238095238,0.10857142857142854,0.9733333333333334,0.9866666666666667,0.013333333333333308,0.7619047619047619,0.8571428571428571,0.09523809523809523,24,9
75,0.5762487216478598,-0.23939002504159476,legacy67,minmax,0.7590476190476192,0.8438095238095238,0.0847619047619046,0.9733333333333334,0.9866666666666667,0.013333333333333308,0.7857142857142857,0.8571428571428571,0.0714285714285714,24,9
75,0.6672367170464204,-0.17572006313185626,legacy67,minmax,0.8304761904761904,0.8438095238095238,0.01333333333333342,0.9733333333333334,0.9866666666666667,0.013333333333333308,0.8571428571428571,0.8571428571428571,0.0,24,9
75,0.7742116473996242,-0.1111402993522028,legacy67,minmax,0.8304761904761904,0.8438095238095238,0.01333333333333342,0.9733333333333334,0.9866666666666667,0.013333333333333308,0.8571428571428571,0.8571428571428571,0.0,26,9
75,0.9444574254983555,-0.02481761454243703,legacy67,minmax,0.8066666666666666,0.8676190476190477,0.06095238095238109,0.9733333333333334,0.9866666666666667,0.013333333333333308,0.8333333333333334,0.8809523809523809,0.04761904761904756,29,9
75,0.9565499215943818,-0.019292359554919238,legacy67,minmax,0.8066666666666666,0.8676190476190477,0.06095238095238109,0.9733333333333334,0.9866666666666667,0.013333333333333308,0.8333333333333334,0.8809523809523809,0.04761904761904756,29,9
75,1.1400863701127315,0.0569377536544464,legacy67,minmax,0.8438095238095238,0.8676190476190477,0.023809523809523947,0.9866666666666667,0.9866666666666667,0.0,0.8571428571428571,0.8809523809523809,0.023809523809523836,29,9
75,1.2030178871154662,0.08027208471124325,legacy67,minmax,0.8438095238095238,0.8676190476190477,0.023809523809523947,0.9866666666666667,0.9866666666666667,0.0,0.8571428571428571,0.8809523809523809,0.023809523809523836,29,9
75,1.2329098365270508,0.0909313175279762,legacy67,minmax,0.8438095238095238,0.8676190476190477,0.023809523809523947,0.9866666666666667,0.9866666666666667,0.0,0.8571428571428571,0.8809523809523809,0.023809523809523836,29,9
75,1.2561043700013554,0.09902572652895136,legacy67,minmax,0.8438095238095238,0.8676190476190477,0.023809523809523947,0.9866666666666667,0.9866666666666667,0.0,0.8571428571428571,0.8809523809523809,0.023809523809523836,29,9
75,1.4817820606039076,0.17078433263299386,legacy67,minmax,0.8438095238095238,0.8676190476190477,0.023809523809523947,0.9866666666666667,0.9866666666666667,0.0,0.8571428571428571,0.8809523809523809,0.023809523809523836,29,9
75,1.5375920235481748,0.1868411173731186,legacy67,minmax,0.8438095238095238,0.8676190476190477,0.023809523809523947,0.9866666666666667,0.9866666666666667,0.0,0.8571428571428571,0.8809523809523809,0.023809523809523836,29,9
75,1.7583640270008503,0.24510879027798493,legacy67,minmax,0.8438095238095238,0.8676190476190477,0.023809523809523947,0.9866666666666667,0.9866666666666667,0.0,0.8571428571428571,0.8809523809523809,0.023809523809523836,30,9
75,2.34238498471129,0.36965827544816987,legacy67,minmax,0.8438095238095238,0.8676190476190477,0.023809523809523947,0.9866666666666667,0.9866666666666667,0.0,0.8571428571428571,0.8809523809523809,0.023809523809523836,29,9
75,2.4637685958997446,0.39159991524434057,legacy67,minmax,0.8438095238095238,0.8676190476190477,0.023809523809523947,0.9866666666666667,0.9866666666666667,0.0,0.8571428571428571,0.8809523809523809,0.023809523809523836,29,9
75,2.4810409748678097,0.3946339367881464,legacy67,minmax,0.8438095238095238,0.8676190476190477,0.023809523809523947,0.9866666666666667,0.9866666666666667,0.0,0.8571428571428571,0.8809523809523809,0.023809523809523836,29,9
75,2.5378155082656626,0.40446004697283516,legacy67,minmax,0.8438095238095238,0.8676190476190477,0.023809523809523947,0.9866666666666667,0.9866666666666667,0.0,0.8571428571428571,0.8809523809523809,0.023809523809523836,29,9
75,2.692646910086177,0.43017940760575346,legacy67,minmax,0.8438095238095238,0.8676190476190477,0.023809523809523947,0.9866666666666667,0.9866666666666667,0.0,0.8571428571428571,0.8809523809523809,0.023809523809523836,29,9
75,2.801635158716258,0.4474115788895179,legacy67,minmax,0.8438095238095238,0.8676190476190477,0.023809523809523947,0.9866666666666667,0.9866666666666667,0.0,0.8571428571428571,0.8809523809523809,0.023809523809523836,29,9
75,3.113095956122122,0.4931925073102317,legacy67,minmax,0.8438095238095238,0.8676190476190477,0.023809523809523947,0.9866666666666667,0.9866666666666667,0.0,0.8571428571428571,0.8809523809523809,0.023809523809523836,29,9
75,3.550012525851159,0.5502298854208525,legacy67,minmax,0.8438095238095238,0.8676190476190477,0.023809523809523947,0.9866666666666667,0.9866666666666667,0.0,0.8571428571428571,0.8809523809523809,0.023809523809523836,31,9
75,4.467752817973904,0.6500891374159279,legacy67,minmax,0.8438095238095238,0.8676190476190477,0.023809523809523947,0.9866666666666667,0.9866666666666667,0.0,0.8571428571428571,0.8809523809523809,0.023809523809523836,30,9
75,5.456725485601473,0.7369321060486276,legacy67,minmax,0.8438095238095238,0.8676190476190477,0.023809523809523947,0.9866666666666667,0.9866666666666667,0.0,0.8571428571428571,0.8809523809523809,0.023809523809523836,30,9
75,6.72093005015611,0.8274293753904685,legacy67,minmax,0.8438095238095238,0.8676190476190477,0.023809523809523947,0.9866666666666667,0.9866666666666667,0.0,0.8571428571428571,0.8809523809523809,0.023809523809523836,29,30
75,6.7965780907581514,0.832290311184182,legacy67,minmax,0.8438095238095238,0.8676190476190477,0.023809523809523947,0.9866666666666667,0.9866666666666667,0.0,0.8571428571428571,0.8809523809523809,0.023809523809523836,29,30
75,7.128188058401357,0.85297914889198,legacy67,minmax,0.8438095238095238,0.8676190476190477,0.023809523809523947,0.9866666666666667,0.9866666666666667,0.0,0.8571428571428571,0.8809523809523809,0.023809523809523836,31,30
75,8.241925264876443,0.9160286721639492,legacy67,minmax,0.8304761904761904,0.8676190476190477,0.037142857142857366,0.9733333333333334,0.9866666666666667,0.013333333333333308,0.8571428571428571,0.8809523809523809,0.023809523809523836,32,30
75,8.287522363768153,0.9184247133522563,legacy67,minmax,0.8304761904761904,0.8676190476190477,0.037142857142857366,0.9733333333333334,0.9866666666666667,0.013333333333333308,0.8571428571428571,0.8809523809523809,0.023809523809523836,32,30
75,8.471801418819974,0.9279757672456204,legacy67,minmax,0.8304761904761904,0.8676190476190477,0.037142857142857366,0.9733333333333334,0.9866666666666667,0.013333333333333308,0.8571428571428571,0.8809523809523809,0.023809523809523836,32,30
75,11.044350847124681,1.0431401944675898,legacy67,minmax,0.8171428571428572,0.8914285714285715,0.07428571428571429,0.96,0.9866666666666667,0.026666666666666727,0.8571428571428571,0.9047619047619048,0.04761904761904767,32,30
75,12.130221181165155,1.083868719818244,legacy67,minmax,0.8171428571428572,0.8914285714285715,0.07428571428571429,0.96,0.9866666666666667,0.026666666666666727,0.8571428571428571,0.9047619047619048,0.04761904761904767,32,30
75,12.164139351417056,1.085081386743783,legacy67,minmax,0.8171428571428572,0.8914285714285715,0.07428571428571429,0.96,0.9866666666666667,0.026666666666666727,0.8571428571428571,0.9047619047619048,0.04761904761904767,32,30
75,12.273800987852958,1.0889790771866297,legacy67,minmax,0.8171428571428572,0.8914285714285715,0.07428571428571429,0.96,0.9866666666666667,0.026666666666666727,0.8571428571428571,0.9047619047619048,0.04761904761904767,32,30
75,12.604664585649452,1.1005312934444582,legacy67,minmax,0.8171428571428572,0.8914285714285715,0.07428571428571429,0.96,0.9866666666666667,0.026666666666666727,0.8571428571428571,0.9047619047619048,0.04761904761904767,32,30
75,13.826232179369853,1.1407038455720544,legacy67,minmax,0.8171428571428572,0.8914285714285715,0.07428571428571429,0.96,0.9866666666666667,0.026666666666666727,0.8571428571428571,0.9047619047619048,0.04761904761904767,33,30
75,16.172900811143133,1.2087879230161587,legacy67,minmax,0.8171428571428572,0.8914285714285715,0.07428571428571429,0.96,0.9866666666666667,0.026666666666666727,0.8571428571428571,0.9047619047619048,0.04761904761904767,33,30
75,17.123375973163967,1.2335893924658445,legacy67,minmax,0.8171428571428572,0.8914285714285715,0.07428571428571429,0.96,0.9866666666666667,0.026666666666666727,0.8571428571428571,0.9047619047619048,0.04761904761904767,33,30
75,18.274508859816006,1.2618457138193366,legacy67,minmax,0.8171428571428572,0.8914285714285715,0.07428571428571429,0.96,0.9866666666666667,0.026666666666666727,0.8571428571428571,0.9047619047619048,0.04761904761904767,33,30
75,20.65142557895924,1.3149500366077174,legacy67,minmax,0.8171428571428572,0.8914285714285715,0.07428571428571429,0.96,0.9866666666666667,0.026666666666666727,0.8571428571428571,0.9047619047619048,0.04761904761904767,33,30
75,21.36832907235874,1.329770563201687,legacy67,minmax,0.8171428571428572,0.8914285714285715,0.07428571428571429,0.96,0.9866666666666667,0.026666666666666727,0.8571428571428571,0.9047619047619048,0.04761904761904767,33,30
75,28.340904295147727,1.452413703502374,legacy67,minmax,0.8171428571428572,0.8914285714285715,0.07428571428571429,0.96,0.9866666666666667,0.026666666666666727,0.8571428571428571,0.9047619047619048,0.04761904761904767,33,30
75,29.154431891537524,1.4647045830997407,legacy67,minmax,0.8171428571428572,0.8914285714285715,0.07428571428571429,0.96,0.9866666666666667,0.026666666666666727,0.8571428571428571,0.9047619047619048,0.04761904761904767,33,30
75,35.387588647792384,1.5488509703053062,legacy67,minmax,0.8171428571428572,0.8914285714285715,0.07428571428571429,0.96,0.9866666666666667,0.026666666666666727,0.8571428571428571,0.9047619047619048,0.04761904761904767,33,30
75,37.95853142670639,1.5793094017105953,legacy67,minmax,0.8171428571428572,0.8914285714285715,0.07428571428571429,0.96,0.9866666666666667,0.026666666666666727,0.8571428571428571,0.9047619047619048,0.04761904761904767,33,30
75,43.37920697490936,1.6372816083151283,legacy67,minmax,0.8171428571428572,0.8914285714285715,0.07428571428571429,0.96,0.9866666666666667,0.026666666666666727,0.8571428571428571,0.9047619047619048,0.04761904761904767,33,30
75,48.69640941520897,1.6874969400924673,legacy67,minmax,0.8171428571428572,0.8914285714285715,0.07428571428571429,0.96,0.9866666666666667,0.026666666666666727,0.8571428571428571,0.9047619047619048,0.04761904761904767,33,30
75,57.279044707996185,1.7579957662567565,legacy67,minmax,0.8171428571428572,0.8914285714285715,0.07428571428571429,0.96,0.9866666666666667,0.026666666666666727,0.8571428571428571,0.9047619047619048,0.04761904761904767,33,30
75,62.45139574743064,1.795542149013333,legacy67,minmax,0.8171428571428572,0.8914285714285715,0.07428571428571429,0.96,0.9866666666666667,0.026666666666666727,0.8571428571428571,0.9047619047619048,0.04761904761904767,33,30
75,63.512210106406926,1.8028572256396647,legacy67,minmax,0.8171428571428572,0.8914285714285715,0.07428571428571429,0.96,0.9866666666666667,0.026666666666666727,0.8571428571428571,0.9047619047619048,0.04761904761904767,33,30
75,72.86653737491037,1.8625281322982374,legacy67,minmax,0.8171428571428572,0.8914285714285715,0.07428571428571429,0.96,0.9866666666666667,0.026666666666666727,0.8571428571428571,0.9047619047619048,0.04761904761904767,33,31
75,75.56810141274423,1.8783385110582342,legacy67,minmax,0.8171428571428572,0.8914285714285715,0.07428571428571429,0.96,0.9866666666666667,0.026666666666666727,0.8571428571428571,0.9047619047619048,0.04761904761904767,33,31
75,75.79479953347995,1.8796394086479773,legacy67,minmax,0.8171428571428572,0.8914285714285715,0.07428571428571429,0.96,0.9866666666666667,0.026666666666666727,0.8571428571428571,0.9047619047619048,0.04761904761904767,33,31
75,88.62326508576248,1.9475477464020692,legacy67,minmax,0.8171428571428572,0.8914285714285715,0.07428571428571429,0.96,0.9866666666666667,0.026666666666666727,0.8571428571428571,0.9047619047619048,0.04761904761904767,33,31
76,0.010521761868451128,-1.9779115315055904,legacy67,minmax,0.0,0.0,0.0,1.0,1.0,0.0,0.0,0.0,0.0,0,0
76,0.012087541473056955,-1.9176620228167902,legacy67,minmax,0.0,0.0,0.0,1.0,1.0,0.0,0.0,0.0,0.0,0,0
76,0.01263794633808287,-1.8983234930236192,legacy67,minmax,0.0,0.0,0.0,1.0,1.0,0.0,0.0,0.0,0.0,0,0
76,0.013726318898045865,-1.8624459155391264,legacy67,minmax,0.0,0.0,0.0,1.0,1.0,0.0,0.0,0.0,0.0,0,0
76,0.0151673306880762,-1.8190908443578477,legacy67,minmax,0.0,0.0,0.0,1.0,1.0,0.0,0.0,0.0,0.0,0,0
76,0.015339162591163618,-1.814198349120009,legacy67,minmax,0.0,0.0,0.0,1.0,1.0,0.0,0.0,0.0,0.0,0,0
76,0.017073967431528118,-1.7676655513272022,legacy67,minmax,0.0,0.0,0.0,1.0,1.0,0.0,0.0,0.0,0.0,0,1
76,0.017956984225677628,-1.7457665988559055,legacy67,minmax,0.0,0.0,0.0,1.0,1.0,0.0,0.0,0.0,0.0,1,1
76,0.018205657658407252,-1.739793628058882,legacy67,minmax,0.0,0.0,0.0,1.0,1.0,0.0,0.0,0.0,0.0,1,1
76,0.019777828512462715,-1.7038213930636386,legacy67,minmax,0.0,0.0,0.0,1.0,1.0,0.0,0.0,0.0,0.0,2,1
76,0.01987021538542862,-1.7017974252809167,legacy67,minmax,0.0,0.0,0.0,1.0,1.0,0.0,0.0,0.0,0.0,2,1
76,0.022592797420156945,-1.646029991792322,legacy67,minmax,0.30952380952380953,0.5314285714285714,0.22190476190476183,1.0,0.96,-0.040000000000000036,0.30952380952380953,0.5714285714285714,0.26190476190476186,4,1
76,0.024586032763280048,-1.6093115439744645,legacy67,minmax,0.3571428571428572,0.5314285714285714,0.17428571428571416,1.0,0.96,-0.040000000000000036,0.35714285714285715,0.5714285714285714,0.21428571428571425,4,1
76,0.027012557725439066,-1.5684342920267822,legacy67,minmax,0.4285714285714286,0.5314285714285714,0.10285714285714276,1.0,0.96,-0.040000000000000036,0.42857142857142855,0.5714285714285714,0.14285714285714285,4,1
76,0.029072088906598435,-1.5365237618994811,legacy67,minmax,0.5714285714285714,0.5314285714285714,-0.040000000000000036,1.0,0.96,-0.040000000000000036,0.5714285714285714,0.5714285714285714,0.0,4,1
76,0.030086868214458433,-1.5216230162467932,legacy67,minmax,0.5952380952380953,0.5314285714285714,-0.06380952380952398,1.0,0.96,-0.040000000000000036,0.5952380952380952,0.5714285714285714,-0.023809523809523836,4,1
76,0.030771802712506853,-1.5118470606208847,legacy67,minmax,0.5819047619047619,0.5314285714285714,-0.05047619047619056,0.9866666666666667,0.96,-0.026666666666666727,0.5952380952380952,0.5714285714285714,-0.023809523809523836,4,1
76,0.036138942712165265,-1.4420245573918327,legacy67,minmax,0.6533333333333333,0.5314285714285714,-0.12190476190476196,0.9866666666666667,0.96,-0.026666666666666727,0.6666666666666666,0.5714285714285714,-0.09523809523809523,4,1
76,0.03661819220392428,-1.4363031001009494,legacy67,minmax,0.6533333333333333,0.5314285714285714,-0.12190476190476196,0.9866666666666667,0.96,-0.026666666666666727,0.6666666666666666,0.5714285714285714,-0.09523809523809523,4,1
76,0.04207053950287936,-1.3760219186551894,legacy67,minmax,0.677142857142857,0.5314285714285714,-0.14571428571428569,0.9866666666666667,0.96,-0.026666666666666727,0.6904761904761905,0.5714285714285714,-0.11904761904761907,5,2
76,0.04207988669606635,-1.375925438230254,legacy67,minmax,0.677142857142857,0.5314285714285714,-0.14571428571428569,0.9866666666666667,0.96,-0.026666666666666727,0.6904761904761905,0.5714285714285714,-0.11904761904761907,5,2
76,0.04809461967501572,-1.3179035052508339,legacy67,minmax,0.700952380952381,0.5314285714285714,-0.16952380952380963,0.9866666666666667,0.96,-0.026666666666666727,0.7142857142857143,0.5714285714285714,-0.1428571428571429,5,3
76,0.05337032762603955,-1.2727001311715975,legacy67,minmax,0.700952380952381,0.5314285714285714,-0.16952380952380963,0.9866666666666667,0.96,-0.026666666666666727,0.7142857142857143,0.5714285714285714,-0.1428571428571429,5,3
76,0.05415244119402536,-1.2663819605862647,legacy67,minmax,0.700952380952381,0.5314285714285714,-0.16952380952380963,0.9866666666666667,0.96,-0.026666666666666727,0.7142857142857143,0.5714285714285714,-0.1428571428571429,5,3
76,0.05488047000766042,-1.2605821778978918,legacy67,minmax,0.700952380952381,0.5314285714285714,-0.16952380952380963,0.9866666666666667,0.96,-0.026666666666666727,0.7142857142857143,0.5714285714285714,-0.1428571428571429,6,3
76,0.060803901902965994,-1.2160685503234192,legacy67,minmax,0.700952380952381,0.5314285714285714,-0.16952380952380963,0.9866666666666667,0.96,-0.026666666666666727,0.7142857142857143,0.5714285714285714,-0.1428571428571429,6,6
76,0.06235377135673155,-1.2051372738633104,legacy67,minmax,0.700952380952381,0.579047619047619,-0.12190476190476196,0.9866666666666667,0.96,-0.026666666666666727,0.7142857142857143,0.6190476190476191,-0.09523809523809523,6,6
76,0.06290644294586147,-1.201304871366561,legacy67,minmax,0.700952380952381,0.6266666666666665,-0.07428571428571451,0.9866666666666667,0.96,-0.026666666666666727,0.7142857142857143,0.6666666666666666,-0.04761904761904767,6,7
76,0.07068974950624601,-1.1506435572868954,legacy67,minmax,0.6876190476190476,0.6266666666666665,-0.06095238095238109,0.9733333333333334,0.96,-0.01333333333333342,0.7142857142857143,0.6666666666666666,-0.04761904761904767,6,7
76,0.10842262717330158,-0.9648800735999323,legacy67,minmax,0.6980952380952381,0.6742857142857144,-0.023809523809523725,0.96,0.96,0.0,0.7380952380952381,0.7142857142857143,-0.023809523809523836,8,9
76,0.12172958098369964,-0.9146038729044164,legacy67,minmax,0.6980952380952381,0.6742857142857144,-0.023809523809523725,0.96,0.96,0.0,0.7380952380952381,0.7142857142857143,-0.023809523809523836,9,9
76,0.1329652145729951,-0.876261961250477,legacy67,minmax,0.7219047619047618,0.6742857142857144,-0.04761904761904745,0.96,0.96,0.0,0.7619047619047619,0.7142857142857143,-0.04761904761904756,9,9
76,0.14618962793704957,-0.8350834392078323,legacy67,minmax,0.7457142857142856,0.6742857142857144,-0.07142857142857117,0.96,0.96,0.0,0.7857142857142857,0.7142857142857143,-0.0714285714285714,9,9
76,0.14742753159914665,-0.8314214058591274,legacy67,minmax,0.7457142857142856,0.6742857142857144,-0.07142857142857117,0.96,0.96,0.0,0.7857142857142857,0.7142857142857143,-0.0714285714285714,9,9
76,0.16480446427978968,-0.7830310281618491,legacy67,minmax,0.7457142857142856,0.6980952380952381,-0.04761904761904745,0.96,0.96,0.0,0.7857142857142857,0.7380952380952381,-0.04761904761904756,11,9
76,0.16536937182824418,-0.7815449233065173,legacy67,minmax,0.7457142857142856,0.6980952380952381,-0.04761904761904745,0.96,0.96,0.0,0.7857142857142857,0.7380952380952381,-0.04761904761904756,11,9
76,0.1753594952976441,-0.7560707131373512,legacy67,minmax,0.7695238095238095,0.6980952380952381,-0.0714285714285714,0.96,0.96,0.0,0.8095238095238095,0.7380952380952381,-0.0714285714285714,13,9
76,0.17654048052495064,-0.7531556956423562,legacy67,minmax,0.7695238095238095,0.6980952380952381,-0.0714285714285714,0.96,0.96,0.0,0.8095238095238095,0.7380952380952381,-0.0714285714285714,13,9
76,0.1998634077852887,-0.6992667118930118,legacy67,minmax,0.7933333333333334,0.7219047619047618,-0.07142857142857162,0.96,0.96,0.0,0.8333333333333334,0.7619047619047619,-0.07142857142857151,14,9
76,0.2001342062287997,-0.6986786769469426,legacy67,minmax,0.7933333333333334,0.7219047619047618,-0.07142857142857162,0.96,0.96,0.0,0.8333333333333334,0.7619047619047619,-0.07142857142857151,14,9
76,0.21066486017042194,-0.6764079005894033,legacy67,minmax,0.7933333333333334,0.7219047619047618,-0.07142857142857162,0.96,0.96,0.0,0.8333333333333334,0.7619047619047619,-0.07142857142857151,14,9
76,0.2673088310781669,-0.5729866932256429,legacy67,minmax,0.7933333333333334,0.7457142857142856,-0.047619047619047894,0.96,0.96,0.0,0.8333333333333334,0.7857142857142857,-0.04761904761904767,16,9
76,0.2715581955282939,-0.5661370858229096,legacy67,minmax,0.7933333333333334,0.7457142857142856,-0.047619047619047894,0.96,0.96,0.0,0.8333333333333334,0.7857142857142857,-0.04761904761904767,16,9
76,0.292043384718141,-0.5345526268252332,legacy67,minmax,0.8171428571428572,0.7457142857142856,-0.07142857142857162,0.96,0.96,0.0,0.8571428571428571,0.7857142857142857,-0.0714285714285714,16,9
76,0.314891164795686,-0.50183952461055,legacy67,minmax,0.8171428571428572,0.7561904761904761,-0.06095238095238109,0.96,0.9466666666666667,-0.013333333333333308,0.8571428571428571,0.8095238095238095,-0.04761904761904756,17,9
76,0.35868164986275475,-0.44529084124207197,legacy67,minmax,0.8171428571428572,0.7561904761904761,-0.06095238095238109,0.96,0.9466666666666667,-0.013333333333333308,0.8571428571428571,0.8095238095238095,-0.04761904761904756,18,9
76,0.5130551760589832,-0.2898359265658015,legacy67,minmax,0.7933333333333334,0.7561904761904761,-0.037142857142857366,0.96,0.9466666666666667,-0.013333333333333308,0.8333333333333334,0.8095238095238095,-0.023809523809523836,21,9
76,0.5342937261279772,-0.27221992543153695,legacy67,minmax,0.7933333333333334,0.7561904761904761,-0.037142857142857366,0.96,0.9466666666666667,-0.013333333333333308,0.8333333333333334,0.8095238095238095,-0.023809523809523836,21,9
76,0.5762487216478598,-0.23939002504159476,legacy67,minmax,0.7933333333333334,0.7666666666666666,-0.02666666666666684,0.96,0.9333333333333333,-0.026666666666666616,0.8333333333333334,0.8333333333333334,0.0,21,9
76,0.6672367170464204,-0.17572006313185626,legacy67,minmax,0.8304761904761904,0.7666666666666666,-0.06380952380952376,0.9733333333333334,0.9333333333333333,-0.040000000000000036,0.8571428571428571,0.8333333333333334,-0.023809523809523725,24,9
76,0.7742116473996242,-0.1111402993522028,legacy67,minmax,0.8304761904761904,0.8142857142857143,-0.01619047619047609,0.9733333333333334,0.9333333333333333,-0.040000000000000036,0.8571428571428571,0.8809523809523809,0.023809523809523836,23,9
76,0.9444574254983555,-0.02481761454243703,legacy67,minmax,0.8200000000000001,0.8380952380952382,0.018095238095238164,0.9866666666666667,0.9333333333333333,-0.053333333333333344,0.8333333333333334,0.9047619047619048,0.0714285714285714,24,9
76,0.9565499215943818,-0.019292359554919238,legacy67,minmax,0.8200000000000001,0.8380952380952382,0.018095238095238164,0.9866666666666667,0.9333333333333333,-0.053333333333333344,0.8333333333333334,0.9047619047619048,0.0714285714285714,26,9
76,1.1400863701127315,0.0569377536544464,legacy67,minmax,0.8200000000000001,0.8380952380952382,0.018095238095238164,0.9866666666666667,0.9333333333333333,-0.053333333333333344,0.8333333333333334,0.9047619047619048,0.0714285714285714,27,9
76,1.2030178871154662,0.08027208471124325,legacy67,minmax,0.8200000000000001,0.8380952380952382,0.018095238095238164,0.9866666666666667,0.9333333333333333,-0.053333333333333344,0.8333333333333334,0.9047619047619048,0.0714285714285714,29,9
76,1.2329098365270508,0.0909313175279762,legacy67,minmax,0.8200000000000001,0.8380952380952382,0.018095238095238164,0.9866666666666667,0.9333333333333333,-0.053333333333333344,0.8333333333333334,0.9047619047619048,0.0714285714285714,29,9
76,1.2561043700013554,0.09902572652895136,legacy67,minmax,0.7961904761904761,0.8380952380952382,0.04190476190476211,0.9866666666666667,0.9333333333333333,-0.053333333333333344,0.8095238095238095,0.9047619047619048,0.09523809523809523,29,9
76,1.4817820606039076,0.17078433263299386,legacy67,minmax,0.8200000000000001,0.8380952380952382,0.018095238095238164,0.9866666666666667,0.9333333333333333,-0.053333333333333344,0.8333333333333334,0.9047619047619048,0.0714285714285714,28,9
76,1.5375920235481748,0.1868411173731186,legacy67,minmax,0.8200000000000001,0.8380952380952382,0.018095238095238164,0.9866666666666667,0.9333333333333333,-0.053333333333333344,0.8333333333333334,0.9047619047619048,0.0714285714285714,28,9
76,1.7583640270008503,0.24510879027798493,legacy67,minmax,0.8200000000000001,0.8380952380952382,0.018095238095238164,0.9866666666666667,0.9333333333333333,-0.053333333333333344,0.8333333333333334,0.9047619047619048,0.0714285714285714,28,9
76,2.34238498471129,0.36965827544816987,legacy67,minmax,0.8200000000000001,0.8380952380952382,0.018095238095238164,0.9866666666666667,0.9333333333333333,-0.053333333333333344,0.8333333333333334,0.9047619047619048,0.0714285714285714,29,9
76,2.4637685958997446,0.39159991524434057,legacy67,minmax,0.8200000000000001,0.8380952380952382,0.018095238095238164,0.9866666666666667,0.9333333333333333,-0.053333333333333344,0.8333333333333334,0.9047619047619048,0.0714285714285714,29,9
76,2.4810409748678097,0.3946339367881464,legacy67,minmax,0.8200000000000001,0.8380952380952382,0.018095238095238164,0.9866666666666667,0.9333333333333333,-0.053333333333333344,0.8333333333333334,0.9047619047619048,0.0714285714285714,29,9
76,2.5378155082656626,0.40446004697283516,legacy67,minmax,0.8200000000000001,0.8380952380952382,0.018095238095238164,0.9866666666666667,0.9333333333333333,-0.053333333333333344,0.8333333333333334,0.9047619047619048,0.0714285714285714,29,9
76,2.692646910086177,0.43017940760575346,legacy67,minmax,0.8200000000000001,0.8380952380952382,0.018095238095238164,0.9866666666666667,0.9333333333333333,-0.053333333333333344,0.8333333333333334,0.9047619047619048,0.0714285714285714,29,9
76,2.801635158716258,0.4474115788895179,legacy67,minmax,0.8200000000000001,0.8380952380952382,0.018095238095238164,0.9866666666666667,0.9333333333333333,-0.053333333333333344,0.8333333333333334,0.9047619047619048,0.0714285714285714,29,9
76,3.113095956122122,0.4931925073102317,legacy67,minmax,0.8200000000000001,0.8380952380952382,0.018095238095238164,0.9866666666666667,0.9333333333333333,-0.053333333333333344,0.8333333333333334,0.9047619047619048,0.0714285714285714,29,9
76,3.550012525851159,0.5502298854208525,legacy67,minmax,0.8200000000000001,0.8380952380952382,0.018095238095238164,0.9866666666666667,0.9333333333333333,-0.053333333333333344,0.8333333333333334,0.9047619047619048,0.0714285714285714,30,9
76,4.467752817973904,0.6500891374159279,legacy67,minmax,0.7961904761904761,0.8380952380952382,0.04190476190476211,0.9866666666666667,0.9333333333333333,-0.053333333333333344,0.8095238095238095,0.9047619047619048,0.09523809523809523,31,9
76,5.456725485601473,0.7369321060486276,legacy67,minmax,0.7961904761904761,0.8380952380952382,0.04190476190476211,0.9866666666666667,0.9333333333333333,-0.053333333333333344,0.8095238095238095,0.9047619047619048,0.09523809523809523,31,9
76,6.72093005015611,0.8274293753904685,legacy67,minmax,0.7961904761904761,0.8380952380952382,0.04190476190476211,0.9866666666666667,0.9333333333333333,-0.053333333333333344,0.8095238095238095,0.9047619047619048,0.09523809523809523,32,9
76,6.7965780907581514,0.832290311184182,legacy67,minmax,0.7961904761904761,0.8380952380952382,0.04190476190476211,0.9866666666666667,0.9333333333333333,-0.053333333333333344,0.8095238095238095,0.9047619047619048,0.09523809523809523,32,9
76,7.128188058401357,0.85297914889198,legacy67,minmax,0.8200000000000001,0.8380952380952382,0.018095238095238164,0.9866666666666667,0.9333333333333333,-0.053333333333333344,0.8333333333333334,0.9047619047619048,0.0714285714285714,31,9
76,8.241925264876443,0.9160286721639492,legacy67,minmax,0.8200000000000001,0.8380952380952382,0.018095238095238164,0.9866666666666667,0.9333333333333333,-0.053333333333333344,0.8333333333333334,0.9047619047619048,0.0714285714285714,31,28
76,8.287522363768153,0.9184247133522563,legacy67,minmax,0.8200000000000001,0.8380952380952382,0.018095238095238164,0.9866666666666667,0.9333333333333333,-0.053333333333333344,0.8333333333333334,0.9047619047619048,0.0714285714285714,31,28
76,8.471801418819974,0.9279757672456204,legacy67,minmax,0.8200000000000001,0.8380952380952382,0.018095238095238164,0.9866666666666667,0.9333333333333333,-0.053333333333333344,0.8333333333333334,0.9047619047619048,0.0714285714285714,31,28
76,11.044350847124681,1.0431401944675898,legacy67,minmax,0.8200000000000001,0.8380952380952382,0.018095238095238164,0.9866666666666667,0.9333333333333333,-0.053333333333333344,0.8333333333333334,0.9047619047619048,0.0714285714285714,31,28
76,12.130221181165155,1.083868719818244,legacy67,minmax,0.8200000000000001,0.8380952380952382,0.018095238095238164,0.9866666666666667,0.9333333333333333,-0.053333333333333344,0.8333333333333334,0.9047619047619048,0.0714285714285714,31,28
76,12.164139351417056,1.085081386743783,legacy67,minmax,0.8200000000000001,0.8380952380952382,0.018095238095238164,0.9866666666666667,0.9333333333333333,-0.053333333333333344,0.8333333333333334,0.9047619047619048,0.0714285714285714,31,28
76,12.273800987852958,1.0889790771866297,legacy67,minmax,0.8200000000000001,0.8380952380952382,0.018095238095238164,0.9866666666666667,0.9333333333333333,-0.053333333333333344,0.8333333333333334,0.9047619047619048,0.0714285714285714,31,28
76,12.604664585649452,1.1005312934444582,legacy67,minmax,0.8200000000000001,0.8380952380952382,0.018095238095238164,0.9866666666666667,0.9333333333333333,-0.053333333333333344,0.8333333333333334,0.9047619047619048,0.0714285714285714,31,28
76,13.826232179369853,1.1407038455720544,legacy67,minmax,0.8200000000000001,0.8380952380952382,0.018095238095238164,0.9866666666666667,0.9333333333333333,-0.053333333333333344,0.8333333333333334,0.9047619047619048,0.0714285714285714,31,29
76,16.172900811143133,1.2087879230161587,legacy67,minmax,0.8200000000000001,0.8380952380952382,0.018095238095238164,0.9866666666666667,0.9333333333333333,-0.053333333333333344,0.8333333333333334,0.9047619047619048,0.0714285714285714,31,29
76,17.123375973163967,1.2335893924658445,legacy67,minmax,0.8200000000000001,0.8380952380952382,0.018095238095238164,0.9866666666666667,0.9333333333333333,-0.053333333333333344,0.8333333333333334,0.9047619047619048,0.0714285714285714,31,29
76,18.274508859816006,1.2618457138193366,legacy67,minmax,0.8200000000000001,0.8380952380952382,0.018095238095238164,0.9866666666666667,0.9333333333333333,-0.053333333333333344,0.8333333333333334,0.9047619047619048,0.0714285714285714,31,29
76,20.65142557895924,1.3149500366077174,legacy67,minmax,0.8200000000000001,0.8380952380952382,0.018095238095238164,0.9866666666666667,0.9333333333333333,-0.053333333333333344,0.8333333333333334,0.9047619047619048,0.0714285714285714,32,29
76,21.36832907235874,1.329770563201687,legacy67,minmax,0.8200000000000001,0.8380952380952382,0.018095238095238164,0.9866666666666667,0.9333333333333333,-0.053333333333333344,0.8333333333333334,0.9047619047619048,0.0714285714285714,32,29
76,28.340904295147727,1.452413703502374,legacy67,minmax,0.8200000000000001,0.8380952380952382,0.018095238095238164,0.9866666666666667,0.9333333333333333,-0.053333333333333344,0.8333333333333334,0.9047619047619048,0.0714285714285714,33,29
76,29.154431891537524,1.4647045830997407,legacy67,minmax,0.8200000000000001,0.8380952380952382,0.018095238095238164,0.9866666666666667,0.9333333333333333,-0.053333333333333344,0.8333333333333334,0.9047619047619048,0.0714285714285714,33,29
76,35.387588647792384,1.5488509703053062,legacy67,minmax,0.8200000000000001,0.8380952380952382,0.018095238095238164,0.9866666666666667,0.9333333333333333,-0.053333333333333344,0.8333333333333334,0.9047619047619048,0.0714285714285714,33,29
76,37.95853142670639,1.5793094017105953,legacy67,minmax,0.8200000000000001,0.8380952380952382,0.018095238095238164,0.9866666666666667,0.9333333333333333,-0.053333333333333344,0.8333333333333334,0.9047619047619048,0.0714285714285714,33,29
76,43.37920697490936,1.6372816083151283,legacy67,minmax,0.8200000000000001,0.8380952380952382,0.018095238095238164,0.9866666666666667,0.9333333333333333,-0.053333333333333344,0.8333333333333334,0.9047619047619048,0.0714285714285714,33,29
76,48.69640941520897,1.6874969400924673,legacy67,minmax,0.8200000000000001,0.8380952380952382,0.018095238095238164,0.9866666666666667,0.9333333333333333,-0.053333333333333344,0.8333333333333334,0.9047619047619048,0.0714285714285714,33,29
76,57.279044707996185,1.7579957662567565,legacy67,minmax,0.8200000000000001,0.8380952380952382,0.018095238095238164,0.9866666666666667,0.9333333333333333,-0.053333333333333344,0.8333333333333334,0.9047619047619048,0.0714285714285714,33,29
76,62.45139574743064,1.795542149013333,legacy67,minmax,0.8200000000000001,0.8380952380952382,0.018095238095238164,0.9866666666666667,0.9333333333333333,-0.053333333333333344,0.8333333333333334,0.9047619047619048,0.0714285714285714,33,30
76,63.512210106406926,1.8028572256396647,legacy67,minmax,0.8200000000000001,0.8380952380952382,0.018095238095238164,0.9866666666666667,0.9333333333333333,-0.053333333333333344,0.8333333333333334,0.9047619047619048,0.0714285714285714,33,30
76,72.86653737491037,1.8625281322982374,legacy67,minmax,0.8200000000000001,0.8380952380952382,0.018095238095238164,0.9866666666666667,0.9333333333333333,-0.053333333333333344,0.8333333333333334,0.9047619047619048,0.0714285714285714,33,30
76,75.56810141274423,1.8783385110582342,legacy67,minmax,0.8200000000000001,0.8380952380952382,0.018095238095238164,0.9866666666666667,0.9333333333333333,-0.053333333333333344,0.8333333333333334,0.9047619047619048,0.0714285714285714,33,30
76,75.79479953347995,1.8796394086479773,legacy67,minmax,0.8200000000000001,0.8380952380952382,0.018095238095238164,0.9866666666666667,0.9333333333333333,-0.053333333333333344,0.8333333333333334,0.9047619047619048,0.0714285714285714,33,30
76,88.62326508576248,1.9475477464020692,legacy67,minmax,0.8200000000000001,0.8380952380952382,0.018095238095238164,0.9866666666666667,0.9333333333333333,-0.053333333333333344,0.8333333333333334,0.9047619047619048,0.0714285714285714,33,31
77,0.010521761868451128,-1.9779115315055904,legacy67,minmax,0.0,0.0,0.0,1.0,1.0,0.0,0.0,0.0,0.0,0,0
77,0.012087541473056955,-1.9176620228167902,legacy67,minmax,0.0,0.0,0.0,1.0,1.0,0.0,0.0,0.0,0.0,0,0
77,0.01263794633808287,-1.8983234930236192,legacy67,minmax,0.0,0.0,0.0,1.0,1.0,0.0,0.0,0.0,0.0,0,0
77,0.013726318898045865,-1.8624459155391264,legacy67,minmax,0.0,0.0,0.0,1.0,1.0,0.0,0.0,0.0,0.0,0,0
77,0.0151673306880762,-1.8190908443578477,legacy67,minmax,0.0,0.0,0.0,1.0,1.0,0.0,0.0,0.0,0.0,0,0
77,0.015339162591163618,-1.814198349120009,legacy67,minmax,0.0,0.0,0.0,1.0,1.0,0.0,0.0,0.0,0.0,0,0
77,0.017073967431528118,-1.7676655513272022,legacy67,minmax,0.0,0.0,0.0,1.0,1.0,0.0,0.0,0.0,0.0,1,0
77,0.017956984225677628,-1.7457665988559055,legacy67,minmax,0.0,0.0,0.0,1.0,1.0,0.0,0.0,0.0,0.0,2,1
77,0.018205657658407252,-1.739793628058882,legacy67,minmax,0.0,0.0,0.0,1.0,1.0,0.0,0.0,0.0,0.0,2,1
77,0.019777828512462715,-1.7038213930636386,legacy67,minmax,0.023809523809523725,0.0,-0.023809523809523725,1.0,1.0,0.0,0.023809523809523808,0.0,-0.023809523809523808,2,1
77,0.01987021538542862,-1.7017974252809167,legacy67,minmax,0.023809523809523725,0.0,-0.023809523809523725,1.0,1.0,0.0,0.023809523809523808,0.0,-0.023809523809523808,2,1
77,0.022592797420156945,-1.646029991792322,legacy67,minmax,0.16666666666666674,0.3571428571428572,0.19047619047619047,1.0,1.0,0.0,0.16666666666666666,0.35714285714285715,0.1904761904761905,3,2
77,0.024586032763280048,-1.6093115439744645,legacy67,minmax,0.38095238095238093,0.5476190476190477,0.16666666666666674,1.0,1.0,0.0,0.38095238095238093,0.5476190476190477,0.16666666666666674,3,2
77,0.027012557725439066,-1.5684342920267822,legacy67,minmax,0.4285714285714286,0.5476190476190477,0.11904761904761907,1.0,1.0,0.0,0.42857142857142855,0.5476190476190477,0.11904761904761912,3,2
77,0.029072088906598435,-1.5365237618994811,legacy67,minmax,0.4761904761904763,0.5476190476190477,0.0714285714285714,1.0,1.0,0.0,0.47619047619047616,0.5476190476190477,0.07142857142857151,4,2
77,0.030086868214458433,-1.5216230162467932,legacy67,minmax,0.4761904761904763,0.5476190476190477,0.0714285714285714,1.0,1.0,0.0,0.47619047619047616,0.5476190476190477,0.07142857142857151,4,2
77,0.030771802712506853,-1.5118470606208847,legacy67,minmax,0.5,0.5476190476190477,0.04761904761904767,1.0,1.0,0.0,0.5,0.5476190476190477,0.04761904761904767,4,2
77,0.036138942712165265,-1.4420245573918327,legacy67,minmax,0.5,0.5476190476190477,0.04761904761904767,1.0,1.0,0.0,0.5,0.5476190476190477,0.04761904761904767,4,3
77,0.03661819220392428,-1.4363031001009494,legacy67,minmax,0.5,0.5476190476190477,0.04761904761904767,1.0,1.0,0.0,0.5,0.5476190476190477,0.04761904761904767,4,3
77,0.04207053950287936,-1.3760219186551894,legacy67,minmax,0.5476190476190477,0.5714285714285714,0.023809523809523725,1.0,1.0,0.0,0.5476190476190477,0.5714285714285714,0.023809523809523725,4,3
77,0.04207988669606635,-1.375925438230254,legacy67,minmax,0.5476190476190477,0.5714285714285714,0.023809523809523725,1.0,1.0,0.0,0.5476190476190477,0.5714285714285714,0.023809523809523725,4,3
77,0.04809461967501572,-1.3179035052508339,legacy67,minmax,0.5714285714285714,0.5714285714285714,0.0,1.0,1.0,0.0,0.5714285714285714,0.5714285714285714,0.0,6,3
77,0.05337032762603955,-1.2727001311715975,legacy67,minmax,0.5714285714285714,0.5714285714285714,0.0,1.0,1.0,0.0,0.5714285714285714,0.5714285714285714,0.0,6,3
77,0.05415244119402536,-1.2663819605862647,legacy67,minmax,0.5714285714285714,0.6666666666666665,0.09523809523809512,1.0,1.0,0.0,0.5714285714285714,0.6666666666666666,0.09523809523809523,6,3
77,0.05488047000766042,-1.2605821778978918,legacy67,minmax,0.6190476190476191,0.6666666666666665,0.04761904761904745,1.0,1.0,0.0,0.6190476190476191,0.6666666666666666,0.04761904761904756,6,3
77,0.060803901902965994,-1.2160685503234192,legacy67,minmax,0.6190476190476191,0.6666666666666665,0.04761904761904745,1.0,1.0,0.0,0.6190476190476191,0.6666666666666666,0.04761904761904756,7,4
77,0.06235377135673155,-1.2051372738633104,legacy67,minmax,0.6190476190476191,0.6666666666666665,0.04761904761904745,1.0,1.0,0.0,0.6190476190476191,0.6666666666666666,0.04761904761904756,7,4
77,0.06290644294586147,-1.201304871366561,legacy67,minmax,0.6190476190476191,0.6666666666666665,0.04761904761904745,1.0,1.0,0.0,0.6190476190476191,0.6666666666666666,0.04761904761904756,7,4
77,0.07068974950624601,-1.1506435572868954,legacy67,minmax,0.6190476190476191,0.6533333333333333,0.03428571428571425,1.0,0.9866666666666667,-0.013333333333333308,0.6190476190476191,0.6666666666666666,0.04761904761904756,7,4
77,0.10842262717330158,-0.9648800735999323,legacy67,minmax,0.6533333333333333,0.700952380952381,0.04761904761904767,0.9866666666666667,0.9866666666666667,0.0,0.6666666666666666,0.7142857142857143,0.04761904761904767,11,6
77,0.12172958098369964,-0.9146038729044164,legacy67,minmax,0.6533333333333333,0.7247619047619049,0.07142857142857162,0.9866666666666667,0.9866666666666667,0.0,0.6666666666666666,0.7380952380952381,0.07142857142857151,11,7
77,0.1329652145729951,-0.876261961250477,legacy67,minmax,0.6533333333333333,0.7247619047619049,0.07142857142857162,0.9866666666666667,0.9866666666666667,0.0,0.6666666666666666,0.7380952380952381,0.07142857142857151,12,7
77,0.14618962793704957,-0.8350834392078323,legacy67,minmax,0.6295238095238096,0.7247619047619049,0.09523809523809534,0.9866666666666667,0.9866666666666667,0.0,0.6428571428571429,0.7380952380952381,0.09523809523809523,12,9
77,0.14742753159914665,-0.8314214058591274,legacy67,minmax,0.6295238095238096,0.7247619047619049,0.09523809523809534,0.9866666666666667,0.9866666666666667,0.0,0.6428571428571429,0.7380952380952381,0.09523809523809523,12,9
77,0.16480446427978968,-0.7830310281618491,legacy67,minmax,0.6295238095238096,0.7485714285714287,0.11904761904761907,0.9866666666666667,0.9866666666666667,0.0,0.6428571428571429,0.7619047619047619,0.11904761904761896,12,9
77,0.16536937182824418,-0.7815449233065173,legacy67,minmax,0.6295238095238096,0.7485714285714287,0.11904761904761907,0.9866666666666667,0.9866666666666667,0.0,0.6428571428571429,0.7619047619047619,0.11904761904761896,12,9
77,0.1753594952976441,-0.7560707131373512,legacy67,minmax,0.6295238095238096,0.7961904761904761,0.16666666666666652,0.9866666666666667,0.9866666666666667,0.0,0.6428571428571429,0.8095238095238095,0.16666666666666663,12,10
77,0.17654048052495064,-0.7531556956423562,legacy67,minmax,0.6295238095238096,0.7961904761904761,0.16666666666666652,0.9866666666666667,0.9866666666666667,0.0,0.6428571428571429,0.8095238095238095,0.16666666666666663,12,10
77,0.1998634077852887,-0.6992667118930118,legacy67,minmax,0.6295238095238096,0.7961904761904761,0.16666666666666652,0.9866666666666667,0.9866666666666667,0.0,0.6428571428571429,0.8095238095238095,0.16666666666666663,13,9
77,0.2001342062287997,-0.6986786769469426,legacy67,minmax,0.6295238095238096,0.7961904761904761,0.16666666666666652,0.9866666666666667,0.9866666666666667,0.0,0.6428571428571429,0.8095238095238095,0.16666666666666663,13,9
77,0.21066486017042194,-0.6764079005894033,legacy67,minmax,0.6295238095238096,0.7961904761904761,0.16666666666666652,0.9866666666666667,0.9866666666666667,0.0,0.6428571428571429,0.8095238095238095,0.16666666666666663,13,9
77,0.2673088310781669,-0.5729866932256429,legacy67,minmax,0.6295238095238096,0.8200000000000001,0.19047619047619047,0.9866666666666667,0.9866666666666667,0.0,0.6428571428571429,0.8333333333333334,0.19047619047619047,15,9
77,0.2715581955282939,-0.5661370858229096,legacy67,minmax,0.6295238095238096,0.8200000000000001,0.19047619047619047,0.9866666666666667,0.9866666666666667,0.0,0.6428571428571429,0.8333333333333334,0.19047619047619047,15,9
77,0.292043384718141,-0.5345526268252332,legacy67,minmax,0.6295238095238096,0.8200000000000001,0.19047619047619047,0.9866666666666667,0.9866666666666667,0.0,0.6428571428571429,0.8333333333333334,0.19047619047619047,15,9
77,0.314891164795686,-0.50183952461055,legacy67,minmax,0.6295238095238096,0.8200000000000001,0.19047619047619047,0.9866666666666667,0.9866666666666667,0.0,0.6428571428571429,0.8333333333333334,0.19047619047619047,16,9
77,0.35868164986275475,-0.44529084124207197,legacy67,minmax,0.6295238095238096,0.8200000000000001,0.19047619047619047,0.9866666666666667,0.9866666666666667,0.0,0.6428571428571429,0.8333333333333334,0.19047619047619047,17,9
77,0.5130551760589832,-0.2898359265658015,legacy67,minmax,0.6428571428571428,0.8676190476190477,0.22476190476190494,1.0,0.9866666666666667,-0.013333333333333308,0.6428571428571429,0.8809523809523809,0.23809523809523803,23,10
77,0.5342937261279772,-0.27221992543153695,legacy67,minmax,0.6428571428571428,0.8676190476190477,0.22476190476190494,1.0,0.9866666666666667,-0.013333333333333308,0.6428571428571429,0.8809523809523809,0.23809523809523803,23,10
77,0.5762487216478598,-0.23939002504159476,legacy67,minmax,0.6428571428571428,0.8676190476190477,0.22476190476190494,1.0,0.9866666666666667,-0.013333333333333308,0.6428571428571429,0.8809523809523809,0.23809523809523803,24,10
77,0.6672367170464204,-0.17572006313185626,legacy67,minmax,0.6295238095238096,0.8676190476190477,0.23809523809523814,0.9866666666666667,0.9866666666666667,0.0,0.6428571428571429,0.8809523809523809,0.23809523809523803,25,10
77,0.7742116473996242,-0.1111402993522028,legacy67,minmax,0.6533333333333333,0.8676190476190477,0.2142857142857144,0.9866666666666667,0.9866666666666667,0.0,0.6666666666666666,0.8809523809523809,0.2142857142857143,24,9
77,0.9444574254983555,-0.02481761454243703,legacy67,minmax,0.6533333333333333,0.8647619047619046,0.2114285714285713,0.9866666666666667,0.96,-0.026666666666666727,0.6666666666666666,0.9047619047619048,0.23809523809523814,24,9
77,0.9565499215943818,-0.019292359554919238,legacy67,minmax,0.6533333333333333,0.8647619047619046,0.2114285714285713,0.9866666666666667,0.96,-0.026666666666666727,0.6666666666666666,0.9047619047619048,0.23809523809523814,24,9
77,1.1400863701127315,0.0569377536544464,legacy67,minmax,0.6533333333333333,0.8380952380952382,0.1847619047619049,0.9866666666666667,0.9333333333333333,-0.053333333333333344,0.6666666666666666,0.9047619047619048,0.23809523809523814,25,9
77,1.2030178871154662,0.08027208471124325,legacy67,minmax,0.6400000000000001,0.8380952380952382,0.1980952380952381,0.9733333333333334,0.9333333333333333,-0.040000000000000036,0.6666666666666666,0.9047619047619048,0.23809523809523814,25,9
77,1.2329098365270508,0.0909313175279762,legacy67,minmax,0.6400000000000001,0.8380952380952382,0.1980952380952381,0.9733333333333334,0.9333333333333333,-0.040000000000000036,0.6666666666666666,0.9047619047619048,0.23809523809523814,25,9
77,1.2561043700013554,0.09902572652895136,legacy67,minmax,0.6400000000000001,0.8380952380952382,0.1980952380952381,0.9733333333333334,0.9333333333333333,-0.040000000000000036,0.6666666666666666,0.9047619047619048,0.23809523809523814,25,9
77,1.4817820606039076,0.17078433263299386,legacy67,minmax,0.6638095238095238,0.8380952380952382,0.17428571428571438,0.9733333333333334,0.9333333333333333,-0.040000000000000036,0.6904761904761905,0.9047619047619048,0.2142857142857143,24,9
77,1.5375920235481748,0.1868411173731186,legacy67,minmax,0.6638095238095238,0.8380952380952382,0.17428571428571438,0.9733333333333334,0.9333333333333333,-0.040000000000000036,0.6904761904761905,0.9047619047619048,0.2142857142857143,24,9
77,1.7583640270008503,0.24510879027798493,legacy67,minmax,0.6638095238095238,0.8380952380952382,0.17428571428571438,0.9733333333333334,0.9333333333333333,-0.040000000000000036,0.6904761904761905,0.9047619047619048,0.2142857142857143,25,9
77,2.34238498471129,0.36965827544816987,legacy67,minmax,0.6638095238095238,0.8380952380952382,0.17428571428571438,0.9733333333333334,0.9333333333333333,-0.040000000000000036,0.6904761904761905,0.9047619047619048,0.2142857142857143,26,9
77,2.4637685958997446,0.39159991524434057,legacy67,minmax,0.6638095238095238,0.8380952380952382,0.17428571428571438,0.9733333333333334,0.9333333333333333,-0.040000000000000036,0.6904761904761905,0.9047619047619048,0.2142857142857143,25,9
77,2.4810409748678097,0.3946339367881464,legacy67,minmax,0.6638095238095238,0.8380952380952382,0.17428571428571438,0.9733333333333334,0.9333333333333333,-0.040000000000000036,0.6904761904761905,0.9047619047619048,0.2142857142857143,25,9
77,2.5378155082656626,0.40446004697283516,legacy67,minmax,0.6638095238095238,0.8380952380952382,0.17428571428571438,0.9733333333333334,0.9333333333333333,-0.040000000000000036,0.6904761904761905,0.9047619047619048,0.2142857142857143,25,9
77,2.692646910086177,0.43017940760575346,legacy67,minmax,0.6638095238095238,0.8380952380952382,0.17428571428571438,0.9733333333333334,0.9333333333333333,-0.040000000000000036,0.6904761904761905,0.9047619047619048,0.2142857142857143,24,9
77,2.801635158716258,0.4474115788895179,legacy67,minmax,0.6638095238095238,0.8380952380952382,0.17428571428571438,0.9733333333333334,0.9333333333333333,-0.040000000000000036,0.6904761904761905,0.9047619047619048,0.2142857142857143,24,9
77,3.113095956122122,0.4931925073102317,legacy67,minmax,0.6638095238095238,0.8380952380952382,0.17428571428571438,0.9733333333333334,0.9333333333333333,-0.040000000000000036,0.6904761904761905,0.9047619047619048,0.2142857142857143,25,9
77,3.550012525851159,0.5502298854208525,legacy67,minmax,0.6638095238095238,0.8380952380952382,0.17428571428571438,0.9733333333333334,0.9333333333333333,-0.040000000000000036,0.6904761904761905,0.9047619047619048,0.2142857142857143,25,9
77,4.467752817973904,0.6500891374159279,legacy67,minmax,0.6638095238095238,0.8380952380952382,0.17428571428571438,0.9733333333333334,0.9333333333333333,-0.040000000000000036,0.6904761904761905,0.9047619047619048,0.2142857142857143,26,9
77,5.456725485601473,0.7369321060486276,legacy67,minmax,0.6638095238095238,0.8380952380952382,0.17428571428571438,0.9733333333333334,0.9333333333333333,-0.040000000000000036,0.6904761904761905,0.9047619047619048,0.2142857142857143,27,9
77,6.72093005015611,0.8274293753904685,legacy67,minmax,0.6638095238095238,0.8380952380952382,0.17428571428571438,0.9733333333333334,0.9333333333333333,-0.040000000000000036,0.6904761904761905,0.9047619047619048,0.2142857142857143,27,9
77,6.7965780907581514,0.832290311184182,legacy67,minmax,0.6638095238095238,0.8380952380952382,0.17428571428571438,0.9733333333333334,0.9333333333333333,-0.040000000000000036,0.6904761904761905,0.9047619047619048,0.2142857142857143,27,9
77,7.128188058401357,0.85297914889198,legacy67,minmax,0.6638095238095238,0.8380952380952382,0.17428571428571438,0.9733333333333334,0.9333333333333333,-0.040000000000000036,0.6904761904761905,0.9047619047619048,0.2142857142857143,27,9
77,8.241925264876443,0.9160286721639492,legacy67,minmax,0.6638095238095238,0.8380952380952382,0.17428571428571438,0.9733333333333334,0.9333333333333333,-0.040000000000000036,0.6904761904761905,0.9047619047619048,0.2142857142857143,28,30
77,8.287522363768153,0.9184247133522563,legacy67,minmax,0.6638095238095238,0.8380952380952382,0.17428571428571438,0.9733333333333334,0.9333333333333333,-0.040000000000000036,0.6904761904761905,0.9047619047619048,0.2142857142857143,29,30
77,8.471801418819974,0.9279757672456204,legacy67,minmax,0.6638095238095238,0.8380952380952382,0.17428571428571438,0.9733333333333334,0.9333333333333333,-0.040000000000000036,0.6904761904761905,0.9047619047619048,0.2142857142857143,28,30
77,11.044350847124681,1.0431401944675898,legacy67,minmax,0.6876190476190476,0.8380952380952382,0.15047619047619065,0.9733333333333334,0.9333333333333333,-0.040000000000000036,0.7142857142857143,0.9047619047619048,0.19047619047619047,29,30
77,12.130221181165155,1.083868719818244,legacy67,minmax,0.6876190476190476,0.8380952380952382,0.15047619047619065,0.9733333333333334,0.9333333333333333,-0.040000000000000036,0.7142857142857143,0.9047619047619048,0.19047619047619047,29,30
77,12.164139351417056,1.085081386743783,legacy67,minmax,0.6876190476190476,0.8380952380952382,0.15047619047619065,0.9733333333333334,0.9333333333333333,-0.040000000000000036,0.7142857142857143,0.9047619047619048,0.19047619047619047,29,30
77,12.273800987852958,1.0889790771866297,legacy67,minmax,0.6876190476190476,0.8380952380952382,0.15047619047619065,0.9733333333333334,0.9333333333333333,-0.040000000000000036,0.7142857142857143,0.9047619047619048,0.19047619047619047,29,30
77,12.604664585649452,1.1005312934444582,legacy67,minmax,0.6876190476190476,0.8380952380952382,0.15047619047619065,0.9733333333333334,0.9333333333333333,-0.040000000000000036,0.7142857142857143,0.9047619047619048,0.19047619047619047,29,30
77,13.826232179369853,1.1407038455720544,legacy67,minmax,0.6876190476190476,0.8380952380952382,0.15047619047619065,0.9733333333333334,0.9333333333333333,-0.040000000000000036,0.7142857142857143,0.9047619047619048,0.19047619047619047,30,30
77,16.172900811143133,1.2087879230161587,legacy67,minmax,0.6876190476190476,0.8380952380952382,0.15047619047619065,0.9733333333333334,0.9333333333333333,-0.040000000000000036,0.7142857142857143,0.9047619047619048,0.19047619047619047,30,30
77,17.123375973163967,1.2335893924658445,legacy67,minmax,0.6876190476190476,0.8380952380952382,0.15047619047619065,0.9733333333333334,0.9333333333333333,-0.040000000000000036,0.7142857142857143,0.9047619047619048,0.19047619047619047,30,30
77,18.274508859816006,1.2618457138193366,legacy67,minmax,0.6876190476190476,0.8380952380952382,0.15047619047619065,0.9733333333333334,0.9333333333333333,-0.040000000000000036,0.7142857142857143,0.9047619047619048,0.19047619047619047,30,30
77,20.65142557895924,1.3149500366077174,legacy67,minmax,0.6876190476190476,0.8380952380952382,0.15047619047619065,0.9733333333333334,0.9333333333333333,-0.040000000000000036,0.7142857142857143,0.9047619047619048,0.19047619047619047,30,30
77,21.36832907235874,1.329770563201687,legacy67,minmax,0.6876190476190476,0.8380952380952382,0.15047619047619065,0.9733333333333334,0.9333333333333333,-0.040000000000000036,0.7142857142857143,0.9047619047619048,0.19047619047619047,30,30
77,28.340904295147727,1.452413703502374,legacy67,minmax,0.6876190476190476,0.8380952380952382,0.15047619047619065,0.9733333333333334,0.9333333333333333,-0.040000000000000036,0.7142857142857143,0.9047619047619048,0.19047619047619047,30,31
77,29.154431891537524,1.4647045830997407,legacy67,minmax,0.6876190476190476,0.8380952380952382,0.15047619047619065,0.9733333333333334,0.9333333333333333,-0.040000000000000036,0.7142857142857143,0.9047619047619048,0.19047619047619047,30,31
77,35.387588647792384,1.5488509703053062,legacy67,minmax,0.6876190476190476,0.8380952380952382,0.15047619047619065,0.9733333333333334,0.9333333333333333,-0.040000000000000036,0.7142857142857143,0.9047619047619048,0.19047619047619047,30,31
77,37.95853142670639,1.5793094017105953,legacy67,minmax,0.6876190476190476,0.8380952380952382,0.15047619047619065,0.9733333333333334,0.9333333333333333,-0.040000000000000036,0.7142857142857143,0.9047619047619048,0.19047619047619047,30,31
77,43.37920697490936,1.6372816083151283,legacy67,minmax,0.6876190476190476,0.8380952380952382,0.15047619047619065,0.9733333333333334,0.9333333333333333,-0.040000000000000036,0.7142857142857143,0.9047619047619048,0.19047619047619047,32,31
77,48.69640941520897,1.6874969400924673,legacy67,minmax,0.6876190476190476,0.8380952380952382,0.15047619047619065,0.9733333333333334,0.9333333333333333,-0.040000000000000036,0.7142857142857143,0.9047619047619048,0.19047619047619047,32,31
77,57.279044707996185,1.7579957662567565,legacy67,minmax,0.6876190476190476,0.8380952380952382,0.15047619047619065,0.9733333333333334,0.9333333333333333,-0.040000000000000036,0.7142857142857143,0.9047619047619048,0.19047619047619047,33,31
77,62.45139574743064,1.795542149013333,legacy67,minmax,0.6876190476190476,0.8380952380952382,0.15047619047619065,0.9733333333333334,0.9333333333333333,-0.040000000000000036,0.7142857142857143,0.9047619047619048,0.19047619047619047,33,31
77,63.512210106406926,1.8028572256396647,legacy67,minmax,0.6876190476190476,0.8380952380952382,0.15047619047619065,0.9733333333333334,0.9333333333333333,-0.040000000000000036,0.7142857142857143,0.9047619047619048,0.19047619047619047,33,32
77,72.86653737491037,1.8625281322982374,legacy67,minmax,0.6876190476190476,0.8380952380952382,0.15047619047619065,0.9733333333333334,0.9333333333333333,-0.040000000000000036,0.7142857142857143,0.9047619047619048,0.19047619047619047,33,33
77,75.56810141274423,1.8783385110582342,legacy67,minmax,0.6876190476190476,0.8247619047619048,0.13714285714285723,0.9733333333333334,0.92,-0.053333333333333344,0.7142857142857143,0.9047619047619048,0.19047619047619047,33,33
77,75.79479953347995,1.8796394086479773,legacy67,minmax,0.6876190476190476,0.8247619047619048,0.13714285714285723,0.9733333333333334,0.92,-0.053333333333333344,0.7142857142857143,0.9047619047619048,0.19047619047619047,33,33
77,88.62326508576248,1.9475477464020692,legacy67,minmax,0.6876190476190476,0.8352380952380951,0.14761904761904754,0.9733333333333334,0.9066666666666666,-0.06666666666666676,0.7142857142857143,0.9285714285714286,0.2142857142857143,33,33
78,0.010521761868451128,-1.9779115315055904,legacy67,minmax,0.0,0.0,0.0,1.0,1.0,0.0,0.0,0.0,0.0,0,0
78,0.012087541473056955,-1.9176620228167902,legacy67,minmax,0.0,0.0,0.0,1.0,1.0,0.0,0.0,0.0,0.0,0,0
78,0.01263794633808287,-1.8983234930236192,legacy67,minmax,0.0,0.0,0.0,1.0,1.0,0.0,0.0,0.0,0.0,0,0
78,0.013726318898045865,-1.8624459155391264,legacy67,minmax,0.0,0.0,0.0,1.0,1.0,0.0,0.0,0.0,0.0,0,0
78,0.0151673306880762,-1.8190908443578477,legacy67,minmax,0.0,0.0,0.0,1.0,1.0,0.0,0.0,0.0,0.0,0,0
78,0.015339162591163618,-1.814198349120009,legacy67,minmax,0.0,0.0,0.0,1.0,1.0,0.0,0.0,0.0,0.0,0,0
78,0.017073967431528118,-1.7676655513272022,legacy67,minmax,0.0,0.0,0.0,1.0,1.0,0.0,0.0,0.0,0.0,2,1
78,0.017956984225677628,-1.7457665988559055,legacy67,minmax,0.0,0.0,0.0,1.0,1.0,0.0,0.0,0.0,0.0,2,2
78,0.018205657658407252,-1.739793628058882,legacy67,minmax,0.0,0.0,0.0,1.0,1.0,0.0,0.0,0.0,0.0,2,2
78,0.019777828512462715,-1.7038213930636386,legacy67,minmax,0.0714285714285714,0.0,-0.0714285714285714,1.0,1.0,0.0,0.07142857142857142,0.0,-0.07142857142857142,2,2
78,0.01987021538542862,-1.7017974252809167,legacy67,minmax,0.0714285714285714,0.0,-0.0714285714285714,1.0,1.0,0.0,0.07142857142857142,0.0,-0.07142857142857142,2,2
78,0.022592797420156945,-1.646029991792322,legacy67,minmax,0.2142857142857142,0.24857142857142867,0.034285714285714475,1.0,0.9866666666666667,-0.013333333333333308,0.21428571428571427,0.2619047619047619,0.047619047619047644,3,2
78,0.024586032763280048,-1.6093115439744645,legacy67,minmax,0.26190476190476186,0.24857142857142867,-0.013333333333333197,1.0,0.9866666666666667,-0.013333333333333308,0.2619047619047619,0.2619047619047619,0.0,3,2
78,0.027012557725439066,-1.5684342920267822,legacy67,minmax,0.38095238095238093,0.24857142857142867,-0.13238095238095227,1.0,0.9866666666666667,-0.013333333333333308,0.38095238095238093,0.2619047619047619,-0.11904761904761901,3,2
78,0.029072088906598435,-1.5365237618994811,legacy67,minmax,0.38095238095238093,0.46285714285714286,0.08190476190476192,1.0,0.9866666666666667,-0.013333333333333308,0.38095238095238093,0.47619047619047616,0.09523809523809523,3,2
78,0.030086868214458433,-1.5216230162467932,legacy67,minmax,0.4285714285714286,0.46285714285714286,0.03428571428571425,1.0,0.9866666666666667,-0.013333333333333308,0.42857142857142855,0.47619047619047616,0.047619047619047616,3,2
78,0.030771802712506853,-1.5118470606208847,legacy67,minmax,0.4285714285714286,0.46285714285714286,0.03428571428571425,1.0,0.9866666666666667,-0.013333333333333308,0.42857142857142855,0.47619047619047616,0.047619047619047616,3,2
78,0.036138942712165265,-1.4420245573918327,legacy67,minmax,0.4152380952380952,0.5209523809523811,0.10571428571428587,0.9866666666666667,0.9733333333333334,-0.013333333333333308,0.42857142857142855,0.5476190476190477,0.11904761904761912,3,3
78,0.03661819220392428,-1.4363031001009494,legacy67,minmax,0.4152380952380952,0.5209523809523811,0.10571428571428587,0.9866666666666667,0.9733333333333334,-0.013333333333333308,0.42857142857142855,0.5476190476190477,0.11904761904761912,3,3
78,0.04207053950287936,-1.3760219186551894,legacy67,minmax,0.43904761904761913,0.5209523809523811,0.08190476190476192,0.9866666666666667,0.9733333333333334,-0.013333333333333308,0.4523809523809524,0.5476190476190477,0.09523809523809529,4,4
78,0.04207988669606635,-1.375925438230254,legacy67,minmax,0.43904761904761913,0.5209523809523811,0.08190476190476192,0.9866666666666667,0.9733333333333334,-0.013333333333333308,0.4523809523809524,0.5476190476190477,0.09523809523809529,4,4
78,0.04809461967501572,-1.3179035052508339,legacy67,minmax,0.46285714285714286,0.5209523809523811,0.0580952380952382,0.9866666666666667,0.9733333333333334,-0.013333333333333308,0.47619047619047616,0.5476190476190477,0.07142857142857151,4,4
78,0.05337032762603955,-1.2727001311715975,legacy67,minmax,0.46285714285714286,0.5209523809523811,0.0580952380952382,0.9866666666666667,0.9733333333333334,-0.013333333333333308,0.47619047619047616,0.5476190476190477,0.07142857142857151,4,5
78,0.05415244119402536,-1.2663819605862647,legacy67,minmax,0.44952380952380944,0.5209523809523811,0.07142857142857162,0.9733333333333334,0.9733333333333334,0.0,0.47619047619047616,0.5476190476190477,0.07142857142857151,4,5
78,0.05488047000766042,-1.2605821778978918,legacy67,minmax,0.44952380952380944,0.5209523809523811,0.07142857142857162,0.9733333333333334,0.9733333333333334,0.0,0.47619047619047616,0.5476190476190477,0.07142857142857151,4,5
78,0.060803901902965994,-1.2160685503234192,legacy67,minmax,0.4733333333333334,0.5447619047619048,0.0714285714285714,0.9733333333333334,0.9733333333333334,0.0,0.5,0.5714285714285714,0.0714285714285714,4,5
78,0.06235377135673155,-1.2051372738633104,legacy67,minmax,0.4733333333333334,0.5447619047619048,0.0714285714285714,0.9733333333333334,0.9733333333333334,0.0,0.5,0.5714285714285714,0.0714285714285714,4,6
78,0.06290644294586147,-1.201304871366561,legacy67,minmax,0.4733333333333334,0.5447619047619048,0.0714285714285714,0.9733333333333334,0.9733333333333334,0.0,0.5,0.5714285714285714,0.0714285714285714,4,6
78,0.07068974950624601,-1.1506435572868954,legacy67,minmax,0.4733333333333334,0.5447619047619048,0.0714285714285714,0.9733333333333334,0.9733333333333334,0.0,0.5,0.5714285714285714,0.0714285714285714,4,6
78,0.10842262717330158,-0.9648800735999323,legacy67,minmax,0.5076190476190476,0.5685714285714285,0.06095238095238087,0.96,0.9733333333333334,0.01333333333333342,0.5476190476190477,0.5952380952380952,0.04761904761904756,6,8
78,0.12172958098369964,-0.9146038729044164,legacy67,minmax,0.5047619047619047,0.5923809523809525,0.08761904761904771,0.9333333333333333,0.9733333333333334,0.040000000000000036,0.5714285714285714,0.6190476190476191,0.04761904761904767,7,8
78,0.1329652145729951,-0.876261961250477,legacy67,minmax,0.5047619047619047,0.5923809523809525,0.08761904761904771,0.9333333333333333,0.9733333333333334,0.040000000000000036,0.5714285714285714,0.6190476190476191,0.04761904761904767,9,8
78,0.14618962793704957,-0.8350834392078323,legacy67,minmax,0.5047619047619047,0.5923809523809525,0.08761904761904771,0.9333333333333333,0.9733333333333334,0.040000000000000036,0.5714285714285714,0.6190476190476191,0.04761904761904767,10,8
78,0.14742753159914665,-0.8314214058591274,legacy67,minmax,0.5047619047619047,0.5923809523809525,0.08761904761904771,0.9333333333333333,0.9733333333333334,0.040000000000000036,0.5714285714285714,0.6190476190476191,0.04761904761904767,10,8
78,0.16480446427978968,-0.7830310281618491,legacy67,minmax,0.5047619047619047,0.6400000000000001,0.13523809523809538,0.9333333333333333,0.9733333333333334,0.040000000000000036,0.5714285714285714,0.6666666666666666,0.09523809523809523,10,9
78,0.16536937182824418,-0.7815449233065173,legacy67,minmax,0.5047619047619047,0.6400000000000001,0.13523809523809538,0.9333333333333333,0.9733333333333334,0.040000000000000036,0.5714285714285714,0.6666666666666666,0.09523809523809523,10,9
78,0.1753594952976441,-0.7560707131373512,legacy67,minmax,0.5047619047619047,0.6161904761904764,0.11142857142857165,0.9333333333333333,0.9733333333333334,0.040000000000000036,0.5714285714285714,0.6428571428571429,0.07142857142857151,11,10
78,0.17654048052495064,-0.7531556956423562,legacy67,minmax,0.5047619047619047,0.6161904761904764,0.11142857142857165,0.9333333333333333,0.9733333333333334,0.040000000000000036,0.5714285714285714,0.6428571428571429,0.07142857142857151,11,11
78,0.1998634077852887,-0.6992667118930118,legacy67,minmax,0.5047619047619047,0.6161904761904764,0.11142857142857165,0.9333333333333333,0.9733333333333334,0.040000000000000036,0.5714285714285714,0.6428571428571429,0.07142857142857151,12,11
78,0.2001342062287997,-0.6986786769469426,legacy67,minmax,0.5047619047619047,0.6161904761904764,0.11142857142857165,0.9333333333333333,0.9733333333333334,0.040000000000000036,0.5714285714285714,0.6428571428571429,0.07142857142857151,12,11
78,0.21066486017042194,-0.6764079005894033,legacy67,minmax,0.5047619047619047,0.6161904761904764,0.11142857142857165,0.9333333333333333,0.9733333333333334,0.040000000000000036,0.5714285714285714,0.6428571428571429,0.07142857142857151,12,11
78,0.2673088310781669,-0.5729866932256429,legacy67,minmax,0.5047619047619047,0.6400000000000001,0.13523809523809538,0.9333333333333333,0.9733333333333334,0.040000000000000036,0.5714285714285714,0.6666666666666666,0.09523809523809523,14,11
78,0.2715581955282939,-0.5661370858229096,legacy67,minmax,0.5047619047619047,0.6400000000000001,0.13523809523809538,0.9333333333333333,0.9733333333333334,0.040000000000000036,0.5714285714285714,0.6666666666666666,0.09523809523809523,14,11
78,0.292043384718141,-0.5345526268252332,legacy67,minmax,0.5047619047619047,0.6400000000000001,0.13523809523809538,0.9333333333333333,0.9733333333333334,0.040000000000000036,0.5714285714285714,0.6666666666666666,0.09523809523809523,14,11
78,0.314891164795686,-0.50183952461055,legacy67,minmax,0.5180952380952379,0.6638095238095238,0.1457142857142859,0.9466666666666667,0.9733333333333334,0.026666666666666727,0.5714285714285714,0.6904761904761905,0.11904761904761907,14,11
78,0.35868164986275475,-0.44529084124207197,legacy67,minmax,0.4942857142857142,0.6638095238095238,0.16952380952380963,0.9466666666666667,0.9733333333333334,0.026666666666666727,0.5476190476190477,0.6904761904761905,0.1428571428571428,15,11
78,0.5130551760589832,-0.2898359265658015,legacy67,minmax,0.5180952380952379,0.7114285714285715,0.19333333333333358,0.9466666666666667,0.9733333333333334,0.026666666666666727,0.5714285714285714,0.7380952380952381,0.16666666666666674,16,11
78,0.5342937261279772,-0.27221992543153695,legacy67,minmax,0.5419047619047619,0.7114285714285715,0.16952380952380963,0.9466666666666667,0.9733333333333334,0.026666666666666727,0.5952380952380952,0.7380952380952381,0.1428571428571429,16,11
78,0.5762487216478598,-0.23939002504159476,legacy67,minmax,0.5419047619047619,0.7114285714285715,0.16952380952380963,0.9466666666666667,0.9733333333333334,0.026666666666666727,0.5952380952380952,0.7380952380952381,0.1428571428571429,16,11
78,0.6672367170464204,-0.17572006313185626,legacy67,minmax,0.5657142857142858,0.6980952380952381,0.13238095238095227,0.9466666666666667,0.96,0.013333333333333308,0.6190476190476191,0.7380952380952381,0.11904761904761907,17,11
78,0.7742116473996242,-0.1111402993522028,legacy67,minmax,0.6133333333333333,0.6980952380952381,0.08476190476190482,0.9466666666666667,0.96,0.013333333333333308,0.6666666666666666,0.7380952380952381,0.07142857142857151,20,11
78,0.9444574254983555,-0.02481761454243703,legacy67,minmax,0.6133333333333333,0.6980952380952381,0.08476190476190482,0.9466666666666667,0.96,0.013333333333333308,0.6666666666666666,0.7380952380952381,0.07142857142857151,22,11
78,0.9565499215943818,-0.019292359554919238,legacy67,minmax,0.6133333333333333,0.6980952380952381,0.08476190476190482,0.9466666666666667,0.96,0.013333333333333308,0.6666666666666666,0.7380952380952381,0.07142857142857151,22,11
78,1.1400863701127315,0.0569377536544464,legacy67,minmax,0.660952380952381,0.6980952380952381,0.037142857142857144,0.9466666666666667,0.96,0.013333333333333308,0.7142857142857143,0.7380952380952381,0.023809523809523836,23,12
78,1.2030178871154662,0.08027208471124325,legacy67,minmax,0.660952380952381,0.6980952380952381,0.037142857142857144,0.9466666666666667,0.96,0.013333333333333308,0.7142857142857143,0.7380952380952381,0.023809523809523836,23,12
78,1.2329098365270508,0.0909313175279762,legacy67,minmax,0.660952380952381,0.6980952380952381,0.037142857142857144,0.9466666666666667,0.96,0.013333333333333308,0.7142857142857143,0.7380952380952381,0.023809523809523836,23,12
78,1.2561043700013554,0.09902572652895136,legacy67,minmax,0.660952380952381,0.6980952380952381,0.037142857142857144,0.9466666666666667,0.96,0.013333333333333308,0.7142857142857143,0.7380952380952381,0.023809523809523836,23,12
78,1.4817820606039076,0.17078433263299386,legacy67,minmax,0.660952380952381,0.6980952380952381,0.037142857142857144,0.9466666666666667,0.96,0.013333333333333308,0.7142857142857143,0.7380952380952381,0.023809523809523836,28,12
78,1.5375920235481748,0.1868411173731186,legacy67,minmax,0.660952380952381,0.6847619047619049,0.023809523809523947,0.9466666666666667,0.9466666666666667,0.0,0.7142857142857143,0.7380952380952381,0.023809523809523836,28,12
78,1.7583640270008503,0.24510879027798493,legacy67,minmax,0.6476190476190475,0.6847619047619049,0.037142857142857366,0.9333333333333333,0.9466666666666667,0.013333333333333308,0.7142857142857143,0.7380952380952381,0.023809523809523836,30,12
78,2.34238498471129,0.36965827544816987,legacy67,minmax,0.6209523809523809,0.6847619047619049,0.06380952380952398,0.9066666666666666,0.9466666666666667,0.040000000000000036,0.7142857142857143,0.7380952380952381,0.023809523809523836,30,12
78,2.4637685958997446,0.39159991524434057,legacy67,minmax,0.6342857142857143,0.6847619047619049,0.05047619047619056,0.92,0.9466666666666667,0.026666666666666616,0.7142857142857143,0.7380952380952381,0.023809523809523836,30,12
78,2.4810409748678097,0.3946339367881464,legacy67,minmax,0.6342857142857143,0.6847619047619049,0.05047619047619056,0.92,0.9466666666666667,0.026666666666666616,0.7142857142857143,0.7380952380952381,0.023809523809523836,30,12
78,2.5378155082656626,0.40446004697283516,legacy67,minmax,0.6342857142857143,0.6847619047619049,0.05047619047619056,0.92,0.9466666666666667,0.026666666666666616,0.7142857142857143,0.7380952380952381,0.023809523809523836,30,12
78,2.692646910086177,0.43017940760575346,legacy67,minmax,0.6342857142857143,0.6847619047619049,0.05047619047619056,0.92,0.9466666666666667,0.026666666666666616,0.7142857142857143,0.7380952380952381,0.023809523809523836,30,12
78,2.801635158716258,0.4474115788895179,legacy67,minmax,0.6209523809523809,0.6847619047619049,0.06380952380952398,0.9066666666666666,0.9466666666666667,0.040000000000000036,0.7142857142857143,0.7380952380952381,0.023809523809523836,30,12
78,3.113095956122122,0.4931925073102317,legacy67,minmax,0.6209523809523809,0.6847619047619049,0.06380952380952398,0.9066666666666666,0.9466666666666667,0.040000000000000036,0.7142857142857143,0.7380952380952381,0.023809523809523836,29,12
78,3.550012525851159,0.5502298854208525,legacy67,minmax,0.6447619047619049,0.6847619047619049,0.040000000000000036,0.9066666666666666,0.9466666666666667,0.040000000000000036,0.7380952380952381,0.7380952380952381,0.0,31,12
78,4.467752817973904,0.6500891374159279,legacy67,minmax,0.6447619047619049,0.6847619047619049,0.040000000000000036,0.9066666666666666,0.9466666666666667,0.040000000000000036,0.7380952380952381,0.7380952380952381,0.0,30,12
78,5.456725485601473,0.7369321060486276,legacy67,minmax,0.6447619047619049,0.6847619047619049,0.040000000000000036,0.9066666666666666,0.9466666666666667,0.040000000000000036,0.7380952380952381,0.7380952380952381,0.0,30,12
78,6.72093005015611,0.8274293753904685,legacy67,minmax,0.6447619047619049,0.6847619047619049,0.040000000000000036,0.9066666666666666,0.9466666666666667,0.040000000000000036,0.7380952380952381,0.7380952380952381,0.0,30,13
78,6.7965780907581514,0.832290311184182,legacy67,minmax,0.6447619047619049,0.6847619047619049,0.040000000000000036,0.9066666666666666,0.9466666666666667,0.040000000000000036,0.7380952380952381,0.7380952380952381,0.0,30,13
78,7.128188058401357,0.85297914889198,legacy67,minmax,0.6314285714285715,0.6847619047619049,0.053333333333333455,0.8933333333333333,0.9466666666666667,0.053333333333333344,0.7380952380952381,0.7380952380952381,0.0,30,13
78,8.241925264876443,0.9160286721639492,legacy67,minmax,0.6314285714285715,0.6847619047619049,0.053333333333333455,0.8933333333333333,0.9466666666666667,0.053333333333333344,0.7380952380952381,0.7380952380952381,0.0,30,34
78,8.287522363768153,0.9184247133522563,legacy67,minmax,0.6314285714285715,0.6847619047619049,0.053333333333333455,0.8933333333333333,0.9466666666666667,0.053333333333333344,0.7380952380952381,0.7380952380952381,0.0,30,34
78,8.471801418819974,0.9279757672456204,legacy67,minmax,0.6314285714285715,0.6847619047619049,0.053333333333333455,0.8933333333333333,0.9466666666666667,0.053333333333333344,0.7380952380952381,0.7380952380952381,0.0,30,34
78,11.044350847124681,1.0431401944675898,legacy67,minmax,0.6314285714285715,0.6847619047619049,0.053333333333333455,0.8933333333333333,0.9466666666666667,0.053333333333333344,0.7380952380952381,0.7380952380952381,0.0,29,34
78,12.130221181165155,1.083868719818244,legacy67,minmax,0.6314285714285715,0.6847619047619049,0.053333333333333455,0.8933333333333333,0.9466666666666667,0.053333333333333344,0.7380952380952381,0.7380952380952381,0.0,30,34
78,12.164139351417056,1.085081386743783,legacy67,minmax,0.6314285714285715,0.6847619047619049,0.053333333333333455,0.8933333333333333,0.9466666666666667,0.053333333333333344,0.7380952380952381,0.7380952380952381,0.0,30,34
78,12.273800987852958,1.0889790771866297,legacy67,minmax,0.6314285714285715,0.6847619047619049,0.053333333333333455,0.8933333333333333,0.9466666666666667,0.053333333333333344,0.7380952380952381,0.7380952380952381,0.0,30,34
78,12.604664585649452,1.1005312934444582,legacy67,minmax,0.6314285714285715,0.6847619047619049,0.053333333333333455,0.8933333333333333,0.9466666666666667,0.053333333333333344,0.7380952380952381,0.7380952380952381,0.0,30,34
78,13.826232179369853,1.1407038455720544,legacy67,minmax,0.6314285714285715,0.6714285714285715,0.040000000000000036,0.8933333333333333,0.9333333333333333,0.040000000000000036,0.7380952380952381,0.7380952380952381,0.0,30,34
78,16.172900811143133,1.2087879230161587,legacy67,minmax,0.6552380952380952,0.6714285714285715,0.01619047619047631,0.8933333333333333,0.9333333333333333,0.040000000000000036,0.7619047619047619,0.7380952380952381,-0.023809523809523725,31,34
78,17.123375973163967,1.2335893924658445,legacy67,minmax,0.6552380952380952,0.6714285714285715,0.01619047619047631,0.8933333333333333,0.9333333333333333,0.040000000000000036,0.7619047619047619,0.7380952380952381,-0.023809523809523725,31,34
78,18.274508859816006,1.2618457138193366,legacy67,minmax,0.6552380952380952,0.6714285714285715,0.01619047619047631,0.8933333333333333,0.9333333333333333,0.040000000000000036,0.7619047619047619,0.7380952380952381,-0.023809523809523725,31,34
78,20.65142557895924,1.3149500366077174,legacy67,minmax,0.6552380952380952,0.6714285714285715,0.01619047619047631,0.8933333333333333,0.9333333333333333,0.040000000000000036,0.7619047619047619,0.7380952380952381,-0.023809523809523725,31,34
78,21.36832907235874,1.329770563201687,legacy67,minmax,0.6552380952380952,0.6714285714285715,0.01619047619047631,0.8933333333333333,0.9333333333333333,0.040000000000000036,0.7619047619047619,0.7380952380952381,-0.023809523809523725,32,34
78,28.340904295147727,1.452413703502374,legacy67,minmax,0.6552380952380952,0.6714285714285715,0.01619047619047631,0.8933333333333333,0.9333333333333333,0.040000000000000036,0.7619047619047619,0.7380952380952381,-0.023809523809523725,32,34
78,29.154431891537524,1.4647045830997407,legacy67,minmax,0.6552380952380952,0.6714285714285715,0.01619047619047631,0.8933333333333333,0.9333333333333333,0.040000000000000036,0.7619047619047619,0.7380952380952381,-0.023809523809523725,32,34
78,35.387588647792384,1.5488509703053062,legacy67,minmax,0.6552380952380952,0.6714285714285715,0.01619047619047631,0.8933333333333333,0.9333333333333333,0.040000000000000036,0.7619047619047619,0.7380952380952381,-0.023809523809523725,32,34
78,37.95853142670639,1.5793094017105953,legacy67,minmax,0.6552380952380952,0.6714285714285715,0.01619047619047631,0.8933333333333333,0.9333333333333333,0.040000000000000036,0.7619047619047619,0.7380952380952381,-0.023809523809523725,32,34
78,43.37920697490936,1.6372816083151283,legacy67,minmax,0.6552380952380952,0.6714285714285715,0.01619047619047631,0.8933333333333333,0.9333333333333333,0.040000000000000036,0.7619047619047619,0.7380952380952381,-0.023809523809523725,33,34
78,48.69640941520897,1.6874969400924673,legacy67,minmax,0.6552380952380952,0.6714285714285715,0.01619047619047631,0.8933333333333333,0.9333333333333333,0.040000000000000036,0.7619047619047619,0.7380952380952381,-0.023809523809523725,33,34
78,57.279044707996185,1.7579957662567565,legacy67,minmax,0.6552380952380952,0.6714285714285715,0.01619047619047631,0.8933333333333333,0.9333333333333333,0.040000000000000036,0.7619047619047619,0.7380952380952381,-0.023809523809523725,33,34
78,62.45139574743064,1.795542149013333,legacy67,minmax,0.6552380952380952,0.6714285714285715,0.01619047619047631,0.8933333333333333,0.9333333333333333,0.040000000000000036,0.7619047619047619,0.7380952380952381,-0.023809523809523725,33,34
78,63.512210106406926,1.8028572256396647,legacy67,minmax,0.6552380952380952,0.6714285714285715,0.01619047619047631,0.8933333333333333,0.9333333333333333,0.040000000000000036,0.7619047619047619,0.7380952380952381,-0.023809523809523725,33,34
78,72.86653737491037,1.8625281322982374,legacy67,minmax,0.6552380952380952,0.6714285714285715,0.01619047619047631,0.8933333333333333,0.9333333333333333,0.040000000000000036,0.7619047619047619,0.7380952380952381,-0.023809523809523725,33,34
78,75.56810141274423,1.8783385110582342,legacy67,minmax,0.6552380952380952,0.6714285714285715,0.01619047619047631,0.8933333333333333,0.9333333333333333,0.040000000000000036,0.7619047619047619,0.7380952380952381,-0.023809523809523725,33,34
78,75.79479953347995,1.8796394086479773,legacy67,minmax,0.6552380952380952,0.6714285714285715,0.01619047619047631,0.8933333333333333,0.9333333333333333,0.040000000000000036,0.7619047619047619,0.7380952380952381,-0.023809523809523725,33,34
78,88.62326508576248,1.9475477464020692,legacy67,minmax,0.6552380952380952,0.6952380952380952,0.040000000000000036,0.8933333333333333,0.9333333333333333,0.040000000000000036,0.7619047619047619,0.7619047619047619,0.0,33,34
79,0.010521761868451128,-1.9779115315055904,legacy67,minmax,0.0,0.0,0.0,1.0,1.0,0.0,0.0,0.0,0.0,0,0
79,0.012087541473056955,-1.9176620228167902,legacy67,minmax,0.0,0.0,0.0,1.0,1.0,0.0,0.0,0.0,0.0,0,0
79,0.01263794633808287,-1.8983234930236192,legacy67,minmax,0.0,0.0,0.0,1.0,1.0,0.0,0.0,0.0,0.0,0,0
79,0.013726318898045865,-1.8624459155391264,legacy67,minmax,0.0,0.0,0.0,1.0,1.0,0.0,0.0,0.0,0.0,0,0
79,0.0151673306880762,-1.8190908443578477,legacy67,minmax,0.0,0.0,0.0,1.0,1.0,0.0,0.0,0.0,0.0,0,0
79,0.015339162591163618,-1.814198349120009,legacy67,minmax,0.0,0.0,0.0,1.0,1.0,0.0,0.0,0.0,0.0,0,0
79,0.017073967431528118,-1.7676655513272022,legacy67,minmax,0.0,0.0,0.0,1.0,1.0,0.0,0.0,0.0,0.0,1,1
79,0.017956984225677628,-1.7457665988559055,legacy67,minmax,0.0,0.0,0.0,1.0,1.0,0.0,0.0,0.0,0.0,2,1
79,0.018205657658407252,-1.739793628058882,legacy67,minmax,0.0,0.0,0.0,1.0,1.0,0.0,0.0,0.0,0.0,2,1
79,0.019777828512462715,-1.7038213930636386,legacy67,minmax,0.023809523809523725,0.0,-0.023809523809523725,1.0,1.0,0.0,0.023809523809523808,0.0,-0.023809523809523808,2,1
79,0.01987021538542862,-1.7017974252809167,legacy67,minmax,0.023809523809523725,0.0,-0.023809523809523725,1.0,1.0,0.0,0.023809523809523808,0.0,-0.023809523809523808,2,1
79,0.022592797420156945,-1.646029991792322,legacy67,minmax,0.16666666666666674,0.4866666666666668,0.32000000000000006,1.0,0.9866666666666667,-0.013333333333333308,0.16666666666666666,0.5,0.33333333333333337,3,1
79,0.024586032763280048,-1.6093115439744645,legacy67,minmax,0.2857142857142856,0.4866666666666668,0.20095238095238122,1.0,0.9866666666666667,-0.013333333333333308,0.2857142857142857,0.5,0.2142857142857143,3,1
79,0.027012557725439066,-1.5684342920267822,legacy67,minmax,0.33333333333333326,0.4866666666666668,0.15333333333333354,1.0,0.9866666666666667,-0.013333333333333308,0.3333333333333333,0.5,0.16666666666666669,3,2
79,0.029072088906598435,-1.5365237618994811,legacy67,minmax,0.3571428571428572,0.4866666666666668,0.1295238095238096,1.0,0.9866666666666667,-0.013333333333333308,0.35714285714285715,0.5,0.14285714285714285,3,2
79,0.030086868214458433,-1.5216230162467932,legacy67,minmax,0.3571428571428572,0.4866666666666668,0.1295238095238096,1.0,0.9866666666666667,-0.013333333333333308,0.35714285714285715,0.5,0.14285714285714285,3,2
79,0.030771802712506853,-1.5118470606208847,legacy67,minmax,0.38095238095238093,0.4866666666666668,0.10571428571428587,1.0,0.9866666666666667,-0.013333333333333308,0.38095238095238093,0.5,0.11904761904761907,3,2
79,0.036138942712165265,-1.4420245573918327,legacy67,minmax,0.5476190476190477,0.4866666666666668,-0.06095238095238087,1.0,0.9866666666666667,-0.013333333333333308,0.5476190476190477,0.5,-0.04761904761904767,3,2
79,0.03661819220392428,-1.4363031001009494,legacy67,minmax,0.5476190476190477,0.4866666666666668,-0.06095238095238087,1.0,0.9866666666666667,-0.013333333333333308,0.5476190476190477,0.5,-0.04761904761904767,3,2
79,0.04207053950287936,-1.3760219186551894,legacy67,minmax,0.5819047619047619,0.4866666666666668,-0.09523809523809512,0.9866666666666667,0.9866666666666667,0.0,0.5952380952380952,0.5,-0.09523809523809523,3,3
79,0.04207988669606635,-1.375925438230254,legacy67,minmax,0.5819047619047619,0.4866666666666668,-0.09523809523809512,0.9866666666666667,0.9866666666666667,0.0,0.5952380952380952,0.5,-0.09523809523809523,3,3
79,0.04809461967501572,-1.3179035052508339,legacy67,minmax,0.6057142857142859,0.558095238095238,-0.047619047619047894,0.9866666666666667,0.9866666666666667,0.0,0.6190476190476191,0.5714285714285714,-0.04761904761904767,4,3
79,0.05337032762603955,-1.2727001311715975,legacy67,minmax,0.6295238095238096,0.558095238095238,-0.07142857142857162,0.9866666666666667,0.9866666666666667,0.0,0.6428571428571429,0.5714285714285714,-0.07142857142857151,5,3
79,0.05415244119402536,-1.2663819605862647,legacy67,minmax,0.6295238095238096,0.558095238095238,-0.07142857142857162,0.9866666666666667,0.9866666666666667,0.0,0.6428571428571429,0.5714285714285714,-0.07142857142857151,5,3
79,0.05488047000766042,-1.2605821778978918,legacy67,minmax,0.6295238095238096,0.558095238095238,-0.07142857142857162,0.9866666666666667,0.9866666666666667,0.0,0.6428571428571429,0.5714285714285714,-0.07142857142857151,5,3
79,0.060803901902965994,-1.2160685503234192,legacy67,minmax,0.6295238095238096,0.558095238095238,-0.07142857142857162,0.9866666666666667,0.9866666666666667,0.0,0.6428571428571429,0.5714285714285714,-0.07142857142857151,5,4
79,0.06235377135673155,-1.2051372738633104,legacy67,minmax,0.6295238095238096,0.558095238095238,-0.07142857142857162,0.9866666666666667,0.9866666666666667,0.0,0.6428571428571429,0.5714285714285714,-0.07142857142857151,5,4
79,0.06290644294586147,-1.201304871366561,legacy67,minmax,0.6295238095238096,0.558095238095238,-0.07142857142857162,0.9866666666666667,0.9866666666666667,0.0,0.6428571428571429,0.5714285714285714,-0.07142857142857151,5,5
79,0.07068974950624601,-1.1506435572868954,legacy67,minmax,0.6295238095238096,0.6295238095238096,0.0,0.9866666666666667,0.9866666666666667,0.0,0.6428571428571429,0.6428571428571429,0.0,6,5
79,0.10842262717330158,-0.9648800735999323,legacy67,minmax,0.6057142857142859,0.677142857142857,0.07142857142857117,0.9866666666666667,0.9866666666666667,0.0,0.6190476190476191,0.6904761904761905,0.0714285714285714,9,7
79,0.12172958098369964,-0.9146038729044164,legacy67,minmax,0.6057142857142859,0.7247619047619049,0.11904761904761907,0.9866666666666667,0.9866666666666667,0.0,0.6190476190476191,0.7380952380952381,0.11904761904761907,10,8
79,0.1329652145729951,-0.876261961250477,legacy67,minmax,0.6295238095238096,0.7247619047619049,0.09523809523809534,0.9866666666666667,0.9866666666666667,0.0,0.6428571428571429,0.7380952380952381,0.09523809523809523,11,8
79,0.14618962793704957,-0.8350834392078323,legacy67,minmax,0.6295238095238096,0.7723809523809524,0.1428571428571428,0.9866666666666667,0.9866666666666667,0.0,0.6428571428571429,0.7857142857142857,0.1428571428571428,12,8
79,0.14742753159914665,-0.8314214058591274,legacy67,minmax,0.6295238095238096,0.7723809523809524,0.1428571428571428,0.9866666666666667,0.9866666666666667,0.0,0.6428571428571429,0.7857142857142857,0.1428571428571428,12,8
79,0.16480446427978968,-0.7830310281618491,legacy67,minmax,0.6295238095238096,0.7723809523809524,0.1428571428571428,0.9866666666666667,0.9866666666666667,0.0,0.6428571428571429,0.7857142857142857,0.1428571428571428,12,8
79,0.16536937182824418,-0.7815449233065173,legacy67,minmax,0.6295238095238096,0.7723809523809524,0.1428571428571428,0.9866666666666667,0.9866666666666667,0.0,0.6428571428571429,0.7857142857142857,0.1428571428571428,12,8
79,0.1753594952976441,-0.7560707131373512,legacy67,minmax,0.6533333333333333,0.7723809523809524,0.11904761904761907,0.9866666666666667,0.9866666666666667,0.0,0.6666666666666666,0.7857142857142857,0.11904761904761907,13,8
79,0.17654048052495064,-0.7531556956423562,legacy67,minmax,0.6533333333333333,0.7723809523809524,0.11904761904761907,0.9866666666666667,0.9866666666666667,0.0,0.6666666666666666,0.7857142857142857,0.11904761904761907,13,8
79,0.1998634077852887,-0.6992667118930118,legacy67,minmax,0.677142857142857,0.7723809523809524,0.09523809523809534,0.9866666666666667,0.9866666666666667,0.0,0.6904761904761905,0.7857142857142857,0.09523809523809523,14,8
79,0.2001342062287997,-0.6986786769469426,legacy67,minmax,0.677142857142857,0.7723809523809524,0.09523809523809534,0.9866666666666667,0.9866666666666667,0.0,0.6904761904761905,0.7857142857142857,0.09523809523809523,14,8
79,0.21066486017042194,-0.6764079005894033,legacy67,minmax,0.677142857142857,0.7961904761904761,0.11904761904761907,0.9866666666666667,0.9866666666666667,0.0,0.6904761904761905,0.8095238095238095,0.11904761904761907,14,8
79,0.2673088310781669,-0.5729866932256429,legacy67,minmax,0.677142857142857,0.7961904761904761,0.11904761904761907,0.9866666666666667,0.9866666666666667,0.0,0.6904761904761905,0.8095238095238095,0.11904761904761907,15,8
79,0.2715581955282939,-0.5661370858229096,legacy67,minmax,0.677142857142857,0.7961904761904761,0.11904761904761907,0.9866666666666667,0.9866666666666667,0.0,0.6904761904761905,0.8095238095238095,0.11904761904761907,15,8
79,0.292043384718141,-0.5345526268252332,legacy67,minmax,0.700952380952381,0.7961904761904761,0.09523809523809512,0.9866666666666667,0.9866666666666667,0.0,0.7142857142857143,0.8095238095238095,0.09523809523809523,15,8
79,0.314891164795686,-0.50183952461055,legacy67,minmax,0.700952380952381,0.7961904761904761,0.09523809523809512,0.9866666666666667,0.9866666666666667,0.0,0.7142857142857143,0.8095238095238095,0.09523809523809523,15,8
79,0.35868164986275475,-0.44529084124207197,legacy67,minmax,0.700952380952381,0.7961904761904761,0.09523809523809512,0.9866666666666667,0.9866666666666667,0.0,0.7142857142857143,0.8095238095238095,0.09523809523809523,16,8
79,0.5130551760589832,-0.2898359265658015,legacy67,minmax,0.7114285714285715,0.7561904761904761,0.04476190476190456,0.9733333333333334,0.9466666666666667,-0.026666666666666727,0.7380952380952381,0.8095238095238095,0.0714285714285714,17,8
79,0.5342937261279772,-0.27221992543153695,legacy67,minmax,0.7114285714285715,0.7561904761904761,0.04476190476190456,0.9733333333333334,0.9466666666666667,-0.026666666666666727,0.7380952380952381,0.8095238095238095,0.0714285714285714,17,8
79,0.5762487216478598,-0.23939002504159476,legacy67,minmax,0.7114285714285715,0.7561904761904761,0.04476190476190456,0.9733333333333334,0.9466666666666667,-0.026666666666666727,0.7380952380952381,0.8095238095238095,0.0714285714285714,17,8
79,0.6672367170464204,-0.17572006313185626,legacy67,minmax,0.7114285714285715,0.7904761904761903,0.07904761904761881,0.9733333333333334,0.9333333333333333,-0.040000000000000036,0.7380952380952381,0.8571428571428571,0.11904761904761896,18,8
79,0.7742116473996242,-0.1111402993522028,legacy67,minmax,0.7114285714285715,0.7904761904761903,0.07904761904761881,0.9733333333333334,0.9333333333333333,-0.040000000000000036,0.7380952380952381,0.8571428571428571,0.11904761904761896,20,8
79,0.9444574254983555,-0.02481761454243703,legacy67,minmax,0.7247619047619049,0.7904761904761903,0.06571428571428539,0.9866666666666667,0.9333333333333333,-0.053333333333333344,0.7380952380952381,0.8571428571428571,0.11904761904761896,23,9
79,0.9565499215943818,-0.019292359554919238,legacy67,minmax,0.7247619047619049,0.7904761904761903,0.06571428571428539,0.9866666666666667,0.9333333333333333,-0.053333333333333344,0.7380952380952381,0.8571428571428571,0.11904761904761896,22,9
79,1.1400863701127315,0.0569377536544464,legacy67,minmax,0.7247619047619049,0.7904761904761903,0.06571428571428539,0.9866666666666667,0.9333333333333333,-0.053333333333333344,0.7380952380952381,0.8571428571428571,0.11904761904761896,24,9
79,1.2030178871154662,0.08027208471124325,legacy67,minmax,0.7247619047619049,0.7904761904761903,0.06571428571428539,0.9866666666666667,0.9333333333333333,-0.053333333333333344,0.7380952380952381,0.8571428571428571,0.11904761904761896,24,9
79,1.2329098365270508,0.0909313175279762,legacy67,minmax,0.7247619047619049,0.7904761904761903,0.06571428571428539,0.9866666666666667,0.9333333333333333,-0.053333333333333344,0.7380952380952381,0.8571428571428571,0.11904761904761896,24,9
79,1.2561043700013554,0.09902572652895136,legacy67,minmax,0.7247619047619049,0.7904761904761903,0.06571428571428539,0.9866666666666667,0.9333333333333333,-0.053333333333333344,0.7380952380952381,0.8571428571428571,0.11904761904761896,24,9
79,1.4817820606039076,0.17078433263299386,legacy67,minmax,0.700952380952381,0.7904761904761903,0.08952380952380934,0.9866666666666667,0.9333333333333333,-0.053333333333333344,0.7142857142857143,0.8571428571428571,0.1428571428571428,23,9
79,1.5375920235481748,0.1868411173731186,legacy67,minmax,0.700952380952381,0.7904761904761903,0.08952380952380934,0.9866666666666667,0.9333333333333333,-0.053333333333333344,0.7142857142857143,0.8571428571428571,0.1428571428571428,23,9
79,1.7583640270008503,0.24510879027798493,legacy67,minmax,0.700952380952381,0.7904761904761903,0.08952380952380934,0.9866666666666667,0.9333333333333333,-0.053333333333333344,0.7142857142857143,0.8571428571428571,0.1428571428571428,27,9
79,2.34238498471129,0.36965827544816987,legacy67,minmax,0.6742857142857144,0.7904761904761903,0.11619047619047596,0.96,0.9333333333333333,-0.026666666666666616,0.7142857142857143,0.8571428571428571,0.1428571428571428,28,9
79,2.4637685958997446,0.39159991524434057,legacy67,minmax,0.6504761904761904,0.7904761904761903,0.1399999999999999,0.96,0.9333333333333333,-0.026666666666666616,0.6904761904761905,0.8571428571428571,0.16666666666666663,28,9
79,2.4810409748678097,0.3946339367881464,legacy67,minmax,0.6504761904761904,0.7904761904761903,0.1399999999999999,0.96,0.9333333333333333,-0.026666666666666616,0.6904761904761905,0.8571428571428571,0.16666666666666663,28,9
79,2.5378155082656626,0.40446004697283516,legacy67,minmax,0.6504761904761904,0.7904761904761903,0.1399999999999999,0.96,0.9333333333333333,-0.026666666666666616,0.6904761904761905,0.8571428571428571,0.16666666666666663,28,9
79,2.692646910086177,0.43017940760575346,legacy67,minmax,0.637142857142857,0.7904761904761903,0.15333333333333332,0.9466666666666667,0.9333333333333333,-0.013333333333333308,0.6904761904761905,0.8571428571428571,0.16666666666666663,29,9
79,2.801635158716258,0.4474115788895179,legacy67,minmax,0.637142857142857,0.7904761904761903,0.15333333333333332,0.9466666666666667,0.9333333333333333,-0.013333333333333308,0.6904761904761905,0.8571428571428571,0.16666666666666663,30,9
79,3.113095956122122,0.4931925073102317,legacy67,minmax,0.6266666666666665,0.7904761904761903,0.16380952380952385,0.96,0.9333333333333333,-0.026666666666666616,0.6666666666666666,0.8571428571428571,0.19047619047619047,30,9
79,3.550012525851159,0.5502298854208525,legacy67,minmax,0.6504761904761904,0.7904761904761903,0.1399999999999999,0.96,0.9333333333333333,-0.026666666666666616,0.6904761904761905,0.8571428571428571,0.16666666666666663,32,9
79,4.467752817973904,0.6500891374159279,legacy67,minmax,0.6504761904761904,0.7904761904761903,0.1399999999999999,0.96,0.9333333333333333,-0.026666666666666616,0.6904761904761905,0.8571428571428571,0.16666666666666663,32,9
79,5.456725485601473,0.7369321060486276,legacy67,minmax,0.6876190476190476,0.7904761904761903,0.10285714285714276,0.9733333333333334,0.9333333333333333,-0.040000000000000036,0.7142857142857143,0.8571428571428571,0.1428571428571428,32,10
79,6.72093005015611,0.8274293753904685,legacy67,minmax,0.6876190476190476,0.7904761904761903,0.10285714285714276,0.9733333333333334,0.9333333333333333,-0.040000000000000036,0.7142857142857143,0.8571428571428571,0.1428571428571428,32,10
79,6.7965780907581514,0.832290311184182,legacy67,minmax,0.6876190476190476,0.7904761904761903,0.10285714285714276,0.9733333333333334,0.9333333333333333,-0.040000000000000036,0.7142857142857143,0.8571428571428571,0.1428571428571428,32,10
79,7.128188058401357,0.85297914889198,legacy67,minmax,0.6876190476190476,0.7904761904761903,0.10285714285714276,0.9733333333333334,0.9333333333333333,-0.040000000000000036,0.7142857142857143,0.8571428571428571,0.1428571428571428,32,10
79,8.241925264876443,0.9160286721639492,legacy67,minmax,0.6876190476190476,0.7904761904761903,0.10285714285714276,0.9733333333333334,0.9333333333333333,-0.040000000000000036,0.7142857142857143,0.8571428571428571,0.1428571428571428,32,30
79,8.287522363768153,0.9184247133522563,legacy67,minmax,0.6876190476190476,0.7904761904761903,0.10285714285714276,0.9733333333333334,0.9333333333333333,-0.040000000000000036,0.7142857142857143,0.8571428571428571,0.1428571428571428,32,30
79,8.471801418819974,0.9279757672456204,legacy67,minmax,0.6876190476190476,0.7904761904761903,0.10285714285714276,0.9733333333333334,0.9333333333333333,-0.040000000000000036,0.7142857142857143,0.8571428571428571,0.1428571428571428,32,30
79,11.044350847124681,1.0431401944675898,legacy67,minmax,0.6876190476190476,0.7904761904761903,0.10285714285714276,0.9733333333333334,0.9333333333333333,-0.040000000000000036,0.7142857142857143,0.8571428571428571,0.1428571428571428,32,30
79,12.130221181165155,1.083868719818244,legacy67,minmax,0.6876190476190476,0.7904761904761903,0.10285714285714276,0.9733333333333334,0.9333333333333333,-0.040000000000000036,0.7142857142857143,0.8571428571428571,0.1428571428571428,33,30
79,12.164139351417056,1.085081386743783,legacy67,minmax,0.6876190476190476,0.7904761904761903,0.10285714285714276,0.9733333333333334,0.9333333333333333,-0.040000000000000036,0.7142857142857143,0.8571428571428571,0.1428571428571428,33,30
79,12.273800987852958,1.0889790771866297,legacy67,minmax,0.6876190476190476,0.7904761904761903,0.10285714285714276,0.9733333333333334,0.9333333333333333,-0.040000000000000036,0.7142857142857143,0.8571428571428571,0.1428571428571428,33,30
79,12.604664585649452,1.1005312934444582,legacy67,minmax,0.6876190476190476,0.7904761904761903,0.10285714285714276,0.9733333333333334,0.9333333333333333,-0.040000000000000036,0.7142857142857143,0.8571428571428571,0.1428571428571428,33,30
79,13.826232179369853,1.1407038455720544,legacy67,minmax,0.6876190476190476,0.7904761904761903,0.10285714285714276,0.9733333333333334,0.9333333333333333,-0.040000000000000036,0.7142857142857143,0.8571428571428571,0.1428571428571428,33,30
79,16.172900811143133,1.2087879230161587,legacy67,minmax,0.6876190476190476,0.7904761904761903,0.10285714285714276,0.9733333333333334,0.9333333333333333,-0.040000000000000036,0.7142857142857143,0.8571428571428571,0.1428571428571428,33,30
79,17.123375973163967,1.2335893924658445,legacy67,minmax,0.6876190476190476,0.7904761904761903,0.10285714285714276,0.9733333333333334,0.9333333333333333,-0.040000000000000036,0.7142857142857143,0.8571428571428571,0.1428571428571428,33,30
79,18.274508859816006,1.2618457138193366,legacy67,minmax,0.6876190476190476,0.7904761904761903,0.10285714285714276,0.9733333333333334,0.9333333333333333,-0.040000000000000036,0.7142857142857143,0.8571428571428571,0.1428571428571428,33,30
79,20.65142557895924,1.3149500366077174,legacy67,minmax,0.6876190476190476,0.7904761904761903,0.10285714285714276,0.9733333333333334,0.9333333333333333,-0.040000000000000036,0.7142857142857143,0.8571428571428571,0.1428571428571428,33,30
79,21.36832907235874,1.329770563201687,legacy67,minmax,0.6876190476190476,0.7904761904761903,0.10285714285714276,0.9733333333333334,0.9333333333333333,-0.040000000000000036,0.7142857142857143,0.8571428571428571,0.1428571428571428,33,30
79,28.340904295147727,1.452413703502374,legacy67,minmax,0.6876190476190476,0.7904761904761903,0.10285714285714276,0.9733333333333334,0.9333333333333333,-0.040000000000000036,0.7142857142857143,0.8571428571428571,0.1428571428571428,33,30
79,29.154431891537524,1.4647045830997407,legacy67,minmax,0.6876190476190476,0.7904761904761903,0.10285714285714276,0.9733333333333334,0.9333333333333333,-0.040000000000000036,0.7142857142857143,0.8571428571428571,0.1428571428571428,33,30
79,35.387588647792384,1.5488509703053062,legacy67,minmax,0.6876190476190476,0.7904761904761903,0.10285714285714276,0.9733333333333334,0.9333333333333333,-0.040000000000000036,0.7142857142857143,0.8571428571428571,0.1428571428571428,33,30
79,37.95853142670639,1.5793094017105953,legacy67,minmax,0.6876190476190476,0.7904761904761903,0.10285714285714276,0.9733333333333334,0.9333333333333333,-0.040000000000000036,0.7142857142857143,0.8571428571428571,0.1428571428571428,33,30
79,43.37920697490936,1.6372816083151283,legacy67,minmax,0.6876190476190476,0.7904761904761903,0.10285714285714276,0.9733333333333334,0.9333333333333333,-0.040000000000000036,0.7142857142857143,0.8571428571428571,0.1428571428571428,33,30
79,48.69640941520897,1.6874969400924673,legacy67,minmax,0.6876190476190476,0.7904761904761903,0.10285714285714276,0.9733333333333334,0.9333333333333333,-0.040000000000000036,0.7142857142857143,0.8571428571428571,0.1428571428571428,33,31
79,57.279044707996185,1.7579957662567565,legacy67,minmax,0.6876190476190476,0.7904761904761903,0.10285714285714276,0.9733333333333334,0.9333333333333333,-0.040000000000000036,0.7142857142857143,0.8571428571428571,0.1428571428571428,33,31
79,62.45139574743064,1.795542149013333,legacy67,minmax,0.6876190476190476,0.7904761904761903,0.10285714285714276,0.9733333333333334,0.9333333333333333,-0.040000000000000036,0.7142857142857143,0.8571428571428571,0.1428571428571428,33,31
79,63.512210106406926,1.8028572256396647,legacy67,minmax,0.6876190476190476,0.7904761904761903,0.10285714285714276,0.9733333333333334,0.9333333333333333,-0.040000000000000036,0.7142857142857143,0.8571428571428571,0.1428571428571428,33,31
79,72.86653737491037,1.8625281322982374,legacy67,minmax,0.6876190476190476,0.7904761904761903,0.10285714285714276,0.9733333333333334,0.9333333333333333,-0.040000000000000036,0.7142857142857143,0.8571428571428571,0.1428571428571428,33,31
79,75.56810141274423,1.8783385110582342,legacy67,minmax,0.6876190476190476,0.7904761904761903,0.10285714285714276,0.9733333333333334,0.9333333333333333,-0.040000000000000036,0.7142857142857143,0.8571428571428571,0.1428571428571428,33,31
79,75.79479953347995,1.8796394086479773,legacy67,minmax,0.6876190476190476,0.7904761904761903,0.10285714285714276,0.9733333333333334,0.9333333333333333,-0.040000000000000036,0.7142857142857143,0.8571428571428571,0.1428571428571428,33,31
79,88.62326508576248,1.9475477464020692,legacy67,minmax,0.6876190476190476,0.7904761904761903,0.10285714285714276,0.9733333333333334,0.9333333333333333,-0.040000000000000036,0.7142857142857143,0.8571428571428571,0.1428571428571428,33,31
80,0.010521761868451128,-1.9779115315055904,legacy67,minmax,0.0,0.0,0.0,1.0,1.0,0.0,0.0,0.0,0.0,0,0
80,0.012087541473056955,-1.9176620228167902,legacy67,minmax,0.0,0.0,0.0,1.0,1.0,0.0,0.0,0.0,0.0,0,0
80,0.01263794633808287,-1.8983234930236192,legacy67,minmax,0.0,0.0,0.0,1.0,1.0,0.0,0.0,0.0,0.0,0,0
80,0.013726318898045865,-1.8624459155391264,legacy67,minmax,0.0,0.0,0.0,1.0,1.0,0.0,0.0,0.0,0.0,0,0
80,0.0151673306880762,-1.8190908443578477,legacy67,minmax,0.0,0.0,0.0,1.0,1.0,0.0,0.0,0.0,0.0,0,0
80,0.015339162591163618,-1.814198349120009,legacy67,minmax,0.0,0.0,0.0,1.0,1.0,0.0,0.0,0.0,0.0,0,0
80,0.017073967431528118,-1.7676655513272022,legacy67,minmax,0.0,0.0,0.0,1.0,1.0,0.0,0.0,0.0,0.0,0,0
80,0.017956984225677628,-1.7457665988559055,legacy67,minmax,0.0,0.0,0.0,1.0,1.0,0.0,0.0,0.0,0.0,1,0
80,0.018205657658407252,-1.739793628058882,legacy67,minmax,0.0,0.0,0.0,1.0,1.0,0.0,0.0,0.0,0.0,1,1
80,0.019777828512462715,-1.7038213930636386,legacy67,minmax,0.0,0.0,0.0,1.0,1.0,0.0,0.0,0.0,0.0,3,1
80,0.01987021538542862,-1.7017974252809167,legacy67,minmax,0.0,0.0,0.0,1.0,1.0,0.0,0.0,0.0,0.0,3,1
80,0.022592797420156945,-1.646029991792322,legacy67,minmax,0.19047619047619047,0.0,-0.19047619047619047,1.0,1.0,0.0,0.19047619047619047,0.0,-0.19047619047619047,3,1
80,0.024586032763280048,-1.6093115439744645,legacy67,minmax,0.23809523809523814,0.558095238095238,0.31999999999999984,1.0,0.9866666666666667,-0.013333333333333308,0.23809523809523808,0.5714285714285714,0.3333333333333333,3,2
80,0.027012557725439066,-1.5684342920267822,legacy67,minmax,0.2857142857142856,0.558095238095238,0.2723809523809524,1.0,0.9866666666666667,-0.013333333333333308,0.2857142857142857,0.5714285714285714,0.2857142857142857,3,2
80,0.029072088906598435,-1.5365237618994811,legacy67,minmax,0.30952380952380953,0.558095238095238,0.24857142857142844,1.0,0.9866666666666667,-0.013333333333333308,0.30952380952380953,0.5714285714285714,0.26190476190476186,3,2
80,0.030086868214458433,-1.5216230162467932,legacy67,minmax,0.30952380952380953,0.558095238095238,0.24857142857142844,1.0,0.9866666666666667,-0.013333333333333308,0.30952380952380953,0.5714285714285714,0.26190476190476186,3,2
80,0.030771802712506853,-1.5118470606208847,legacy67,minmax,0.30952380952380953,0.558095238095238,0.24857142857142844,1.0,0.9866666666666667,-0.013333333333333308,0.30952380952380953,0.5714285714285714,0.26190476190476186,3,2
80,0.036138942712165265,-1.4420245573918327,legacy67,minmax,0.4761904761904763,0.558095238095238,0.0819047619047617,1.0,0.9866666666666667,-0.013333333333333308,0.47619047619047616,0.5714285714285714,0.09523809523809523,3,2
80,0.03661819220392428,-1.4363031001009494,legacy67,minmax,0.4761904761904763,0.558095238095238,0.0819047619047617,1.0,0.9866666666666667,-0.013333333333333308,0.47619047619047616,0.5714285714285714,0.09523809523809523,3,2
80,0.04207053950287936,-1.3760219186551894,legacy67,minmax,0.6190476190476191,0.5819047619047619,-0.037142857142857144,1.0,0.9866666666666667,-0.013333333333333308,0.6190476190476191,0.5952380952380952,-0.023809523809523836,3,3
80,0.04207988669606635,-1.375925438230254,legacy67,minmax,0.6190476190476191,0.5819047619047619,-0.037142857142857144,1.0,0.9866666666666667,-0.013333333333333308,0.6190476190476191,0.5952380952380952,-0.023809523809523836,3,3
80,0.04809461967501572,-1.3179035052508339,legacy67,minmax,0.6295238095238096,0.5819047619047619,-0.04761904761904767,0.9866666666666667,0.9866666666666667,0.0,0.6428571428571429,0.5952380952380952,-0.04761904761904767,4,3
80,0.05337032762603955,-1.2727001311715975,legacy67,minmax,0.6533333333333333,0.5819047619047619,-0.0714285714285714,0.9866666666666667,0.9866666666666667,0.0,0.6666666666666666,0.5952380952380952,-0.0714285714285714,4,4
80,0.05415244119402536,-1.2663819605862647,legacy67,minmax,0.6533333333333333,0.5819047619047619,-0.0714285714285714,0.9866666666666667,0.9866666666666667,0.0,0.6666666666666666,0.5952380952380952,-0.0714285714285714,4,4
80,0.05488047000766042,-1.2605821778978918,legacy67,minmax,0.6533333333333333,0.5819047619047619,-0.0714285714285714,0.9866666666666667,0.9866666666666667,0.0,0.6666666666666666,0.5952380952380952,-0.0714285714285714,4,4
80,0.060803901902965994,-1.2160685503234192,legacy67,minmax,0.677142857142857,0.5819047619047619,-0.09523809523809512,0.9866666666666667,0.9866666666666667,0.0,0.6904761904761905,0.5952380952380952,-0.09523809523809523,4,5
80,0.06235377135673155,-1.2051372738633104,legacy67,minmax,0.677142857142857,0.5819047619047619,-0.09523809523809512,0.9866666666666667,0.9866666666666667,0.0,0.6904761904761905,0.5952380952380952,-0.09523809523809523,4,5
80,0.06290644294586147,-1.201304871366561,legacy67,minmax,0.677142857142857,0.5819047619047619,-0.09523809523809512,0.9866666666666667,0.9866666666666667,0.0,0.6904761904761905,0.5952380952380952,-0.09523809523809523,4,5
80,0.07068974950624601,-1.1506435572868954,legacy67,minmax,0.677142857142857,0.7247619047619049,0.047619047619047894,0.9866666666666667,0.9866666666666667,0.0,0.6904761904761905,0.7380952380952381,0.04761904761904767,5,6
80,0.10842262717330158,-0.9648800735999323,legacy67,minmax,0.700952380952381,0.7723809523809524,0.0714285714285714,0.9866666666666667,0.9866666666666667,0.0,0.7142857142857143,0.7857142857142857,0.0714285714285714,8,7
80,0.12172958098369964,-0.9146038729044164,legacy67,minmax,0.6876190476190476,0.7723809523809524,0.08476190476190482,0.9733333333333334,0.9866666666666667,0.013333333333333308,0.7142857142857143,0.7857142857142857,0.0714285714285714,8,7
80,0.1329652145729951,-0.876261961250477,legacy67,minmax,0.6876190476190476,0.7723809523809524,0.08476190476190482,0.9733333333333334,0.9866666666666667,0.013333333333333308,0.7142857142857143,0.7857142857142857,0.0714285714285714,8,7
80,0.14618962793704957,-0.8350834392078323,legacy67,minmax,0.6638095238095238,0.7961904761904761,0.13238095238095227,0.9733333333333334,0.9866666666666667,0.013333333333333308,0.6904761904761905,0.8095238095238095,0.11904761904761907,9,7
80,0.14742753159914665,-0.8314214058591274,legacy67,minmax,0.6638095238095238,0.7961904761904761,0.13238095238095227,0.9733333333333334,0.9866666666666667,0.013333333333333308,0.6904761904761905,0.8095238095238095,0.11904761904761907,9,7
80,0.16480446427978968,-0.7830310281618491,legacy67,minmax,0.6638095238095238,0.7961904761904761,0.13238095238095227,0.9733333333333334,0.9866666666666667,0.013333333333333308,0.6904761904761905,0.8095238095238095,0.11904761904761907,9,8
80,0.16536937182824418,-0.7815449233065173,legacy67,minmax,0.6638095238095238,0.7961904761904761,0.13238095238095227,0.9733333333333334,0.9866666666666667,0.013333333333333308,0.6904761904761905,0.8095238095238095,0.11904761904761907,9,8
80,0.1753594952976441,-0.7560707131373512,legacy67,minmax,0.6638095238095238,0.7961904761904761,0.13238095238095227,0.9733333333333334,0.9866666666666667,0.013333333333333308,0.6904761904761905,0.8095238095238095,0.11904761904761907,12,8
80,0.17654048052495064,-0.7531556956423562,legacy67,minmax,0.6638095238095238,0.7961904761904761,0.13238095238095227,0.9733333333333334,0.9866666666666667,0.013333333333333308,0.6904761904761905,0.8095238095238095,0.11904761904761907,12,8
80,0.1998634077852887,-0.6992667118930118,legacy67,minmax,0.7114285714285715,0.7961904761904761,0.0847619047619046,0.9733333333333334,0.9866666666666667,0.013333333333333308,0.7380952380952381,0.8095238095238095,0.0714285714285714,12,8
80,0.2001342062287997,-0.6986786769469426,legacy67,minmax,0.7114285714285715,0.7961904761904761,0.0847619047619046,0.9733333333333334,0.9866666666666667,0.013333333333333308,0.7380952380952381,0.8095238095238095,0.0714285714285714,12,8
80,0.21066486017042194,-0.6764079005894033,legacy67,minmax,0.7114285714285715,0.7961904761904761,0.0847619047619046,0.9733333333333334,0.9866666666666667,0.013333333333333308,0.7380952380952381,0.8095238095238095,0.0714285714285714,13,8
80,0.2673088310781669,-0.5729866932256429,legacy67,minmax,0.7114285714285715,0.8200000000000001,0.10857142857142854,0.9733333333333334,0.9866666666666667,0.013333333333333308,0.7380952380952381,0.8333333333333334,0.09523809523809523,15,8
80,0.2715581955282939,-0.5661370858229096,legacy67,minmax,0.6876190476190476,0.8200000000000001,0.1323809523809525,0.9733333333333334,0.9866666666666667,0.013333333333333308,0.7142857142857143,0.8333333333333334,0.11904761904761907,15,8
80,0.292043384718141,-0.5345526268252332,legacy67,minmax,0.6876190476190476,0.8200000000000001,0.1323809523809525,0.9733333333333334,0.9866666666666667,0.013333333333333308,0.7142857142857143,0.8333333333333334,0.11904761904761907,16,8
80,0.314891164795686,-0.50183952461055,legacy67,minmax,0.6876190476190476,0.8200000000000001,0.1323809523809525,0.9733333333333334,0.9866666666666667,0.013333333333333308,0.7142857142857143,0.8333333333333334,0.11904761904761907,16,8
80,0.35868164986275475,-0.44529084124207197,legacy67,minmax,0.6876190476190476,0.8200000000000001,0.1323809523809525,0.9733333333333334,0.9866666666666667,0.013333333333333308,0.7142857142857143,0.8333333333333334,0.11904761904761907,17,8
80,0.5130551760589832,-0.2898359265658015,legacy67,minmax,0.677142857142857,0.8200000000000001,0.14285714285714302,0.9866666666666667,0.9866666666666667,0.0,0.6904761904761905,0.8333333333333334,0.1428571428571429,18,9
80,0.5342937261279772,-0.27221992543153695,legacy67,minmax,0.677142857142857,0.8200000000000001,0.14285714285714302,0.9866666666666667,0.9866666666666667,0.0,0.6904761904761905,0.8333333333333334,0.1428571428571429,18,9
80,0.5762487216478598,-0.23939002504159476,legacy67,minmax,0.677142857142857,0.8200000000000001,0.14285714285714302,0.9866666666666667,0.9866666666666667,0.0,0.6904761904761905,0.8333333333333334,0.1428571428571429,20,9
80,0.6672367170464204,-0.17572006313185626,legacy67,minmax,0.677142857142857,0.8200000000000001,0.14285714285714302,0.9866666666666667,0.9866666666666667,0.0,0.6904761904761905,0.8333333333333334,0.1428571428571429,20,9
80,0.7742116473996242,-0.1111402993522028,legacy67,minmax,0.700952380952381,0.8200000000000001,0.11904761904761907,0.9866666666666667,0.9866666666666667,0.0,0.7142857142857143,0.8333333333333334,0.11904761904761907,20,9
80,0.9444574254983555,-0.02481761454243703,legacy67,minmax,0.700952380952381,0.8438095238095238,0.1428571428571428,0.9866666666666667,0.9866666666666667,0.0,0.7142857142857143,0.8571428571428571,0.1428571428571428,20,9
80,0.9565499215943818,-0.019292359554919238,legacy67,minmax,0.700952380952381,0.8438095238095238,0.1428571428571428,0.9866666666666667,0.9866666666666667,0.0,0.7142857142857143,0.8571428571428571,0.1428571428571428,20,9
80,1.1400863701127315,0.0569377536544464,legacy67,minmax,0.6876190476190476,0.8676190476190477,0.18000000000000016,0.9733333333333334,0.9866666666666667,0.013333333333333308,0.7142857142857143,0.8809523809523809,0.16666666666666663,24,9
80,1.2030178871154662,0.08027208471124325,legacy67,minmax,0.6876190476190476,0.8676190476190477,0.18000000000000016,0.9733333333333334,0.9866666666666667,0.013333333333333308,0.7142857142857143,0.8809523809523809,0.16666666666666663,25,9
80,1.2329098365270508,0.0909313175279762,legacy67,minmax,0.7114285714285715,0.8676190476190477,0.1561904761904762,0.9733333333333334,0.9866666666666667,0.013333333333333308,0.7380952380952381,0.8809523809523809,0.1428571428571428,25,9
80,1.2561043700013554,0.09902572652895136,legacy67,minmax,0.7114285714285715,0.8676190476190477,0.1561904761904762,0.9733333333333334,0.9866666666666667,0.013333333333333308,0.7380952380952381,0.8809523809523809,0.1428571428571428,26,9
80,1.4817820606039076,0.17078433263299386,legacy67,minmax,0.7114285714285715,0.8676190476190477,0.1561904761904762,0.9733333333333334,0.9866666666666667,0.013333333333333308,0.7380952380952381,0.8809523809523809,0.1428571428571428,27,9
80,1.5375920235481748,0.1868411173731186,legacy67,minmax,0.7114285714285715,0.8676190476190477,0.1561904761904762,0.9733333333333334,0.9866666666666667,0.013333333333333308,0.7380952380952381,0.8809523809523809,0.1428571428571428,28,9
80,1.7583640270008503,0.24510879027798493,legacy67,minmax,0.7114285714285715,0.8676190476190477,0.1561904761904762,0.9733333333333334,0.9866666666666667,0.013333333333333308,0.7380952380952381,0.8809523809523809,0.1428571428571428,30,9
80,2.34238498471129,0.36965827544816987,legacy67,minmax,0.7485714285714287,0.8676190476190477,0.11904761904761907,0.9866666666666667,0.9866666666666667,0.0,0.7619047619047619,0.8809523809523809,0.11904761904761907,30,9
80,2.4637685958997446,0.39159991524434057,legacy67,minmax,0.7485714285714287,0.8676190476190477,0.11904761904761907,0.9866666666666667,0.9866666666666667,0.0,0.7619047619047619,0.8809523809523809,0.11904761904761907,31,9
80,2.4810409748678097,0.3946339367881464,legacy67,minmax,0.7485714285714287,0.8676190476190477,0.11904761904761907,0.9866666666666667,0.9866666666666667,0.0,0.7619047619047619,0.8809523809523809,0.11904761904761907,31,9
80,2.5378155082656626,0.40446004697283516,legacy67,minmax,0.7485714285714287,0.8676190476190477,0.11904761904761907,0.9866666666666667,0.9866666666666667,0.0,0.7619047619047619,0.8809523809523809,0.11904761904761907,31,9
80,2.692646910086177,0.43017940760575346,legacy67,minmax,0.7485714285714287,0.8676190476190477,0.11904761904761907,0.9866666666666667,0.9866666666666667,0.0,0.7619047619047619,0.8809523809523809,0.11904761904761907,31,9
80,2.801635158716258,0.4474115788895179,legacy67,minmax,0.7485714285714287,0.8676190476190477,0.11904761904761907,0.9866666666666667,0.9866666666666667,0.0,0.7619047619047619,0.8809523809523809,0.11904761904761907,31,9
80,3.113095956122122,0.4931925073102317,legacy67,minmax,0.7723809523809524,0.8676190476190477,0.09523809523809534,0.9866666666666667,0.9866666666666667,0.0,0.7857142857142857,0.8809523809523809,0.09523809523809523,30,9
80,3.550012525851159,0.5502298854208525,legacy67,minmax,0.7723809523809524,0.8676190476190477,0.09523809523809534,0.9866666666666667,0.9866666666666667,0.0,0.7857142857142857,0.8809523809523809,0.09523809523809523,30,9
80,4.467752817973904,0.6500891374159279,legacy67,minmax,0.7723809523809524,0.8676190476190477,0.09523809523809534,0.9866666666666667,0.9866666666666667,0.0,0.7857142857142857,0.8809523809523809,0.09523809523809523,31,9
80,5.456725485601473,0.7369321060486276,legacy67,minmax,0.7723809523809524,0.8676190476190477,0.09523809523809534,0.9866666666666667,0.9866666666666667,0.0,0.7857142857142857,0.8809523809523809,0.09523809523809523,29,9
80,6.72093005015611,0.8274293753904685,legacy67,minmax,0.7723809523809524,0.8676190476190477,0.09523809523809534,0.9866666666666667,0.9866666666666667,0.0,0.7857142857142857,0.8809523809523809,0.09523809523809523,29,9
80,6.7965780907581514,0.832290311184182,legacy67,minmax,0.7723809523809524,0.8676190476190477,0.09523809523809534,0.9866666666666667,0.9866666666666667,0.0,0.7857142857142857,0.8809523809523809,0.09523809523809523,29,9
80,7.128188058401357,0.85297914889198,legacy67,minmax,0.7723809523809524,0.8676190476190477,0.09523809523809534,0.9866666666666667,0.9866666666666667,0.0,0.7857142857142857,0.8809523809523809,0.09523809523809523,29,30
80,8.241925264876443,0.9160286721639492,legacy67,minmax,0.7961904761904761,0.8676190476190477,0.07142857142857162,0.9866666666666667,0.9866666666666667,0.0,0.8095238095238095,0.8809523809523809,0.0714285714285714,30,30
80,8.287522363768153,0.9184247133522563,legacy67,minmax,0.7961904761904761,0.8676190476190477,0.07142857142857162,0.9866666666666667,0.9866666666666667,0.0,0.8095238095238095,0.8809523809523809,0.0714285714285714,30,30
80,8.471801418819974,0.9279757672456204,legacy67,minmax,0.7961904761904761,0.8676190476190477,0.07142857142857162,0.9866666666666667,0.9866666666666667,0.0,0.8095238095238095,0.8809523809523809,0.0714285714285714,30,30
80,11.044350847124681,1.0431401944675898,legacy67,minmax,0.8200000000000001,0.8676190476190477,0.04761904761904767,0.9866666666666667,0.9866666666666667,0.0,0.8333333333333334,0.8809523809523809,0.04761904761904756,31,30
80,12.130221181165155,1.083868719818244,legacy67,minmax,0.8200000000000001,0.8676190476190477,0.04761904761904767,0.9866666666666667,0.9866666666666667,0.0,0.8333333333333334,0.8809523809523809,0.04761904761904756,32,30
80,12.164139351417056,1.085081386743783,legacy67,minmax,0.8200000000000001,0.8676190476190477,0.04761904761904767,0.9866666666666667,0.9866666666666667,0.0,0.8333333333333334,0.8809523809523809,0.04761904761904756,32,30
80,12.273800987852958,1.0889790771866297,legacy67,minmax,0.8200000000000001,0.8676190476190477,0.04761904761904767,0.9866666666666667,0.9866666666666667,0.0,0.8333333333333334,0.8809523809523809,0.04761904761904756,32,30
80,12.604664585649452,1.1005312934444582,legacy67,minmax,0.8200000000000001,0.8676190476190477,0.04761904761904767,0.9866666666666667,0.9866666666666667,0.0,0.8333333333333334,0.8809523809523809,0.04761904761904756,32,30
80,13.826232179369853,1.1407038455720544,legacy67,minmax,0.8200000000000001,0.8676190476190477,0.04761904761904767,0.9866666666666667,0.9866666666666667,0.0,0.8333333333333334,0.8809523809523809,0.04761904761904756,32,30
80,16.172900811143133,1.2087879230161587,legacy67,minmax,0.8200000000000001,0.8676190476190477,0.04761904761904767,0.9866666666666667,0.9866666666666667,0.0,0.8333333333333334,0.8809523809523809,0.04761904761904756,32,30
80,17.123375973163967,1.2335893924658445,legacy67,minmax,0.8200000000000001,0.8676190476190477,0.04761904761904767,0.9866666666666667,0.9866666666666667,0.0,0.8333333333333334,0.8809523809523809,0.04761904761904756,32,30
80,18.274508859816006,1.2618457138193366,legacy67,minmax,0.8200000000000001,0.8676190476190477,0.04761904761904767,0.9866666666666667,0.9866666666666667,0.0,0.8333333333333334,0.8809523809523809,0.04761904761904756,32,30
80,20.65142557895924,1.3149500366077174,legacy67,minmax,0.8200000000000001,0.8676190476190477,0.04761904761904767,0.9866666666666667,0.9866666666666667,0.0,0.8333333333333334,0.8809523809523809,0.04761904761904756,32,30
80,21.36832907235874,1.329770563201687,legacy67,minmax,0.8200000000000001,0.8676190476190477,0.04761904761904767,0.9866666666666667,0.9866666666666667,0.0,0.8333333333333334,0.8809523809523809,0.04761904761904756,32,30
80,28.340904295147727,1.452413703502374,legacy67,minmax,0.8200000000000001,0.8676190476190477,0.04761904761904767,0.9866666666666667,0.9866666666666667,0.0,0.8333333333333334,0.8809523809523809,0.04761904761904756,32,30
80,29.154431891537524,1.4647045830997407,legacy67,minmax,0.8200000000000001,0.8676190476190477,0.04761904761904767,0.9866666666666667,0.9866666666666667,0.0,0.8333333333333334,0.8809523809523809,0.04761904761904756,32,30
80,35.387588647792384,1.5488509703053062,legacy67,minmax,0.8200000000000001,0.8676190476190477,0.04761904761904767,0.9866666666666667,0.9866666666666667,0.0,0.8333333333333334,0.8809523809523809,0.04761904761904756,32,30
80,37.95853142670639,1.5793094017105953,legacy67,minmax,0.8200000000000001,0.8676190476190477,0.04761904761904767,0.9866666666666667,0.9866666666666667,0.0,0.8333333333333334,0.8809523809523809,0.04761904761904756,32,30
80,43.37920697490936,1.6372816083151283,legacy67,minmax,0.8200000000000001,0.8676190476190477,0.04761904761904767,0.9866666666666667,0.9866666666666667,0.0,0.8333333333333334,0.8809523809523809,0.04761904761904756,33,30
80,48.69640941520897,1.6874969400924673,legacy67,minmax,0.8200000000000001,0.8676190476190477,0.04761904761904767,0.9866666666666667,0.9866666666666667,0.0,0.8333333333333334,0.8809523809523809,0.04761904761904756,33,31
80,57.279044707996185,1.7579957662567565,legacy67,minmax,0.8200000000000001,0.8676190476190477,0.04761904761904767,0.9866666666666667,0.9866666666666667,0.0,0.8333333333333334,0.8809523809523809,0.04761904761904756,33,31
80,62.45139574743064,1.795542149013333,legacy67,minmax,0.8200000000000001,0.8676190476190477,0.04761904761904767,0.9866666666666667,0.9866666666666667,0.0,0.8333333333333334,0.8809523809523809,0.04761904761904756,33,31
80,63.512210106406926,1.8028572256396647,legacy67,minmax,0.8200000000000001,0.8676190476190477,0.04761904761904767,0.9866666666666667,0.9866666666666667,0.0,0.8333333333333334,0.8809523809523809,0.04761904761904756,33,31
80,72.86653737491037,1.8625281322982374,legacy67,minmax,0.8066666666666666,0.8676190476190477,0.06095238095238109,0.9733333333333334,0.9866666666666667,0.013333333333333308,0.8333333333333334,0.8809523809523809,0.04761904761904756,33,32
80,75.56810141274423,1.8783385110582342,legacy67,minmax,0.8066666666666666,0.8676190476190477,0.06095238095238109,0.9733333333333334,0.9866666666666667,0.013333333333333308,0.8333333333333334,0.8809523809523809,0.04761904761904756,33,32
80,75.79479953347995,1.8796394086479773,legacy67,minmax,0.8066666666666666,0.8676190476190477,0.06095238095238109,0.9733333333333334,0.9866666666666667,0.013333333333333308,0.8333333333333334,0.8809523809523809,0.04761904761904756,33,32
80,88.62326508576248,1.9475477464020692,legacy67,minmax,0.8066666666666666,0.8676190476190477,0.06095238095238109,0.9733333333333334,0.9866666666666667,0.013333333333333308,0.8333333333333334,0.8809523809523809,0.04761904761904756,33,32
81,0.010521761868451128,-1.9779115315055904,legacy67,minmax,0.0,0.0,0.0,1.0,1.0,0.0,0.0,0.0,0.0,0,0
81,0.012087541473056955,-1.9176620228167902,legacy67,minmax,0.0,0.0,0.0,1.0,1.0,0.0,0.0,0.0,0.0,0,0
81,0.01263794633808287,-1.8983234930236192,legacy67,minmax,0.0,0.0,0.0,1.0,1.0,0.0,0.0,0.0,0.0,0,0
81,0.013726318898045865,-1.8624459155391264,legacy67,minmax,0.0,0.0,0.0,1.0,1.0,0.0,0.0,0.0,0.0,0,0
81,0.0151673306880762,-1.8190908443578477,legacy67,minmax,0.0,0.0,0.0,1.0,1.0,0.0,0.0,0.0,0.0,0,0
81,0.015339162591163618,-1.814198349120009,legacy67,minmax,0.0,0.0,0.0,1.0,1.0,0.0,0.0,0.0,0.0,0,0
81,0.017073967431528118,-1.7676655513272022,legacy67,minmax,0.0,0.0,0.0,1.0,1.0,0.0,0.0,0.0,0.0,0,1
81,0.017956984225677628,-1.7457665988559055,legacy67,minmax,0.0,0.0,0.0,1.0,1.0,0.0,0.0,0.0,0.0,2,1
81,0.018205657658407252,-1.739793628058882,legacy67,minmax,0.0,0.0,0.0,1.0,1.0,0.0,0.0,0.0,0.0,2,1
81,0.019777828512462715,-1.7038213930636386,legacy67,minmax,0.0,0.0,0.0,1.0,1.0,0.0,0.0,0.0,0.0,2,1
81,0.01987021538542862,-1.7017974252809167,legacy67,minmax,0.0,0.0,0.0,1.0,1.0,0.0,0.0,0.0,0.0,2,1
81,0.022592797420156945,-1.646029991792322,legacy67,minmax,0.1428571428571428,0.4866666666666668,0.343809523809524,1.0,0.9866666666666667,-0.013333333333333308,0.14285714285714285,0.5,0.35714285714285715,3,1
81,0.024586032763280048,-1.6093115439744645,legacy67,minmax,0.2142857142857142,0.4866666666666668,0.2723809523809526,1.0,0.9866666666666667,-0.013333333333333308,0.21428571428571427,0.5,0.2857142857142857,3,1
81,0.027012557725439066,-1.5684342920267822,legacy67,minmax,0.2857142857142856,0.4866666666666668,0.20095238095238122,1.0,0.9866666666666667,-0.013333333333333308,0.2857142857142857,0.5,0.2142857142857143,3,2
81,0.029072088906598435,-1.5365237618994811,legacy67,minmax,0.2857142857142856,0.4866666666666668,0.20095238095238122,1.0,0.9866666666666667,-0.013333333333333308,0.2857142857142857,0.5,0.2142857142857143,3,2
81,0.030086868214458433,-1.5216230162467932,legacy67,minmax,0.2857142857142856,0.4866666666666668,0.20095238095238122,1.0,0.9866666666666667,-0.013333333333333308,0.2857142857142857,0.5,0.2142857142857143,4,2
81,0.030771802712506853,-1.5118470606208847,legacy67,minmax,0.3571428571428572,0.4866666666666668,0.1295238095238096,1.0,0.9866666666666667,-0.013333333333333308,0.35714285714285715,0.5,0.14285714285714285,4,2
81,0.036138942712165265,-1.4420245573918327,legacy67,minmax,0.4285714285714286,0.4866666666666668,0.0580952380952382,1.0,0.9866666666666667,-0.013333333333333308,0.42857142857142855,0.5,0.07142857142857145,4,3
81,0.03661819220392428,-1.4363031001009494,legacy67,minmax,0.4285714285714286,0.4866666666666668,0.0580952380952382,1.0,0.9866666666666667,-0.013333333333333308,0.42857142857142855,0.5,0.07142857142857145,4,3
81,0.04207053950287936,-1.3760219186551894,legacy67,minmax,0.5238095238095237,0.5104761904761905,-0.013333333333333197,1.0,0.9866666666666667,-0.013333333333333308,0.5238095238095238,0.5238095238095238,0.0,4,4
81,0.04207988669606635,-1.375925438230254,legacy67,minmax,0.5238095238095237,0.5104761904761905,-0.013333333333333197,1.0,0.9866666666666667,-0.013333333333333308,0.5238095238095238,0.5238095238095238,0.0,4,4
81,0.04809461967501572,-1.3179035052508339,legacy67,minmax,0.558095238095238,0.558095238095238,0.0,0.9866666666666667,0.9866666666666667,0.0,0.5714285714285714,0.5714285714285714,0.0,4,4
81,0.05337032762603955,-1.2727001311715975,legacy67,minmax,0.5819047619047619,0.6057142857142859,0.023809523809523947,0.9866666666666667,0.9866666666666667,0.0,0.5952380952380952,0.6190476190476191,0.023809523809523836,4,4
81,0.05415244119402536,-1.2663819605862647,legacy67,minmax,0.5819047619047619,0.6057142857142859,0.023809523809523947,0.9866666666666667,0.9866666666666667,0.0,0.5952380952380952,0.6190476190476191,0.023809523809523836,4,4
81,0.05488047000766042,-1.2605821778978918,legacy67,minmax,0.5819047619047619,0.6057142857142859,0.023809523809523947,0.9866666666666667,0.9866666666666667,0.0,0.5952380952380952,0.6190476190476191,0.023809523809523836,4,4
81,0.060803901902965994,-1.2160685503234192,legacy67,minmax,0.5819047619047619,0.6057142857142859,0.023809523809523947,0.9866666666666667,0.9866666666666667,0.0,0.5952380952380952,0.6190476190476191,0.023809523809523836,6,4
81,0.06235377135673155,-1.2051372738633104,legacy67,minmax,0.5819047619047619,0.6057142857142859,0.023809523809523947,0.9866666666666667,0.9866666666666667,0.0,0.5952380952380952,0.6190476190476191,0.023809523809523836,6,4
81,0.06290644294586147,-1.201304871366561,legacy67,minmax,0.5819047619047619,0.6057142857142859,0.023809523809523947,0.9866666666666667,0.9866666666666667,0.0,0.5952380952380952,0.6190476190476191,0.023809523809523836,6,4
81,0.07068974950624601,-1.1506435572868954,legacy67,minmax,0.5819047619047619,0.6057142857142859,0.023809523809523947,0.9866666666666667,0.9866666666666667,0.0,0.5952380952380952,0.6190476190476191,0.023809523809523836,6,5
81,0.10842262717330158,-0.9648800735999323,legacy67,minmax,0.6295238095238096,0.7247619047619049,0.09523809523809534,0.9866666666666667,0.9866666666666667,0.0,0.6428571428571429,0.7380952380952381,0.09523809523809523,10,6
81,0.12172958098369964,-0.9146038729044164,legacy67,minmax,0.6295238095238096,0.7457142857142856,0.11619047619047596,0.9866666666666667,0.96,-0.026666666666666727,0.6428571428571429,0.7857142857142857,0.1428571428571428,10,7
81,0.1329652145729951,-0.876261961250477,legacy67,minmax,0.6295238095238096,0.7457142857142856,0.11619047619047596,0.9866666666666667,0.96,-0.026666666666666727,0.6428571428571429,0.7857142857142857,0.1428571428571428,10,8
81,0.14618962793704957,-0.8350834392078323,legacy67,minmax,0.6295238095238096,0.7457142857142856,0.11619047619047596,0.9866666666666667,0.96,-0.026666666666666727,0.6428571428571429,0.7857142857142857,0.1428571428571428,11,8
81,0.14742753159914665,-0.8314214058591274,legacy67,minmax,0.6295238095238096,0.7457142857142856,0.11619047619047596,0.9866666666666667,0.96,-0.026666666666666727,0.6428571428571429,0.7857142857142857,0.1428571428571428,12,8
81,0.16480446427978968,-0.7830310281618491,legacy67,minmax,0.6057142857142859,0.7247619047619049,0.11904761904761907,0.9866666666666667,0.9866666666666667,0.0,0.6190476190476191,0.7380952380952381,0.11904761904761907,15,8
81,0.16536937182824418,-0.7815449233065173,legacy67,minmax,0.6057142857142859,0.7247619047619049,0.11904761904761907,0.9866666666666667,0.9866666666666667,0.0,0.6190476190476191,0.7380952380952381,0.11904761904761907,15,8
81,0.1753594952976441,-0.7560707131373512,legacy67,minmax,0.6057142857142859,0.7247619047619049,0.11904761904761907,0.9866666666666667,0.9866666666666667,0.0,0.6190476190476191,0.7380952380952381,0.11904761904761907,16,8
81,0.17654048052495064,-0.7531556956423562,legacy67,minmax,0.6057142857142859,0.7247619047619049,0.11904761904761907,0.9866666666666667,0.9866666666666667,0.0,0.6190476190476191,0.7380952380952381,0.11904761904761907,16,8
81,0.1998634077852887,-0.6992667118930118,legacy67,minmax,0.6533333333333333,0.7247619047619049,0.07142857142857162,0.9866666666666667,0.9866666666666667,0.0,0.6666666666666666,0.7380952380952381,0.07142857142857151,17,8
81,0.2001342062287997,-0.6986786769469426,legacy67,minmax,0.6533333333333333,0.7247619047619049,0.07142857142857162,0.9866666666666667,0.9866666666666667,0.0,0.6666666666666666,0.7380952380952381,0.07142857142857151,17,8
81,0.21066486017042194,-0.6764079005894033,legacy67,minmax,0.6533333333333333,0.7247619047619049,0.07142857142857162,0.9866666666666667,0.9866666666666667,0.0,0.6666666666666666,0.7380952380952381,0.07142857142857151,17,8
81,0.2673088310781669,-0.5729866932256429,legacy67,minmax,0.6400000000000001,0.7457142857142856,0.10571428571428543,0.9733333333333334,0.96,-0.01333333333333342,0.6666666666666666,0.7857142857142857,0.11904761904761907,19,8
81,0.2715581955282939,-0.5661370858229096,legacy67,minmax,0.6400000000000001,0.7457142857142856,0.10571428571428543,0.9733333333333334,0.96,-0.01333333333333342,0.6666666666666666,0.7857142857142857,0.11904761904761907,19,8
81,0.292043384718141,-0.5345526268252332,legacy67,minmax,0.6400000000000001,0.7457142857142856,0.10571428571428543,0.9733333333333334,0.96,-0.01333333333333342,0.6666666666666666,0.7857142857142857,0.11904761904761907,19,8
81,0.314891164795686,-0.50183952461055,legacy67,minmax,0.6400000000000001,0.7457142857142856,0.10571428571428543,0.9733333333333334,0.96,-0.01333333333333342,0.6666666666666666,0.7857142857142857,0.11904761904761907,20,8
81,0.35868164986275475,-0.44529084124207197,legacy67,minmax,0.6638095238095238,0.7695238095238095,0.10571428571428565,0.9733333333333334,0.96,-0.01333333333333342,0.6904761904761905,0.8095238095238095,0.11904761904761907,19,9
81,0.5130551760589832,-0.2898359265658015,legacy67,minmax,0.6638095238095238,0.7695238095238095,0.10571428571428565,0.9733333333333334,0.96,-0.01333333333333342,0.6904761904761905,0.8095238095238095,0.11904761904761907,19,9
81,0.5342937261279772,-0.27221992543153695,legacy67,minmax,0.6638095238095238,0.7695238095238095,0.10571428571428565,0.9733333333333334,0.96,-0.01333333333333342,0.6904761904761905,0.8095238095238095,0.11904761904761907,19,9
81,0.5762487216478598,-0.23939002504159476,legacy67,minmax,0.6638095238095238,0.7695238095238095,0.10571428571428565,0.9733333333333334,0.96,-0.01333333333333342,0.6904761904761905,0.8095238095238095,0.11904761904761907,18,9
81,0.6672367170464204,-0.17572006313185626,legacy67,minmax,0.6876190476190476,0.7695238095238095,0.08190476190476192,0.9733333333333334,0.96,-0.01333333333333342,0.7142857142857143,0.8095238095238095,0.09523809523809523,18,8
81,0.7742116473996242,-0.1111402993522028,legacy67,minmax,0.6876190476190476,0.7695238095238095,0.08190476190476192,0.9733333333333334,0.96,-0.01333333333333342,0.7142857142857143,0.8095238095238095,0.09523809523809523,21,8
81,0.9444574254983555,-0.02481761454243703,legacy67,minmax,0.7352380952380952,0.7695238095238095,0.03428571428571425,0.9733333333333334,0.96,-0.01333333333333342,0.7619047619047619,0.8095238095238095,0.04761904761904767,22,8
81,0.9565499215943818,-0.019292359554919238,legacy67,minmax,0.7352380952380952,0.7695238095238095,0.03428571428571425,0.9733333333333334,0.96,-0.01333333333333342,0.7619047619047619,0.8095238095238095,0.04761904761904767,22,8
81,1.1400863701127315,0.0569377536544464,legacy67,minmax,0.7114285714285715,0.7904761904761903,0.07904761904761881,0.9733333333333334,0.9333333333333333,-0.040000000000000036,0.7380952380952381,0.8571428571428571,0.11904761904761896,22,8
81,1.2030178871154662,0.08027208471124325,legacy67,minmax,0.7114285714285715,0.7904761904761903,0.07904761904761881,0.9733333333333334,0.9333333333333333,-0.040000000000000036,0.7380952380952381,0.8571428571428571,0.11904761904761896,22,8
81,1.2329098365270508,0.0909313175279762,legacy67,minmax,0.7114285714285715,0.7904761904761903,0.07904761904761881,0.9733333333333334,0.9333333333333333,-0.040000000000000036,0.7380952380952381,0.8571428571428571,0.11904761904761896,22,8
81,1.2561043700013554,0.09902572652895136,legacy67,minmax,0.7114285714285715,0.7904761904761903,0.07904761904761881,0.9733333333333334,0.9333333333333333,-0.040000000000000036,0.7380952380952381,0.8571428571428571,0.11904761904761896,22,8
81,1.4817820606039076,0.17078433263299386,legacy67,minmax,0.7114285714285715,0.7904761904761903,0.07904761904761881,0.9733333333333334,0.9333333333333333,-0.040000000000000036,0.7380952380952381,0.8571428571428571,0.11904761904761896,24,8
81,1.5375920235481748,0.1868411173731186,legacy67,minmax,0.7114285714285715,0.7904761904761903,0.07904761904761881,0.9733333333333334,0.9333333333333333,-0.040000000000000036,0.7380952380952381,0.8571428571428571,0.11904761904761896,24,8
81,1.7583640270008503,0.24510879027798493,legacy67,minmax,0.7114285714285715,0.7904761904761903,0.07904761904761881,0.9733333333333334,0.9333333333333333,-0.040000000000000036,0.7380952380952381,0.8571428571428571,0.11904761904761896,25,8
81,2.34238498471129,0.36965827544816987,legacy67,minmax,0.7114285714285715,0.7904761904761903,0.07904761904761881,0.9733333333333334,0.9333333333333333,-0.040000000000000036,0.7380952380952381,0.8571428571428571,0.11904761904761896,25,8
81,2.4637685958997446,0.39159991524434057,legacy67,minmax,0.7114285714285715,0.7904761904761903,0.07904761904761881,0.9733333333333334,0.9333333333333333,-0.040000000000000036,0.7380952380952381,0.8571428571428571,0.11904761904761896,25,8
81,2.4810409748678097,0.3946339367881464,legacy67,minmax,0.7114285714285715,0.7904761904761903,0.07904761904761881,0.9733333333333334,0.9333333333333333,-0.040000000000000036,0.7380952380952381,0.8571428571428571,0.11904761904761896,25,8
81,2.5378155082656626,0.40446004697283516,legacy67,minmax,0.7114285714285715,0.7904761904761903,0.07904761904761881,0.9733333333333334,0.9333333333333333,-0.040000000000000036,0.7380952380952381,0.8571428571428571,0.11904761904761896,25,8
81,2.692646910086177,0.43017940760575346,legacy67,minmax,0.7114285714285715,0.7904761904761903,0.07904761904761881,0.9733333333333334,0.9333333333333333,-0.040000000000000036,0.7380952380952381,0.8571428571428571,0.11904761904761896,26,8
81,2.801635158716258,0.4474115788895179,legacy67,minmax,0.7114285714285715,0.7904761904761903,0.07904761904761881,0.9733333333333334,0.9333333333333333,-0.040000000000000036,0.7380952380952381,0.8571428571428571,0.11904761904761896,26,8
81,3.113095956122122,0.4931925073102317,legacy67,minmax,0.7114285714285715,0.7904761904761903,0.07904761904761881,0.9733333333333334,0.9333333333333333,-0.040000000000000036,0.7380952380952381,0.8571428571428571,0.11904761904761896,26,8
81,3.550012525851159,0.5502298854208525,legacy67,minmax,0.6980952380952381,0.7904761904761903,0.09238095238095223,0.96,0.9333333333333333,-0.026666666666666616,0.7380952380952381,0.8571428571428571,0.11904761904761896,25,8
81,4.467752817973904,0.6500891374159279,legacy67,minmax,0.6504761904761904,0.7904761904761903,0.1399999999999999,0.96,0.9333333333333333,-0.026666666666666616,0.6904761904761905,0.8571428571428571,0.16666666666666663,27,8
81,5.456725485601473,0.7369321060486276,legacy67,minmax,0.6504761904761904,0.7904761904761903,0.1399999999999999,0.96,0.9333333333333333,-0.026666666666666616,0.6904761904761905,0.8571428571428571,0.16666666666666663,28,8
81,6.72093005015611,0.8274293753904685,legacy67,minmax,0.6504761904761904,0.7904761904761903,0.1399999999999999,0.96,0.9333333333333333,-0.026666666666666616,0.6904761904761905,0.8571428571428571,0.16666666666666663,29,8
81,6.7965780907581514,0.832290311184182,legacy67,minmax,0.6504761904761904,0.7904761904761903,0.1399999999999999,0.96,0.9333333333333333,-0.026666666666666616,0.6904761904761905,0.8571428571428571,0.16666666666666663,29,8
81,7.128188058401357,0.85297914889198,legacy67,minmax,0.6504761904761904,0.7904761904761903,0.1399999999999999,0.96,0.9333333333333333,-0.026666666666666616,0.6904761904761905,0.8571428571428571,0.16666666666666663,30,8
81,8.241925264876443,0.9160286721639492,legacy67,minmax,0.6504761904761904,0.7904761904761903,0.1399999999999999,0.96,0.9333333333333333,-0.026666666666666616,0.6904761904761905,0.8571428571428571,0.16666666666666663,30,24
81,8.287522363768153,0.9184247133522563,legacy67,minmax,0.6504761904761904,0.7904761904761903,0.1399999999999999,0.96,0.9333333333333333,-0.026666666666666616,0.6904761904761905,0.8571428571428571,0.16666666666666663,30,24
81,8.471801418819974,0.9279757672456204,legacy67,minmax,0.6504761904761904,0.7904761904761903,0.1399999999999999,0.96,0.9333333333333333,-0.026666666666666616,0.6904761904761905,0.8571428571428571,0.16666666666666663,30,24
81,11.044350847124681,1.0431401944675898,legacy67,minmax,0.6504761904761904,0.7904761904761903,0.1399999999999999,0.96,0.9333333333333333,-0.026666666666666616,0.6904761904761905,0.8571428571428571,0.16666666666666663,30,24
81,12.130221181165155,1.083868719818244,legacy67,minmax,0.6504761904761904,0.7904761904761903,0.1399999999999999,0.96,0.9333333333333333,-0.026666666666666616,0.6904761904761905,0.8571428571428571,0.16666666666666663,30,24
81,12.164139351417056,1.085081386743783,legacy67,minmax,0.6504761904761904,0.7904761904761903,0.1399999999999999,0.96,0.9333333333333333,-0.026666666666666616,0.6904761904761905,0.8571428571428571,0.16666666666666663,30,24
81,12.273800987852958,1.0889790771866297,legacy67,minmax,0.6504761904761904,0.7904761904761903,0.1399999999999999,0.96,0.9333333333333333,-0.026666666666666616,0.6904761904761905,0.8571428571428571,0.16666666666666663,30,24
81,12.604664585649452,1.1005312934444582,legacy67,minmax,0.6504761904761904,0.7904761904761903,0.1399999999999999,0.96,0.9333333333333333,-0.026666666666666616,0.6904761904761905,0.8571428571428571,0.16666666666666663,30,24
81,13.826232179369853,1.1407038455720544,legacy67,minmax,0.6504761904761904,0.7904761904761903,0.1399999999999999,0.96,0.9333333333333333,-0.026666666666666616,0.6904761904761905,0.8571428571428571,0.16666666666666663,31,24
81,16.172900811143133,1.2087879230161587,legacy67,minmax,0.6504761904761904,0.7904761904761903,0.1399999999999999,0.96,0.9333333333333333,-0.026666666666666616,0.6904761904761905,0.8571428571428571,0.16666666666666663,31,24
81,17.123375973163967,1.2335893924658445,legacy67,minmax,0.6504761904761904,0.7904761904761903,0.1399999999999999,0.96,0.9333333333333333,-0.026666666666666616,0.6904761904761905,0.8571428571428571,0.16666666666666663,31,24
81,18.274508859816006,1.2618457138193366,legacy67,minmax,0.6504761904761904,0.7904761904761903,0.1399999999999999,0.96,0.9333333333333333,-0.026666666666666616,0.6904761904761905,0.8571428571428571,0.16666666666666663,32,24
81,20.65142557895924,1.3149500366077174,legacy67,minmax,0.6504761904761904,0.7904761904761903,0.1399999999999999,0.96,0.9333333333333333,-0.026666666666666616,0.6904761904761905,0.8571428571428571,0.16666666666666663,33,24
81,21.36832907235874,1.329770563201687,legacy67,minmax,0.6504761904761904,0.7904761904761903,0.1399999999999999,0.96,0.9333333333333333,-0.026666666666666616,0.6904761904761905,0.8571428571428571,0.16666666666666663,33,24
81,28.340904295147727,1.452413703502374,legacy67,minmax,0.6504761904761904,0.7904761904761903,0.1399999999999999,0.96,0.9333333333333333,-0.026666666666666616,0.6904761904761905,0.8571428571428571,0.16666666666666663,33,24
81,29.154431891537524,1.4647045830997407,legacy67,minmax,0.6504761904761904,0.7904761904761903,0.1399999999999999,0.96,0.9333333333333333,-0.026666666666666616,0.6904761904761905,0.8571428571428571,0.16666666666666663,33,24
81,35.387588647792384,1.5488509703053062,legacy67,minmax,0.6504761904761904,0.7904761904761903,0.1399999999999999,0.96,0.9333333333333333,-0.026666666666666616,0.6904761904761905,0.8571428571428571,0.16666666666666663,33,24
81,37.95853142670639,1.5793094017105953,legacy67,minmax,0.6504761904761904,0.7904761904761903,0.1399999999999999,0.96,0.9333333333333333,-0.026666666666666616,0.6904761904761905,0.8571428571428571,0.16666666666666663,33,24
81,43.37920697490936,1.6372816083151283,legacy67,minmax,0.6504761904761904,0.7904761904761903,0.1399999999999999,0.96,0.9333333333333333,-0.026666666666666616,0.6904761904761905,0.8571428571428571,0.16666666666666663,33,24
81,48.69640941520897,1.6874969400924673,legacy67,minmax,0.6504761904761904,0.7904761904761903,0.1399999999999999,0.96,0.9333333333333333,-0.026666666666666616,0.6904761904761905,0.8571428571428571,0.16666666666666663,33,25
81,57.279044707996185,1.7579957662567565,legacy67,minmax,0.6504761904761904,0.7904761904761903,0.1399999999999999,0.96,0.9333333333333333,-0.026666666666666616,0.6904761904761905,0.8571428571428571,0.16666666666666663,33,25
81,62.45139574743064,1.795542149013333,legacy67,minmax,0.6504761904761904,0.7904761904761903,0.1399999999999999,0.96,0.9333333333333333,-0.026666666666666616,0.6904761904761905,0.8571428571428571,0.16666666666666663,33,25
81,63.512210106406926,1.8028572256396647,legacy67,minmax,0.6504761904761904,0.7904761904761903,0.1399999999999999,0.96,0.9333333333333333,-0.026666666666666616,0.6904761904761905,0.8571428571428571,0.16666666666666663,33,25
81,72.86653737491037,1.8625281322982374,legacy67,minmax,0.6504761904761904,0.7904761904761903,0.1399999999999999,0.96,0.9333333333333333,-0.026666666666666616,0.6904761904761905,0.8571428571428571,0.16666666666666663,33,26
81,75.56810141274423,1.8783385110582342,legacy67,minmax,0.6504761904761904,0.7904761904761903,0.1399999999999999,0.96,0.9333333333333333,-0.026666666666666616,0.6904761904761905,0.8571428571428571,0.16666666666666663,33,26
81,75.79479953347995,1.8796394086479773,legacy67,minmax,0.6504761904761904,0.7904761904761903,0.1399999999999999,0.96,0.9333333333333333,-0.026666666666666616,0.6904761904761905,0.8571428571428571,0.16666666666666663,33,26
81,88.62326508576248,1.9475477464020692,legacy67,minmax,0.6504761904761904,0.7904761904761903,0.1399999999999999,0.96,0.9333333333333333,-0.026666666666666616,0.6904761904761905,0.8571428571428571,0.16666666666666663,33,27
82,0.010521761868451128,-1.9779115315055904,legacy67,minmax,0.0,0.0,0.0,1.0,1.0,0.0,0.0,0.0,0.0,0,0
82,0.012087541473056955,-1.9176620228167902,legacy67,minmax,0.0,0.0,0.0,1.0,1.0,0.0,0.0,0.0,0.0,0,0
82,0.01263794633808287,-1.8983234930236192,legacy67,minmax,0.0,0.0,0.0,1.0,1.0,0.0,0.0,0.0,0.0,0,0
82,0.013726318898045865,-1.8624459155391264,legacy67,minmax,0.0,0.0,0.0,1.0,1.0,0.0,0.0,0.0,0.0,0,0
82,0.0151673306880762,-1.8190908443578477,legacy67,minmax,0.0,0.0,0.0,1.0,1.0,0.0,0.0,0.0,0.0,0,0
82,0.015339162591163618,-1.814198349120009,legacy67,minmax,0.0,0.0,0.0,1.0,1.0,0.0,0.0,0.0,0.0,0,0
82,0.017073967431528118,-1.7676655513272022,legacy67,minmax,0.0,0.0,0.0,1.0,1.0,0.0,0.0,0.0,0.0,1,1
82,0.017956984225677628,-1.7457665988559055,legacy67,minmax,0.0,0.0,0.0,1.0,1.0,0.0,0.0,0.0,0.0,2,1
82,0.018205657658407252,-1.739793628058882,legacy67,minmax,0.0,0.0,0.0,1.0,1.0,0.0,0.0,0.0,0.0,2,1
82,0.019777828512462715,-1.7038213930636386,legacy67,minmax,0.023809523809523725,0.0,-0.023809523809523725,1.0,1.0,0.0,0.023809523809523808,0.0,-0.023809523809523808,3,1
82,0.01987021538542862,-1.7017974252809167,legacy67,minmax,0.023809523809523725,0.0,-0.023809523809523725,1.0,1.0,0.0,0.023809523809523808,0.0,-0.023809523809523808,3,1
82,0.022592797420156945,-1.646029991792322,legacy67,minmax,0.23809523809523814,0.5209523809523811,0.2828571428571429,1.0,0.9733333333333334,-0.026666666666666616,0.23809523809523808,0.5476190476190477,0.3095238095238096,3,1
82,0.024586032763280048,-1.6093115439744645,legacy67,minmax,0.2857142857142856,0.5209523809523811,0.23523809523809547,1.0,0.9733333333333334,-0.026666666666666616,0.2857142857142857,0.5476190476190477,0.261904761904762,3,1
82,0.027012557725439066,-1.5684342920267822,legacy67,minmax,0.30952380952380953,0.5209523809523811,0.21142857142857152,1.0,0.9733333333333334,-0.026666666666666616,0.30952380952380953,0.5476190476190477,0.23809523809523814,3,1
82,0.029072088906598435,-1.5365237618994811,legacy67,minmax,0.3571428571428572,0.5209523809523811,0.16380952380952385,1.0,0.9733333333333334,-0.026666666666666616,0.35714285714285715,0.5476190476190477,0.19047619047619052,3,2
82,0.030086868214458433,-1.5216230162467932,legacy67,minmax,0.5238095238095237,0.5209523809523811,-0.0028571428571426694,1.0,0.9733333333333334,-0.026666666666666616,0.5238095238095238,0.5476190476190477,0.023809523809523836,3,2
82,0.030771802712506853,-1.5118470606208847,legacy67,minmax,0.5476190476190477,0.5209523809523811,-0.026666666666666616,1.0,0.9733333333333334,-0.026666666666666616,0.5476190476190477,0.5476190476190477,0.0,3,2
82,0.036138942712165265,-1.4420245573918327,legacy67,minmax,0.5952380952380953,0.5209523809523811,-0.07428571428571429,1.0,0.9733333333333334,-0.026666666666666616,0.5952380952380952,0.5476190476190477,-0.04761904761904756,3,2
82,0.03661819220392428,-1.4363031001009494,legacy67,minmax,0.5819047619047619,0.5209523809523811,-0.06095238095238087,0.9866666666666667,0.9733333333333334,-0.013333333333333308,0.5952380952380952,0.5476190476190477,-0.04761904761904756,3,2
82,0.04207053950287936,-1.3760219186551894,legacy67,minmax,0.5819047619047619,0.5209523809523811,-0.06095238095238087,0.9866666666666667,0.9733333333333334,-0.013333333333333308,0.5952380952380952,0.5476190476190477,-0.04761904761904756,3,2
82,0.04207988669606635,-1.375925438230254,legacy67,minmax,0.5819047619047619,0.5209523809523811,-0.06095238095238087,0.9866666666666667,0.9733333333333334,-0.013333333333333308,0.5952380952380952,0.5476190476190477,-0.04761904761904756,3,2
82,0.04809461967501572,-1.3179035052508339,legacy67,minmax,0.5819047619047619,0.5209523809523811,-0.06095238095238087,0.9866666666666667,0.9733333333333334,-0.013333333333333308,0.5952380952380952,0.5476190476190477,-0.04761904761904756,3,3
82,0.05337032762603955,-1.2727001311715975,legacy67,minmax,0.677142857142857,0.5923809523809525,-0.0847619047619046,0.9866666666666667,0.9733333333333334,-0.013333333333333308,0.6904761904761905,0.6190476190476191,-0.0714285714285714,3,3
82,0.05415244119402536,-1.2663819605862647,legacy67,minmax,0.677142857142857,0.5923809523809525,-0.0847619047619046,0.9866666666666667,0.9733333333333334,-0.013333333333333308,0.6904761904761905,0.6190476190476191,-0.0714285714285714,5,3
82,0.05488047000766042,-1.2605821778978918,legacy67,minmax,0.677142857142857,0.5923809523809525,-0.0847619047619046,0.9866666666666667,0.9733333333333334,-0.013333333333333308,0.6904761904761905,0.6190476190476191,-0.0714285714285714,5,3
82,0.060803901902965994,-1.2160685503234192,legacy67,minmax,0.677142857142857,0.5923809523809525,-0.0847619047619046,0.9866666666666667,0.9733333333333334,-0.013333333333333308,0.6904761904761905,0.6190476190476191,-0.0714285714285714,5,3
82,0.06235377135673155,-1.2051372738633104,legacy67,minmax,0.677142857142857,0.5923809523809525,-0.0847619047619046,0.9866666666666667,0.9733333333333334,-0.013333333333333308,0.6904761904761905,0.6190476190476191,-0.0714285714285714,5,3
82,0.06290644294586147,-1.201304871366561,legacy67,minmax,0.677142857142857,0.5923809523809525,-0.0847619047619046,0.9866666666666667,0.9733333333333334,-0.013333333333333308,0.6904761904761905,0.6190476190476191,-0.0714285714285714,5,3
82,0.07068974950624601,-1.1506435572868954,legacy67,minmax,0.6638095238095238,0.5923809523809525,-0.0714285714285714,0.9733333333333334,0.9733333333333334,0.0,0.6904761904761905,0.6190476190476191,-0.0714285714285714,7,4
82,0.10842262717330158,-0.9648800735999323,legacy67,minmax,0.637142857142857,0.6876190476190476,0.05047619047619056,0.9466666666666667,0.9733333333333334,0.026666666666666727,0.6904761904761905,0.7142857142857143,0.023809523809523836,9,8
82,0.12172958098369964,-0.9146038729044164,legacy67,minmax,0.660952380952381,0.6876190476190476,0.026666666666666616,0.9466666666666667,0.9733333333333334,0.026666666666666727,0.7142857142857143,0.7142857142857143,0.0,9,8
82,0.1329652145729951,-0.876261961250477,legacy67,minmax,0.660952380952381,0.7114285714285715,0.05047619047619056,0.9466666666666667,0.9733333333333334,0.026666666666666727,0.7142857142857143,0.7380952380952381,0.023809523809523836,10,9
82,0.14618962793704957,-0.8350834392078323,legacy67,minmax,0.660952380952381,0.7590476190476192,0.09809523809523824,0.9466666666666667,0.9733333333333334,0.026666666666666727,0.7142857142857143,0.7857142857142857,0.0714285714285714,11,9
82,0.14742753159914665,-0.8314214058591274,legacy67,minmax,0.660952380952381,0.7590476190476192,0.09809523809523824,0.9466666666666667,0.9733333333333334,0.026666666666666727,0.7142857142857143,0.7857142857142857,0.0714285714285714,11,9
82,0.16480446427978968,-0.7830310281618491,legacy67,minmax,0.660952380952381,0.7828571428571429,0.12190476190476196,0.9466666666666667,0.9733333333333334,0.026666666666666727,0.7142857142857143,0.8095238095238095,0.09523809523809523,12,10
82,0.16536937182824418,-0.7815449233065173,legacy67,minmax,0.660952380952381,0.7828571428571429,0.12190476190476196,0.9466666666666667,0.9733333333333334,0.026666666666666727,0.7142857142857143,0.8095238095238095,0.09523809523809523,12,10
82,0.1753594952976441,-0.7560707131373512,legacy67,minmax,0.660952380952381,0.8066666666666666,0.14571428571428569,0.9466666666666667,0.9733333333333334,0.026666666666666727,0.7142857142857143,0.8333333333333334,0.11904761904761907,13,10
82,0.17654048052495064,-0.7531556956423562,legacy67,minmax,0.660952380952381,0.8066666666666666,0.14571428571428569,0.9466666666666667,0.9733333333333334,0.026666666666666727,0.7142857142857143,0.8333333333333334,0.11904761904761907,13,10
82,0.1998634077852887,-0.6992667118930118,legacy67,minmax,0.6476190476190475,0.8066666666666666,0.1590476190476191,0.9333333333333333,0.9733333333333334,0.040000000000000036,0.7142857142857143,0.8333333333333334,0.11904761904761907,14,10
82,0.2001342062287997,-0.6986786769469426,legacy67,minmax,0.6476190476190475,0.8066666666666666,0.1590476190476191,0.9333333333333333,0.9733333333333334,0.040000000000000036,0.7142857142857143,0.8333333333333334,0.11904761904761907,14,10
82,0.21066486017042194,-0.6764079005894033,legacy67,minmax,0.6476190476190475,0.8066666666666666,0.1590476190476191,0.9333333333333333,0.9733333333333334,0.040000000000000036,0.7142857142857143,0.8333333333333334,0.11904761904761907,14,10
82,0.2673088310781669,-0.5729866932256429,legacy67,minmax,0.6580952380952381,0.8066666666666666,0.14857142857142858,0.92,0.9733333333333334,0.053333333333333344,0.7380952380952381,0.8333333333333334,0.09523809523809523,15,10
82,0.2715581955282939,-0.5661370858229096,legacy67,minmax,0.6580952380952381,0.8066666666666666,0.14857142857142858,0.92,0.9733333333333334,0.053333333333333344,0.7380952380952381,0.8333333333333334,0.09523809523809523,15,10
82,0.292043384718141,-0.5345526268252332,legacy67,minmax,0.6580952380952381,0.8066666666666666,0.14857142857142858,0.92,0.9733333333333334,0.053333333333333344,0.7380952380952381,0.8333333333333334,0.09523809523809523,15,10
82,0.314891164795686,-0.50183952461055,legacy67,minmax,0.6580952380952381,0.8066666666666666,0.14857142857142858,0.92,0.9733333333333334,0.053333333333333344,0.7380952380952381,0.8333333333333334,0.09523809523809523,15,10
82,0.35868164986275475,-0.44529084124207197,legacy67,minmax,0.6580952380952381,0.8304761904761904,0.1723809523809523,0.92,0.9733333333333334,0.053333333333333344,0.7380952380952381,0.8571428571428571,0.11904761904761896,17,10
82,0.5130551760589832,-0.2898359265658015,legacy67,minmax,0.6580952380952381,0.8542857142857143,0.19619047619047625,0.92,0.9733333333333334,0.053333333333333344,0.7380952380952381,0.8809523809523809,0.1428571428571428,18,9
82,0.5342937261279772,-0.27221992543153695,legacy67,minmax,0.6580952380952381,0.8542857142857143,0.19619047619047625,0.92,0.9733333333333334,0.053333333333333344,0.7380952380952381,0.8809523809523809,0.1428571428571428,18,9
82,0.5762487216478598,-0.23939002504159476,legacy67,minmax,0.6580952380952381,0.8542857142857143,0.19619047619047625,0.92,0.9733333333333334,0.053333333333333344,0.7380952380952381,0.8809523809523809,0.1428571428571428,19,9
82,0.6672367170464204,-0.17572006313185626,legacy67,minmax,0.6580952380952381,0.8542857142857143,0.19619047619047625,0.92,0.9733333333333334,0.053333333333333344,0.7380952380952381,0.8809523809523809,0.1428571428571428,20,9
82,0.7742116473996242,-0.1111402993522028,legacy67,minmax,0.6714285714285715,0.8542857142857143,0.18285714285714283,0.9333333333333333,0.9733333333333334,0.040000000000000036,0.7380952380952381,0.8809523809523809,0.1428571428571428,23,9
82,0.9444574254983555,-0.02481761454243703,legacy67,minmax,0.6847619047619049,0.8542857142857143,0.1695238095238094,0.9466666666666667,0.9733333333333334,0.026666666666666727,0.7380952380952381,0.8809523809523809,0.1428571428571428,24,9
82,0.9565499215943818,-0.019292359554919238,legacy67,minmax,0.6847619047619049,0.8542857142857143,0.1695238095238094,0.9466666666666667,0.9733333333333334,0.026666666666666727,0.7380952380952381,0.8809523809523809,0.1428571428571428,24,9
82,1.1400863701127315,0.0569377536544464,legacy67,minmax,0.6847619047619049,0.8780952380952383,0.19333333333333336,0.9466666666666667,0.9733333333333334,0.026666666666666727,0.7380952380952381,0.9047619047619048,0.16666666666666663,25,9
82,1.2030178871154662,0.08027208471124325,legacy67,minmax,0.6847619047619049,0.8780952380952383,0.19333333333333336,0.9466666666666667,0.9733333333333334,0.026666666666666727,0.7380952380952381,0.9047619047619048,0.16666666666666663,25,9
82,1.2329098365270508,0.0909313175279762,legacy67,minmax,0.6847619047619049,0.8780952380952383,0.19333333333333336,0.9466666666666667,0.9733333333333334,0.026666666666666727,0.7380952380952381,0.9047619047619048,0.16666666666666663,26,9
82,1.2561043700013554,0.09902572652895136,legacy67,minmax,0.7085714285714286,0.8780952380952383,0.16952380952380963,0.9466666666666667,0.9733333333333334,0.026666666666666727,0.7619047619047619,0.9047619047619048,0.1428571428571429,26,9
82,1.4817820606039076,0.17078433263299386,legacy67,minmax,0.7085714285714286,0.8780952380952383,0.16952380952380963,0.9466666666666667,0.9733333333333334,0.026666666666666727,0.7619047619047619,0.9047619047619048,0.1428571428571429,30,9
82,1.5375920235481748,0.1868411173731186,legacy67,minmax,0.7085714285714286,0.8780952380952383,0.16952380952380963,0.9466666666666667,0.9733333333333334,0.026666666666666727,0.7619047619047619,0.9047619047619048,0.1428571428571429,30,9
82,1.7583640270008503,0.24510879027798493,legacy67,minmax,0.6714285714285715,0.8780952380952383,0.20666666666666678,0.9333333333333333,0.9733333333333334,0.040000000000000036,0.7380952380952381,0.9047619047619048,0.16666666666666663,31,9
82,2.34238498471129,0.36965827544816987,legacy67,minmax,0.6847619047619049,0.8780952380952383,0.19333333333333336,0.9466666666666667,0.9733333333333334,0.026666666666666727,0.7380952380952381,0.9047619047619048,0.16666666666666663,31,9
82,2.4637685958997446,0.39159991524434057,legacy67,minmax,0.6714285714285715,0.8780952380952383,0.20666666666666678,0.9333333333333333,0.9733333333333334,0.040000000000000036,0.7380952380952381,0.9047619047619048,0.16666666666666663,31,9
82,2.4810409748678097,0.3946339367881464,legacy67,minmax,0.6714285714285715,0.8780952380952383,0.20666666666666678,0.9333333333333333,0.9733333333333334,0.040000000000000036,0.7380952380952381,0.9047619047619048,0.16666666666666663,31,9
82,2.5378155082656626,0.40446004697283516,legacy67,minmax,0.6714285714285715,0.8780952380952383,0.20666666666666678,0.9333333333333333,0.9733333333333334,0.040000000000000036,0.7380952380952381,0.9047619047619048,0.16666666666666663,31,9
82,2.692646910086177,0.43017940760575346,legacy67,minmax,0.6847619047619049,0.8780952380952383,0.19333333333333336,0.9466666666666667,0.9733333333333334,0.026666666666666727,0.7380952380952381,0.9047619047619048,0.16666666666666663,31,9
82,2.801635158716258,0.4474115788895179,legacy67,minmax,0.6847619047619049,0.8780952380952383,0.19333333333333336,0.9466666666666667,0.9733333333333334,0.026666666666666727,0.7380952380952381,0.9047619047619048,0.16666666666666663,31,9
82,3.113095956122122,0.4931925073102317,legacy67,minmax,0.660952380952381,0.8780952380952383,0.2171428571428573,0.9466666666666667,0.9733333333333334,0.026666666666666727,0.7142857142857143,0.9047619047619048,0.19047619047619047,31,9
82,3.550012525851159,0.5502298854208525,legacy67,minmax,0.660952380952381,0.8780952380952383,0.2171428571428573,0.9466666666666667,0.9733333333333334,0.026666666666666727,0.7142857142857143,0.9047619047619048,0.19047619047619047,32,9
82,4.467752817973904,0.6500891374159279,legacy67,minmax,0.6847619047619049,0.8780952380952383,0.19333333333333336,0.9466666666666667,0.9733333333333334,0.026666666666666727,0.7380952380952381,0.9047619047619048,0.16666666666666663,31,9
82,5.456725485601473,0.7369321060486276,legacy67,minmax,0.6714285714285715,0.8780952380952383,0.20666666666666678,0.9333333333333333,0.9733333333333334,0.040000000000000036,0.7380952380952381,0.9047619047619048,0.16666666666666663,32,9
82,6.72093005015611,0.8274293753904685,legacy67,minmax,0.6714285714285715,0.8780952380952383,0.20666666666666678,0.9333333333333333,0.9733333333333334,0.040000000000000036,0.7380952380952381,0.9047619047619048,0.16666666666666663,32,30
82,6.7965780907581514,0.832290311184182,legacy67,minmax,0.6714285714285715,0.8780952380952383,0.20666666666666678,0.9333333333333333,0.9733333333333334,0.040000000000000036,0.7380952380952381,0.9047619047619048,0.16666666666666663,32,30
82,7.128188058401357,0.85297914889198,legacy67,minmax,0.6714285714285715,0.8780952380952383,0.20666666666666678,0.9333333333333333,0.9733333333333334,0.040000000000000036,0.7380952380952381,0.9047619047619048,0.16666666666666663,32,30
82,8.241925264876443,0.9160286721639492,legacy67,minmax,0.6580952380952381,0.8780952380952383,0.2200000000000002,0.92,0.9733333333333334,0.053333333333333344,0.7380952380952381,0.9047619047619048,0.16666666666666663,32,30
82,8.287522363768153,0.9184247133522563,legacy67,minmax,0.6580952380952381,0.8780952380952383,0.2200000000000002,0.92,0.9733333333333334,0.053333333333333344,0.7380952380952381,0.9047619047619048,0.16666666666666663,32,30
82,8.471801418819974,0.9279757672456204,legacy67,minmax,0.6580952380952381,0.8780952380952383,0.2200000000000002,0.92,0.9733333333333334,0.053333333333333344,0.7380952380952381,0.9047619047619048,0.16666666666666663,32,30
82,11.044350847124681,1.0431401944675898,legacy67,minmax,0.6580952380952381,0.8780952380952383,0.2200000000000002,0.92,0.9733333333333334,0.053333333333333344,0.7380952380952381,0.9047619047619048,0.16666666666666663,33,30
82,12.130221181165155,1.083868719818244,legacy67,minmax,0.6819047619047618,0.8780952380952383,0.19619047619047647,0.92,0.9733333333333334,0.053333333333333344,0.7619047619047619,0.9047619047619048,0.1428571428571429,33,30
82,12.164139351417056,1.085081386743783,legacy67,minmax,0.6819047619047618,0.8780952380952383,0.19619047619047647,0.92,0.9733333333333334,0.053333333333333344,0.7619047619047619,0.9047619047619048,0.1428571428571429,33,30
82,12.273800987852958,1.0889790771866297,legacy67,minmax,0.6819047619047618,0.8780952380952383,0.19619047619047647,0.92,0.9733333333333334,0.053333333333333344,0.7619047619047619,0.9047619047619048,0.1428571428571429,33,30
82,12.604664585649452,1.1005312934444582,legacy67,minmax,0.6819047619047618,0.8780952380952383,0.19619047619047647,0.92,0.9733333333333334,0.053333333333333344,0.7619047619047619,0.9047619047619048,0.1428571428571429,33,30
82,13.826232179369853,1.1407038455720544,legacy67,minmax,0.6819047619047618,0.8780952380952383,0.19619047619047647,0.92,0.9733333333333334,0.053333333333333344,0.7619047619047619,0.9047619047619048,0.1428571428571429,33,30
82,16.172900811143133,1.2087879230161587,legacy67,minmax,0.6580952380952381,0.8780952380952383,0.2200000000000002,0.92,0.9733333333333334,0.053333333333333344,0.7380952380952381,0.9047619047619048,0.16666666666666663,33,30
82,17.123375973163967,1.2335893924658445,legacy67,minmax,0.6580952380952381,0.8780952380952383,0.2200000000000002,0.92,0.9733333333333334,0.053333333333333344,0.7380952380952381,0.9047619047619048,0.16666666666666663,33,30
82,18.274508859816006,1.2618457138193366,legacy67,minmax,0.6580952380952381,0.8780952380952383,0.2200000000000002,0.92,0.9733333333333334,0.053333333333333344,0.7380952380952381,0.9047619047619048,0.16666666666666663,33,30
82,20.65142557895924,1.3149500366077174,legacy67,minmax,0.6580952380952381,0.8780952380952383,0.2200000000000002,0.92,0.9733333333333334,0.053333333333333344,0.7380952380952381,0.9047619047619048,0.16666666666666663,33,31
82,21.36832907235874,1.329770563201687,legacy67,minmax,0.6580952380952381,0.8780952380952383,0.2200000000000002,0.92,0.9733333333333334,0.053333333333333344,0.7380952380952381,0.9047619047619048,0.16666666666666663,33,31
82,28.340904295147727,1.452413703502374,legacy67,minmax,0.6580952380952381,0.8780952380952383,0.2200000000000002,0.92,0.9733333333333334,0.053333333333333344,0.7380952380952381,0.9047619047619048,0.16666666666666663,33,31
82,29.154431891537524,1.4647045830997407,legacy67,minmax,0.6580952380952381,0.8780952380952383,0.2200000000000002,0.92,0.9733333333333334,0.053333333333333344,0.7380952380952381,0.9047619047619048,0.16666666666666663,33,31
82,35.387588647792384,1.5488509703053062,legacy67,minmax,0.6580952380952381,0.8780952380952383,0.2200000000000002,0.92,0.9733333333333334,0.053333333333333344,0.7380952380952381,0.9047619047619048,0.16666666666666663,33,31
82,37.95853142670639,1.5793094017105953,legacy67,minmax,0.6580952380952381,0.8780952380952383,0.2200000000000002,0.92,0.9733333333333334,0.053333333333333344,0.7380952380952381,0.9047619047619048,0.16666666666666663,33,31
82,43.37920697490936,1.6372816083151283,legacy67,minmax,0.6580952380952381,0.8780952380952383,0.2200000000000002,0.92,0.9733333333333334,0.053333333333333344,0.7380952380952381,0.9047619047619048,0.16666666666666663,33,31
82,48.69640941520897,1.6874969400924673,legacy67,minmax,0.6580952380952381,0.8780952380952383,0.2200000000000002,0.92,0.9733333333333334,0.053333333333333344,0.7380952380952381,0.9047619047619048,0.16666666666666663,33,31
82,57.279044707996185,1.7579957662567565,legacy67,minmax,0.6580952380952381,0.8780952380952383,0.2200000000000002,0.92,0.9733333333333334,0.053333333333333344,0.7380952380952381,0.9047619047619048,0.16666666666666663,33,31
82,62.45139574743064,1.795542149013333,legacy67,minmax,0.6580952380952381,0.8780952380952383,0.2200000000000002,0.92,0.9733333333333334,0.053333333333333344,0.7380952380952381,0.9047619047619048,0.16666666666666663,33,31
82,63.512210106406926,1.8028572256396647,legacy67,minmax,0.6580952380952381,0.8780952380952383,0.2200000000000002,0.92,0.9733333333333334,0.053333333333333344,0.7380952380952381,0.9047619047619048,0.16666666666666663,33,31
82,72.86653737491037,1.8625281322982374,legacy67,minmax,0.6580952380952381,0.8780952380952383,0.2200000000000002,0.92,0.9733333333333334,0.053333333333333344,0.7380952380952381,0.9047619047619048,0.16666666666666663,33,31
82,75.56810141274423,1.8783385110582342,legacy67,minmax,0.6580952380952381,0.8780952380952383,0.2200000000000002,0.92,0.9733333333333334,0.053333333333333344,0.7380952380952381,0.9047619047619048,0.16666666666666663,33,31
82,75.79479953347995,1.8796394086479773,legacy67,minmax,0.6580952380952381,0.8780952380952383,0.2200000000000002,0.92,0.9733333333333334,0.053333333333333344,0.7380952380952381,0.9047619047619048,0.16666666666666663,33,31
82,88.62326508576248,1.9475477464020692,legacy67,minmax,0.6580952380952381,0.8780952380952383,0.2200000000000002,0.92,0.9733333333333334,0.053333333333333344,0.7380952380952381,0.9047619047619048,0.16666666666666663,33,33
83,0.010521761868451128,-1.9779115315055904,legacy67,minmax,0.0,0.0,0.0,1.0,1.0,0.0,0.0,0.0,0.0,0,0
83,0.012087541473056955,-1.9176620228167902,legacy67,minmax,0.0,0.0,0.0,1.0,1.0,0.0,0.0,0.0,0.0,0,0
83,0.01263794633808287,-1.8983234930236192,legacy67,minmax,0.0,0.0,0.0,1.0,1.0,0.0,0.0,0.0,0.0,0,0
83,0.013726318898045865,-1.8624459155391264,legacy67,minmax,0.0,0.0,0.0,1.0,1.0,0.0,0.0,0.0,0.0,0,0
83,0.0151673306880762,-1.8190908443578477,legacy67,minmax,0.0,0.0,0.0,1.0,1.0,0.0,0.0,0.0,0.0,0,0
83,0.015339162591163618,-1.814198349120009,legacy67,minmax,0.0,0.0,0.0,1.0,1.0,0.0,0.0,0.0,0.0,0,0
83,0.017073967431528118,-1.7676655513272022,legacy67,minmax,0.0,0.0,0.0,1.0,1.0,0.0,0.0,0.0,0.0,0,0
83,0.017956984225677628,-1.7457665988559055,legacy67,minmax,0.0,0.0,0.0,1.0,1.0,0.0,0.0,0.0,0.0,1,0
83,0.018205657658407252,-1.739793628058882,legacy67,minmax,0.0,0.0,0.0,1.0,1.0,0.0,0.0,0.0,0.0,2,0
83,0.019777828512462715,-1.7038213930636386,legacy67,minmax,0.0,0.0,0.0,1.0,1.0,0.0,0.0,0.0,0.0,2,1
83,0.01987021538542862,-1.7017974252809167,legacy67,minmax,0.0,0.0,0.0,1.0,1.0,0.0,0.0,0.0,0.0,2,1
83,0.022592797420156945,-1.646029991792322,legacy67,minmax,0.11904761904761907,0.0,-0.11904761904761907,1.0,1.0,0.0,0.11904761904761904,0.0,-0.11904761904761904,3,2
83,0.024586032763280048,-1.6093115439744645,legacy67,minmax,0.19047619047619047,0.36761904761904773,0.17714285714285727,1.0,0.9866666666666667,-0.013333333333333308,0.19047619047619047,0.38095238095238093,0.19047619047619047,3,2
83,0.027012557725439066,-1.5684342920267822,legacy67,minmax,0.33333333333333326,0.36761904761904773,0.034285714285714475,1.0,0.9866666666666667,-0.013333333333333308,0.3333333333333333,0.38095238095238093,0.047619047619047616,3,2
83,0.029072088906598435,-1.5365237618994811,legacy67,minmax,0.3571428571428572,0.36761904761904773,0.010476190476190528,1.0,0.9866666666666667,-0.013333333333333308,0.35714285714285715,0.38095238095238093,0.02380952380952378,4,2
83,0.030086868214458433,-1.5216230162467932,legacy67,minmax,0.3571428571428572,0.36761904761904773,0.010476190476190528,1.0,0.9866666666666667,-0.013333333333333308,0.35714285714285715,0.38095238095238093,0.02380952380952378,4,2
83,0.030771802712506853,-1.5118470606208847,legacy67,minmax,0.38095238095238093,0.36761904761904773,-0.013333333333333197,1.0,0.9866666666666667,-0.013333333333333308,0.38095238095238093,0.38095238095238093,0.0,4,2
83,0.036138942712165265,-1.4420245573918327,legacy67,minmax,0.4285714285714286,0.5104761904761905,0.08190476190476192,1.0,0.9866666666666667,-0.013333333333333308,0.42857142857142855,0.5238095238095238,0.09523809523809529,4,3
83,0.03661819220392428,-1.4363031001009494,legacy67,minmax,0.4285714285714286,0.5104761904761905,0.08190476190476192,1.0,0.9866666666666667,-0.013333333333333308,0.42857142857142855,0.5238095238095238,0.09523809523809529,4,3
83,0.04207053950287936,-1.3760219186551894,legacy67,minmax,0.6190476190476191,0.700952380952381,0.08190476190476192,1.0,0.9866666666666667,-0.013333333333333308,0.6190476190476191,0.7142857142857143,0.09523809523809523,4,3
83,0.04207988669606635,-1.375925438230254,legacy67,minmax,0.6190476190476191,0.700952380952381,0.08190476190476192,1.0,0.9866666666666667,-0.013333333333333308,0.6190476190476191,0.7142857142857143,0.09523809523809523,4,3
83,0.04809461967501572,-1.3179035052508339,legacy67,minmax,0.6057142857142859,0.700952380952381,0.09523809523809512,0.9866666666666667,0.9866666666666667,0.0,0.6190476190476191,0.7142857142857143,0.09523809523809523,5,3
83,0.05337032762603955,-1.2727001311715975,legacy67,minmax,0.6057142857142859,0.700952380952381,0.09523809523809512,0.9866666666666667,0.9866666666666667,0.0,0.6190476190476191,0.7142857142857143,0.09523809523809523,6,5
83,0.05415244119402536,-1.2663819605862647,legacy67,minmax,0.6057142857142859,0.700952380952381,0.09523809523809512,0.9866666666666667,0.9866666666666667,0.0,0.6190476190476191,0.7142857142857143,0.09523809523809523,6,5
83,0.05488047000766042,-1.2605821778978918,legacy67,minmax,0.6057142857142859,0.700952380952381,0.09523809523809512,0.9866666666666667,0.9866666666666667,0.0,0.6190476190476191,0.7142857142857143,0.09523809523809523,6,5
83,0.060803901902965994,-1.2160685503234192,legacy67,minmax,0.6057142857142859,0.700952380952381,0.09523809523809512,0.9866666666666667,0.9866666666666667,0.0,0.6190476190476191,0.7142857142857143,0.09523809523809523,6,5
83,0.06235377135673155,-1.2051372738633104,legacy67,minmax,0.6057142857142859,0.700952380952381,0.09523809523809512,0.9866666666666667,0.9866666666666667,0.0,0.6190476190476191,0.7142857142857143,0.09523809523809523,6,5
83,0.06290644294586147,-1.201304871366561,legacy67,minmax,0.6057142857142859,0.700952380952381,0.09523809523809512,0.9866666666666667,0.9866666666666667,0.0,0.6190476190476191,0.7142857142857143,0.09523809523809523,6,5
83,0.07068974950624601,-1.1506435572868954,legacy67,minmax,0.6057142857142859,0.700952380952381,0.09523809523809512,0.9866666666666667,0.9866666666666667,0.0,0.6190476190476191,0.7142857142857143,0.09523809523809523,6,5
83,0.10842262717330158,-0.9648800735999323,legacy67,minmax,0.6533333333333333,0.700952380952381,0.04761904761904767,0.9866666666666667,0.9866666666666667,0.0,0.6666666666666666,0.7142857142857143,0.04761904761904767,9,9
83,0.12172958098369964,-0.9146038729044164,legacy67,minmax,0.6533333333333333,0.700952380952381,0.04761904761904767,0.9866666666666667,0.9866666666666667,0.0,0.6666666666666666,0.7142857142857143,0.04761904761904767,9,9
83,0.1329652145729951,-0.876261961250477,legacy67,minmax,0.6533333333333333,0.7247619047619049,0.07142857142857162,0.9866666666666667,0.9866666666666667,0.0,0.6666666666666666,0.7380952380952381,0.07142857142857151,9,9
83,0.14618962793704957,-0.8350834392078323,legacy67,minmax,0.6533333333333333,0.7247619047619049,0.07142857142857162,0.9866666666666667,0.9866666666666667,0.0,0.6666666666666666,0.7380952380952381,0.07142857142857151,9,9
83,0.14742753159914665,-0.8314214058591274,legacy67,minmax,0.6533333333333333,0.7247619047619049,0.07142857142857162,0.9866666666666667,0.9866666666666667,0.0,0.6666666666666666,0.7380952380952381,0.07142857142857151,9,9
83,0.16480446427978968,-0.7830310281618491,legacy67,minmax,0.6533333333333333,0.7723809523809524,0.11904761904761907,0.9866666666666667,0.9866666666666667,0.0,0.6666666666666666,0.7857142857142857,0.11904761904761907,12,10
83,0.16536937182824418,-0.7815449233065173,legacy67,minmax,0.6533333333333333,0.7723809523809524,0.11904761904761907,0.9866666666666667,0.9866666666666667,0.0,0.6666666666666666,0.7857142857142857,0.11904761904761907,12,10
83,0.1753594952976441,-0.7560707131373512,legacy67,minmax,0.6533333333333333,0.7723809523809524,0.11904761904761907,0.9866666666666667,0.9866666666666667,0.0,0.6666666666666666,0.7857142857142857,0.11904761904761907,12,10
83,0.17654048052495064,-0.7531556956423562,legacy67,minmax,0.6533333333333333,0.7723809523809524,0.11904761904761907,0.9866666666666667,0.9866666666666667,0.0,0.6666666666666666,0.7857142857142857,0.11904761904761907,13,10
83,0.1998634077852887,-0.6992667118930118,legacy67,minmax,0.677142857142857,0.7723809523809524,0.09523809523809534,0.9866666666666667,0.9866666666666667,0.0,0.6904761904761905,0.7857142857142857,0.09523809523809523,14,10
83,0.2001342062287997,-0.6986786769469426,legacy67,minmax,0.677142857142857,0.7723809523809524,0.09523809523809534,0.9866666666666667,0.9866666666666667,0.0,0.6904761904761905,0.7857142857142857,0.09523809523809523,14,10
83,0.21066486017042194,-0.6764079005894033,legacy67,minmax,0.677142857142857,0.7723809523809524,0.09523809523809534,0.9866666666666667,0.9866666666666667,0.0,0.6904761904761905,0.7857142857142857,0.09523809523809523,15,10
83,0.2673088310781669,-0.5729866932256429,legacy67,minmax,0.677142857142857,0.7723809523809524,0.09523809523809534,0.9866666666666667,0.9866666666666667,0.0,0.6904761904761905,0.7857142857142857,0.09523809523809523,16,10
83,0.2715581955282939,-0.5661370858229096,legacy67,minmax,0.677142857142857,0.7723809523809524,0.09523809523809534,0.9866666666666667,0.9866666666666667,0.0,0.6904761904761905,0.7857142857142857,0.09523809523809523,16,10
83,0.292043384718141,-0.5345526268252332,legacy67,minmax,0.677142857142857,0.7961904761904761,0.11904761904761907,0.9866666666666667,0.9866666666666667,0.0,0.6904761904761905,0.8095238095238095,0.11904761904761907,16,10
83,0.314891164795686,-0.50183952461055,legacy67,minmax,0.677142857142857,0.7961904761904761,0.11904761904761907,0.9866666666666667,0.9866666666666667,0.0,0.6904761904761905,0.8095238095238095,0.11904761904761907,16,10
83,0.35868164986275475,-0.44529084124207197,legacy67,minmax,0.677142857142857,0.7961904761904761,0.11904761904761907,0.9866666666666667,0.9866666666666667,0.0,0.6904761904761905,0.8095238095238095,0.11904761904761907,16,10
83,0.5130551760589832,-0.2898359265658015,legacy67,minmax,0.7247619047619049,0.7695238095238095,0.04476190476190456,0.9866666666666667,0.96,-0.026666666666666727,0.7380952380952381,0.8095238095238095,0.0714285714285714,19,10
83,0.5342937261279772,-0.27221992543153695,legacy67,minmax,0.700952380952381,0.7695238095238095,0.0685714285714285,0.9866666666666667,0.96,-0.026666666666666727,0.7142857142857143,0.8095238095238095,0.09523809523809523,19,10
83,0.5762487216478598,-0.23939002504159476,legacy67,minmax,0.700952380952381,0.7695238095238095,0.0685714285714285,0.9866666666666667,0.96,-0.026666666666666727,0.7142857142857143,0.8095238095238095,0.09523809523809523,19,10
83,0.6672367170464204,-0.17572006313185626,legacy67,minmax,0.700952380952381,0.7695238095238095,0.0685714285714285,0.9866666666666667,0.96,-0.026666666666666727,0.7142857142857143,0.8095238095238095,0.09523809523809523,19,10
83,0.7742116473996242,-0.1111402993522028,legacy67,minmax,0.7247619047619049,0.7933333333333334,0.0685714285714285,0.9866666666666667,0.96,-0.026666666666666727,0.7380952380952381,0.8333333333333334,0.09523809523809523,19,10
83,0.9444574254983555,-0.02481761454243703,legacy67,minmax,0.700952380952381,0.7933333333333334,0.09238095238095245,0.9866666666666667,0.96,-0.026666666666666727,0.7142857142857143,0.8333333333333334,0.11904761904761907,22,10
83,0.9565499215943818,-0.019292359554919238,legacy67,minmax,0.700952380952381,0.7933333333333334,0.09238095238095245,0.9866666666666667,0.96,-0.026666666666666727,0.7142857142857143,0.8333333333333334,0.11904761904761907,22,10
83,1.1400863701127315,0.0569377536544464,legacy67,minmax,0.700952380952381,0.7933333333333334,0.09238095238095245,0.9866666666666667,0.96,-0.026666666666666727,0.7142857142857143,0.8333333333333334,0.11904761904761907,24,10
83,1.2030178871154662,0.08027208471124325,legacy67,minmax,0.700952380952381,0.7933333333333334,0.09238095238095245,0.9866666666666667,0.96,-0.026666666666666727,0.7142857142857143,0.8333333333333334,0.11904761904761907,24,10
83,1.2329098365270508,0.0909313175279762,legacy67,minmax,0.7247619047619049,0.7933333333333334,0.0685714285714285,0.9866666666666667,0.96,-0.026666666666666727,0.7380952380952381,0.8333333333333334,0.09523809523809523,24,10
83,1.2561043700013554,0.09902572652895136,legacy67,minmax,0.7247619047619049,0.7933333333333334,0.0685714285714285,0.9866666666666667,0.96,-0.026666666666666727,0.7380952380952381,0.8333333333333334,0.09523809523809523,24,10
83,1.4817820606039076,0.17078433263299386,legacy67,minmax,0.7114285714285715,0.7933333333333334,0.08190476190476192,0.9733333333333334,0.96,-0.01333333333333342,0.7380952380952381,0.8333333333333334,0.09523809523809523,26,10
83,1.5375920235481748,0.1868411173731186,legacy67,minmax,0.7114285714285715,0.7933333333333334,0.08190476190476192,0.9733333333333334,0.96,-0.01333333333333342,0.7380952380952381,0.8333333333333334,0.09523809523809523,26,10
83,1.7583640270008503,0.24510879027798493,legacy67,minmax,0.6742857142857144,0.7933333333333334,0.11904761904761907,0.96,0.96,0.0,0.7142857142857143,0.8333333333333334,0.11904761904761907,27,10
83,2.34238498471129,0.36965827544816987,legacy67,minmax,0.6742857142857144,0.7933333333333334,0.11904761904761907,0.96,0.96,0.0,0.7142857142857143,0.8333333333333334,0.11904761904761907,29,10
83,2.4637685958997446,0.39159991524434057,legacy67,minmax,0.6742857142857144,0.7933333333333334,0.11904761904761907,0.96,0.96,0.0,0.7142857142857143,0.8333333333333334,0.11904761904761907,29,10
83,2.4810409748678097,0.3946339367881464,legacy67,minmax,0.6742857142857144,0.7933333333333334,0.11904761904761907,0.96,0.96,0.0,0.7142857142857143,0.8333333333333334,0.11904761904761907,29,10
83,2.5378155082656626,0.40446004697283516,legacy67,minmax,0.6742857142857144,0.7933333333333334,0.11904761904761907,0.96,0.96,0.0,0.7142857142857143,0.8333333333333334,0.11904761904761907,29,10
83,2.692646910086177,0.43017940760575346,legacy67,minmax,0.660952380952381,0.7933333333333334,0.1323809523809525,0.9466666666666667,0.96,0.013333333333333308,0.7142857142857143,0.8333333333333334,0.11904761904761907,29,10
83,2.801635158716258,0.4474115788895179,legacy67,minmax,0.6847619047619049,0.7933333333333334,0.10857142857142854,0.9466666666666667,0.96,0.013333333333333308,0.7380952380952381,0.8333333333333334,0.09523809523809523,30,10
83,3.113095956122122,0.4931925073102317,legacy67,minmax,0.6980952380952381,0.7933333333333334,0.09523809523809534,0.96,0.96,0.0,0.7380952380952381,0.8333333333333334,0.09523809523809523,30,10
83,3.550012525851159,0.5502298854208525,legacy67,minmax,0.6980952380952381,0.7933333333333334,0.09523809523809534,0.96,0.96,0.0,0.7380952380952381,0.8333333333333334,0.09523809523809523,29,10
83,4.467752817973904,0.6500891374159279,legacy67,minmax,0.6980952380952381,0.7933333333333334,0.09523809523809534,0.96,0.96,0.0,0.7380952380952381,0.8333333333333334,0.09523809523809523,30,10
83,5.456725485601473,0.7369321060486276,legacy67,minmax,0.7114285714285715,0.8171428571428572,0.10571428571428565,0.9733333333333334,0.96,-0.01333333333333342,0.7380952380952381,0.8571428571428571,0.11904761904761896,30,10
83,6.72093005015611,0.8274293753904685,legacy67,minmax,0.7114285714285715,0.8171428571428572,0.10571428571428565,0.9733333333333334,0.96,-0.01333333333333342,0.7380952380952381,0.8571428571428571,0.11904761904761896,30,10
83,6.7965780907581514,0.832290311184182,legacy67,minmax,0.7114285714285715,0.7933333333333334,0.08190476190476192,0.9733333333333334,0.96,-0.01333333333333342,0.7380952380952381,0.8333333333333334,0.09523809523809523,30,10
83,7.128188058401357,0.85297914889198,legacy67,minmax,0.7114285714285715,0.8171428571428572,0.10571428571428565,0.9733333333333334,0.96,-0.01333333333333342,0.7380952380952381,0.8571428571428571,0.11904761904761896,30,10
83,8.241925264876443,0.9160286721639492,legacy67,minmax,0.7114285714285715,0.7933333333333334,0.08190476190476192,0.9733333333333334,0.96,-0.01333333333333342,0.7380952380952381,0.8333333333333334,0.09523809523809523,31,30
83,8.287522363768153,0.9184247133522563,legacy67,minmax,0.7114285714285715,0.7933333333333334,0.08190476190476192,0.9733333333333334,0.96,-0.01333333333333342,0.7380952380952381,0.8333333333333334,0.09523809523809523,31,30
83,8.471801418819974,0.9279757672456204,legacy67,minmax,0.7114285714285715,0.7933333333333334,0.08190476190476192,0.9733333333333334,0.96,-0.01333333333333342,0.7380952380952381,0.8333333333333334,0.09523809523809523,31,30
83,11.044350847124681,1.0431401944675898,legacy67,minmax,0.7114285714285715,0.8171428571428572,0.10571428571428565,0.9733333333333334,0.96,-0.01333333333333342,0.7380952380952381,0.8571428571428571,0.11904761904761896,30,30
83,12.130221181165155,1.083868719818244,legacy67,minmax,0.7114285714285715,0.8171428571428572,0.10571428571428565,0.9733333333333334,0.96,-0.01333333333333342,0.7380952380952381,0.8571428571428571,0.11904761904761896,31,30
83,12.164139351417056,1.085081386743783,legacy67,minmax,0.7114285714285715,0.8171428571428572,0.10571428571428565,0.9733333333333334,0.96,-0.01333333333333342,0.7380952380952381,0.8571428571428571,0.11904761904761896,31,30
83,12.273800987852958,1.0889790771866297,legacy67,minmax,0.7114285714285715,0.8171428571428572,0.10571428571428565,0.9733333333333334,0.96,-0.01333333333333342,0.7380952380952381,0.8571428571428571,0.11904761904761896,31,30
83,12.604664585649452,1.1005312934444582,legacy67,minmax,0.7114285714285715,0.8171428571428572,0.10571428571428565,0.9733333333333334,0.96,-0.01333333333333342,0.7380952380952381,0.8571428571428571,0.11904761904761896,31,30
83,13.826232179369853,1.1407038455720544,legacy67,minmax,0.7114285714285715,0.8171428571428572,0.10571428571428565,0.9733333333333334,0.96,-0.01333333333333342,0.7380952380952381,0.8571428571428571,0.11904761904761896,31,30
83,16.172900811143133,1.2087879230161587,legacy67,minmax,0.7114285714285715,0.8409523809523809,0.12952380952380937,0.9733333333333334,0.96,-0.01333333333333342,0.7380952380952381,0.8809523809523809,0.1428571428571428,31,30
83,17.123375973163967,1.2335893924658445,legacy67,minmax,0.7114285714285715,0.8409523809523809,0.12952380952380937,0.9733333333333334,0.96,-0.01333333333333342,0.7380952380952381,0.8809523809523809,0.1428571428571428,31,30
83,18.274508859816006,1.2618457138193366,legacy67,minmax,0.7114285714285715,0.8409523809523809,0.12952380952380937,0.9733333333333334,0.96,-0.01333333333333342,0.7380952380952381,0.8809523809523809,0.1428571428571428,31,30
83,20.65142557895924,1.3149500366077174,legacy67,minmax,0.7114285714285715,0.8409523809523809,0.12952380952380937,0.9733333333333334,0.96,-0.01333333333333342,0.7380952380952381,0.8809523809523809,0.1428571428571428,31,30
83,21.36832907235874,1.329770563201687,legacy67,minmax,0.7114285714285715,0.8409523809523809,0.12952380952380937,0.9733333333333334,0.96,-0.01333333333333342,0.7380952380952381,0.8809523809523809,0.1428571428571428,31,30
83,28.340904295147727,1.452413703502374,legacy67,minmax,0.7114285714285715,0.8409523809523809,0.12952380952380937,0.9733333333333334,0.96,-0.01333333333333342,0.7380952380952381,0.8809523809523809,0.1428571428571428,31,30
83,29.154431891537524,1.4647045830997407,legacy67,minmax,0.7114285714285715,0.8409523809523809,0.12952380952380937,0.9733333333333334,0.96,-0.01333333333333342,0.7380952380952381,0.8809523809523809,0.1428571428571428,31,30
83,35.387588647792384,1.5488509703053062,legacy67,minmax,0.7114285714285715,0.8409523809523809,0.12952380952380937,0.9733333333333334,0.96,-0.01333333333333342,0.7380952380952381,0.8809523809523809,0.1428571428571428,33,30
83,37.95853142670639,1.5793094017105953,legacy67,minmax,0.7114285714285715,0.8276190476190477,0.11619047619047618,0.9733333333333334,0.9466666666666667,-0.026666666666666727,0.7380952380952381,0.8809523809523809,0.1428571428571428,33,30
83,43.37920697490936,1.6372816083151283,legacy67,minmax,0.7114285714285715,0.8276190476190477,0.11619047619047618,0.9733333333333334,0.9466666666666667,-0.026666666666666727,0.7380952380952381,0.8809523809523809,0.1428571428571428,33,30
83,48.69640941520897,1.6874969400924673,legacy67,minmax,0.7114285714285715,0.8276190476190477,0.11619047619047618,0.9733333333333334,0.9466666666666667,-0.026666666666666727,0.7380952380952381,0.8809523809523809,0.1428571428571428,33,30
83,57.279044707996185,1.7579957662567565,legacy67,minmax,0.7114285714285715,0.8276190476190477,0.11619047619047618,0.9733333333333334,0.9466666666666667,-0.026666666666666727,0.7380952380952381,0.8809523809523809,0.1428571428571428,33,30
83,62.45139574743064,1.795542149013333,legacy67,minmax,0.7114285714285715,0.8276190476190477,0.11619047619047618,0.9733333333333334,0.9466666666666667,-0.026666666666666727,0.7380952380952381,0.8809523809523809,0.1428571428571428,33,31
83,63.512210106406926,1.8028572256396647,legacy67,minmax,0.7114285714285715,0.8276190476190477,0.11619047619047618,0.9733333333333334,0.9466666666666667,-0.026666666666666727,0.7380952380952381,0.8809523809523809,0.1428571428571428,33,31
83,72.86653737491037,1.8625281322982374,legacy67,minmax,0.7352380952380952,0.8276190476190477,0.09238095238095245,0.9733333333333334,0.9466666666666667,-0.026666666666666727,0.7619047619047619,0.8809523809523809,0.11904761904761907,33,31
83,75.56810141274423,1.8783385110582342,legacy67,minmax,0.7352380952380952,0.8276190476190477,0.09238095238095245,0.9733333333333334,0.9466666666666667,-0.026666666666666727,0.7619047619047619,0.8809523809523809,0.11904761904761907,33,31
83,75.79479953347995,1.8796394086479773,legacy67,minmax,0.7352380952380952,0.8276190476190477,0.09238095238095245,0.9733333333333334,0.9466666666666667,-0.026666666666666727,0.7619047619047619,0.8809523809523809,0.11904761904761907,33,31
83,88.62326508576248,1.9475477464020692,legacy67,minmax,0.7352380952380952,0.8276190476190477,0.09238095238095245,0.9733333333333334,0.9466666666666667,-0.026666666666666727,0.7619047619047619,0.8809523809523809,0.11904761904761907,33,32
84,0.010521761868451128,-1.9779115315055904,legacy67,minmax,0.0,0.0,0.0,1.0,1.0,0.0,0.0,0.0,0.0,0,0
84,0.012087541473056955,-1.9176620228167902,legacy67,minmax,0.0,0.0,0.0,1.0,1.0,0.0,0.0,0.0,0.0,0,0
84,0.01263794633808287,-1.8983234930236192,legacy67,minmax,0.0,0.0,0.0,1.0,1.0,0.0,0.0,0.0,0.0,0,0
84,0.013726318898045865,-1.8624459155391264,legacy67,minmax,0.0,0.0,0.0,1.0,1.0,0.0,0.0,0.0,0.0,0,0
84,0.0151673306880762,-1.8190908443578477,legacy67,minmax,0.0,0.0,0.0,1.0,1.0,0.0,0.0,0.0,0.0,0,0
84,0.015339162591163618,-1.814198349120009,legacy67,minmax,0.0,0.0,0.0,1.0,1.0,0.0,0.0,0.0,0.0,0,0
84,0.017073967431528118,-1.7676655513272022,legacy67,minmax,0.0,0.0,0.0,1.0,1.0,0.0,0.0,0.0,0.0,1,0
84,0.017956984225677628,-1.7457665988559055,legacy67,minmax,0.0,0.0,0.0,1.0,1.0,0.0,0.0,0.0,0.0,1,1
84,0.018205657658407252,-1.739793628058882,legacy67,minmax,0.0,0.0,0.0,1.0,1.0,0.0,0.0,0.0,0.0,1,1
84,0.019777828512462715,-1.7038213930636386,legacy67,minmax,0.0,0.0,0.0,1.0,1.0,0.0,0.0,0.0,0.0,3,1
84,0.01987021538542862,-1.7017974252809167,legacy67,minmax,0.0,0.0,0.0,1.0,1.0,0.0,0.0,0.0,0.0,3,1
84,0.022592797420156945,-1.646029991792322,legacy67,minmax,0.26190476190476186,0.0,-0.26190476190476186,1.0,1.0,0.0,0.2619047619047619,0.0,-0.2619047619047619,4,1
84,0.024586032763280048,-1.6093115439744645,legacy67,minmax,0.3571428571428572,0.5476190476190477,0.19047619047619047,1.0,1.0,0.0,0.35714285714285715,0.5476190476190477,0.19047619047619052,4,1
84,0.027012557725439066,-1.5684342920267822,legacy67,minmax,0.38095238095238093,0.5476190476190477,0.16666666666666674,1.0,1.0,0.0,0.38095238095238093,0.5476190476190477,0.16666666666666674,4,2
84,0.029072088906598435,-1.5365237618994811,legacy67,minmax,0.5,0.5476190476190477,0.04761904761904767,1.0,1.0,0.0,0.5,0.5476190476190477,0.04761904761904767,4,2
84,0.030086868214458433,-1.5216230162467932,legacy67,minmax,0.5,0.5476190476190477,0.04761904761904767,1.0,1.0,0.0,0.5,0.5476190476190477,0.04761904761904767,4,2
84,0.030771802712506853,-1.5118470606208847,legacy67,minmax,0.5238095238095237,0.5476190476190477,0.023809523809523947,1.0,1.0,0.0,0.5238095238095238,0.5476190476190477,0.023809523809523836,4,2
84,0.036138942712165265,-1.4420245573918327,legacy67,minmax,0.5476190476190477,0.5476190476190477,0.0,1.0,1.0,0.0,0.5476190476190477,0.5476190476190477,0.0,4,2
84,0.03661819220392428,-1.4363031001009494,legacy67,minmax,0.5476190476190477,0.5476190476190477,0.0,1.0,1.0,0.0,0.5476190476190477,0.5476190476190477,0.0,4,2
84,0.04207053950287936,-1.3760219186551894,legacy67,minmax,0.5476190476190477,0.5476190476190477,0.0,1.0,1.0,0.0,0.5476190476190477,0.5476190476190477,0.0,4,3
84,0.04207988669606635,-1.375925438230254,legacy67,minmax,0.5476190476190477,0.5476190476190477,0.0,1.0,1.0,0.0,0.5476190476190477,0.5476190476190477,0.0,4,3
84,0.04809461967501572,-1.3179035052508339,legacy67,minmax,0.5314285714285714,0.5952380952380953,0.06380952380952398,0.96,1.0,0.040000000000000036,0.5714285714285714,0.5952380952380952,0.023809523809523836,4,3
84,0.05337032762603955,-1.2727001311715975,legacy67,minmax,0.6028571428571428,0.5952380952380953,-0.007619047619047414,0.96,1.0,0.040000000000000036,0.6428571428571429,0.5952380952380952,-0.04761904761904767,4,3
84,0.05415244119402536,-1.2663819605862647,legacy67,minmax,0.6028571428571428,0.5952380952380953,-0.007619047619047414,0.96,1.0,0.040000000000000036,0.6428571428571429,0.5952380952380952,-0.04761904761904767,4,4
84,0.05488047000766042,-1.2605821778978918,legacy67,minmax,0.6028571428571428,0.5952380952380953,-0.007619047619047414,0.96,1.0,0.040000000000000036,0.6428571428571429,0.5952380952380952,-0.04761904761904767,4,4
84,0.060803901902965994,-1.2160685503234192,legacy67,minmax,0.5761904761904764,0.5952380952380953,0.01904761904761898,0.9333333333333333,1.0,0.06666666666666665,0.6428571428571429,0.5952380952380952,-0.04761904761904767,6,4
84,0.06235377135673155,-1.2051372738633104,legacy67,minmax,0.5761904761904764,0.5952380952380953,0.01904761904761898,0.9333333333333333,1.0,0.06666666666666665,0.6428571428571429,0.5952380952380952,-0.04761904761904767,7,4
84,0.06290644294586147,-1.201304871366561,legacy67,minmax,0.5761904761904764,0.5952380952380953,0.01904761904761898,0.9333333333333333,1.0,0.06666666666666665,0.6428571428571429,0.5952380952380952,-0.04761904761904767,7,4
84,0.07068974950624601,-1.1506435572868954,legacy67,minmax,0.5761904761904764,0.6190476190476191,0.042857142857142705,0.9333333333333333,1.0,0.06666666666666665,0.6428571428571429,0.6190476190476191,-0.023809523809523836,7,4
84,0.10842262717330158,-0.9648800735999323,legacy67,minmax,0.6504761904761904,0.7380952380952381,0.08761904761904771,0.96,1.0,0.040000000000000036,0.6904761904761905,0.7380952380952381,0.04761904761904767,10,7
84,0.12172958098369964,-0.9146038729044164,legacy67,minmax,0.6504761904761904,0.7380952380952381,0.08761904761904771,0.96,1.0,0.040000000000000036,0.6904761904761905,0.7380952380952381,0.04761904761904767,11,7
84,0.1329652145729951,-0.876261961250477,legacy67,minmax,0.6504761904761904,0.8095238095238095,0.1590476190476191,0.96,1.0,0.040000000000000036,0.6904761904761905,0.8095238095238095,0.11904761904761907,14,7
84,0.14618962793704957,-0.8350834392078323,legacy67,minmax,0.637142857142857,0.8571428571428572,0.2200000000000002,0.9466666666666667,1.0,0.053333333333333344,0.6904761904761905,0.8571428571428571,0.16666666666666663,14,7
84,0.14742753159914665,-0.8314214058591274,legacy67,minmax,0.637142857142857,0.8571428571428572,0.2200000000000002,0.9466666666666667,1.0,0.053333333333333344,0.6904761904761905,0.8571428571428571,0.16666666666666663,14,7
84,0.16480446427978968,-0.7830310281618491,legacy67,minmax,0.637142857142857,0.8571428571428572,0.2200000000000002,0.9466666666666667,1.0,0.053333333333333344,0.6904761904761905,0.8571428571428571,0.16666666666666663,15,7
84,0.16536937182824418,-0.7815449233065173,legacy67,minmax,0.637142857142857,0.8571428571428572,0.2200000000000002,0.9466666666666667,1.0,0.053333333333333344,0.6904761904761905,0.8571428571428571,0.16666666666666663,15,7
84,0.1753594952976441,-0.7560707131373512,legacy67,minmax,0.6133333333333333,0.8571428571428572,0.24380952380952392,0.9466666666666667,1.0,0.053333333333333344,0.6666666666666666,0.8571428571428571,0.19047619047619047,16,7
84,0.17654048052495064,-0.7531556956423562,legacy67,minmax,0.6133333333333333,0.8571428571428572,0.24380952380952392,0.9466666666666667,1.0,0.053333333333333344,0.6666666666666666,0.8571428571428571,0.19047619047619047,16,7
84,0.1998634077852887,-0.6992667118930118,legacy67,minmax,0.6028571428571428,0.8571428571428572,0.25428571428571445,0.96,1.0,0.040000000000000036,0.6428571428571429,0.8571428571428571,0.2142857142857142,17,7
84,0.2001342062287997,-0.6986786769469426,legacy67,minmax,0.6028571428571428,0.8571428571428572,0.25428571428571445,0.96,1.0,0.040000000000000036,0.6428571428571429,0.8571428571428571,0.2142857142857142,17,7
84,0.21066486017042194,-0.6764079005894033,legacy67,minmax,0.6266666666666665,0.8571428571428572,0.23047619047619072,0.96,1.0,0.040000000000000036,0.6666666666666666,0.8571428571428571,0.19047619047619047,18,7
84,0.2673088310781669,-0.5729866932256429,legacy67,minmax,0.6133333333333333,0.8571428571428572,0.24380952380952392,0.9466666666666667,1.0,0.053333333333333344,0.6666666666666666,0.8571428571428571,0.19047619047619047,18,7
84,0.2715581955282939,-0.5661370858229096,legacy67,minmax,0.6133333333333333,0.8571428571428572,0.24380952380952392,0.9466666666666667,1.0,0.053333333333333344,0.6666666666666666,0.8571428571428571,0.19047619047619047,18,7
84,0.292043384718141,-0.5345526268252332,legacy67,minmax,0.5895238095238096,0.8571428571428572,0.26761904761904765,0.9466666666666667,1.0,0.053333333333333344,0.6428571428571429,0.8571428571428571,0.2142857142857142,19,7
84,0.314891164795686,-0.50183952461055,legacy67,minmax,0.5895238095238096,0.8571428571428572,0.26761904761904765,0.9466666666666667,1.0,0.053333333333333344,0.6428571428571429,0.8571428571428571,0.2142857142857142,20,7
84,0.35868164986275475,-0.44529084124207197,legacy67,minmax,0.6133333333333333,0.8571428571428572,0.24380952380952392,0.9466666666666667,1.0,0.053333333333333344,0.6666666666666666,0.8571428571428571,0.19047619047619047,20,8
84,0.5130551760589832,-0.2898359265658015,legacy67,minmax,0.637142857142857,0.8171428571428572,0.18000000000000016,0.9466666666666667,0.96,0.013333333333333308,0.6904761904761905,0.8571428571428571,0.16666666666666663,21,8
84,0.5342937261279772,-0.27221992543153695,legacy67,minmax,0.637142857142857,0.8171428571428572,0.18000000000000016,0.9466666666666667,0.96,0.013333333333333308,0.6904761904761905,0.8571428571428571,0.16666666666666663,22,9
84,0.5762487216478598,-0.23939002504159476,legacy67,minmax,0.637142857142857,0.8171428571428572,0.18000000000000016,0.9466666666666667,0.96,0.013333333333333308,0.6904761904761905,0.8571428571428571,0.16666666666666663,23,9
84,0.6672367170464204,-0.17572006313185626,legacy67,minmax,0.6238095238095238,0.8171428571428572,0.19333333333333336,0.9333333333333333,0.96,0.026666666666666616,0.6904761904761905,0.8571428571428571,0.16666666666666663,25,9
84,0.7742116473996242,-0.1111402993522028,legacy67,minmax,0.6476190476190475,0.8171428571428572,0.16952380952380963,0.9333333333333333,0.96,0.026666666666666616,0.7142857142857143,0.8571428571428571,0.1428571428571428,26,9
84,0.9444574254983555,-0.02481761454243703,legacy67,minmax,0.6104761904761906,0.8409523809523809,0.23047619047619028,0.92,0.96,0.039999999999999925,0.6904761904761905,0.8809523809523809,0.19047619047619047,26,8
84,0.9565499215943818,-0.019292359554919238,legacy67,minmax,0.6238095238095238,0.8409523809523809,0.21714285714285708,0.9333333333333333,0.96,0.026666666666666616,0.6904761904761905,0.8809523809523809,0.19047619047619047,27,8
84,1.1400863701127315,0.0569377536544464,legacy67,minmax,0.6476190476190475,0.8514285714285714,0.20380952380952388,0.9333333333333333,0.9466666666666667,0.013333333333333308,0.7142857142857143,0.9047619047619048,0.19047619047619047,29,8
84,1.2030178871154662,0.08027208471124325,legacy67,minmax,0.6476190476190475,0.8514285714285714,0.20380952380952388,0.9333333333333333,0.9466666666666667,0.013333333333333308,0.7142857142857143,0.9047619047619048,0.19047619047619047,30,8
84,1.2329098365270508,0.0909313175279762,legacy67,minmax,0.6476190476190475,0.8514285714285714,0.20380952380952388,0.9333333333333333,0.9466666666666667,0.013333333333333308,0.7142857142857143,0.9047619047619048,0.19047619047619047,30,8
84,1.2561043700013554,0.09902572652895136,legacy67,minmax,0.6476190476190475,0.8514285714285714,0.20380952380952388,0.9333333333333333,0.9466666666666667,0.013333333333333308,0.7142857142857143,0.9047619047619048,0.19047619047619047,30,8
84,1.4817820606039076,0.17078433263299386,legacy67,minmax,0.6476190476190475,0.8514285714285714,0.20380952380952388,0.9333333333333333,0.9466666666666667,0.013333333333333308,0.7142857142857143,0.9047619047619048,0.19047619047619047,30,8
84,1.5375920235481748,0.1868411173731186,legacy67,minmax,0.6238095238095238,0.8514285714285714,0.2276190476190476,0.9333333333333333,0.9466666666666667,0.013333333333333308,0.6904761904761905,0.9047619047619048,0.2142857142857143,30,8
84,1.7583640270008503,0.24510879027798493,legacy67,minmax,0.6476190476190475,0.8514285714285714,0.20380952380952388,0.9333333333333333,0.9466666666666667,0.013333333333333308,0.7142857142857143,0.9047619047619048,0.19047619047619047,31,8
84,2.34238498471129,0.36965827544816987,legacy67,minmax,0.6000000000000001,0.8514285714285714,0.25142857142857133,0.9333333333333333,0.9466666666666667,0.013333333333333308,0.6666666666666666,0.9047619047619048,0.23809523809523814,32,8
84,2.4637685958997446,0.39159991524434057,legacy67,minmax,0.6000000000000001,0.8514285714285714,0.25142857142857133,0.9333333333333333,0.9466666666666667,0.013333333333333308,0.6666666666666666,0.9047619047619048,0.23809523809523814,32,8
84,2.4810409748678097,0.3946339367881464,legacy67,minmax,0.6000000000000001,0.8514285714285714,0.25142857142857133,0.9333333333333333,0.9466666666666667,0.013333333333333308,0.6666666666666666,0.9047619047619048,0.23809523809523814,32,8
84,2.5378155082656626,0.40446004697283516,legacy67,minmax,0.6000000000000001,0.8514285714285714,0.25142857142857133,0.9333333333333333,0.9466666666666667,0.013333333333333308,0.6666666666666666,0.9047619047619048,0.23809523809523814,32,8
84,2.692646910086177,0.43017940760575346,legacy67,minmax,0.562857142857143,0.8514285714285714,0.2885714285714285,0.92,0.9466666666666667,0.026666666666666616,0.6428571428571429,0.9047619047619048,0.26190476190476186,32,8
84,2.801635158716258,0.4474115788895179,legacy67,minmax,0.562857142857143,0.8514285714285714,0.2885714285714285,0.92,0.9466666666666667,0.026666666666666616,0.6428571428571429,0.9047619047619048,0.26190476190476186,32,8
84,3.113095956122122,0.4931925073102317,legacy67,minmax,0.562857142857143,0.8514285714285714,0.2885714285714285,0.92,0.9466666666666667,0.026666666666666616,0.6428571428571429,0.9047619047619048,0.26190476190476186,32,8
84,3.550012525851159,0.5502298854208525,legacy67,minmax,0.562857142857143,0.8514285714285714,0.2885714285714285,0.92,0.9466666666666667,0.026666666666666616,0.6428571428571429,0.9047619047619048,0.26190476190476186,31,8
84,4.467752817973904,0.6500891374159279,legacy67,minmax,0.562857142857143,0.8514285714285714,0.2885714285714285,0.92,0.9466666666666667,0.026666666666666616,0.6428571428571429,0.9047619047619048,0.26190476190476186,31,8
84,5.456725485601473,0.7369321060486276,legacy67,minmax,0.5866666666666667,0.8514285714285714,0.26476190476190475,0.92,0.9466666666666667,0.026666666666666616,0.6666666666666666,0.9047619047619048,0.23809523809523814,31,8
84,6.72093005015611,0.8274293753904685,legacy67,minmax,0.5733333333333333,0.8514285714285714,0.2780952380952382,0.9066666666666666,0.9466666666666667,0.040000000000000036,0.6666666666666666,0.9047619047619048,0.23809523809523814,31,8
84,6.7965780907581514,0.832290311184182,legacy67,minmax,0.5733333333333333,0.8514285714285714,0.2780952380952382,0.9066666666666666,0.9466666666666667,0.040000000000000036,0.6666666666666666,0.9047619047619048,0.23809523809523814,31,8
84,7.128188058401357,0.85297914889198,legacy67,minmax,0.5733333333333333,0.8514285714285714,0.2780952380952382,0.9066666666666666,0.9466666666666667,0.040000000000000036,0.6666666666666666,0.9047619047619048,0.23809523809523814,31,8
84,8.241925264876443,0.9160286721639492,legacy67,minmax,0.5733333333333333,0.8514285714285714,0.2780952380952382,0.9066666666666666,0.9466666666666667,0.040000000000000036,0.6666666666666666,0.9047619047619048,0.23809523809523814,32,28
84,8.287522363768153,0.9184247133522563,legacy67,minmax,0.5733333333333333,0.8514285714285714,0.2780952380952382,0.9066666666666666,0.9466666666666667,0.040000000000000036,0.6666666666666666,0.9047619047619048,0.23809523809523814,32,28
84,8.471801418819974,0.9279757672456204,legacy67,minmax,0.5733333333333333,0.8514285714285714,0.2780952380952382,0.9066666666666666,0.9466666666666667,0.040000000000000036,0.6666666666666666,0.9047619047619048,0.23809523809523814,32,28
84,11.044350847124681,1.0431401944675898,legacy67,minmax,0.5361904761904763,0.8514285714285714,0.3152380952380951,0.8933333333333333,0.9466666666666667,0.053333333333333344,0.6428571428571429,0.9047619047619048,0.26190476190476186,32,28
84,12.130221181165155,1.083868719818244,legacy67,minmax,0.5361904761904763,0.8514285714285714,0.3152380952380951,0.8933333333333333,0.9466666666666667,0.053333333333333344,0.6428571428571429,0.9047619047619048,0.26190476190476186,32,28
84,12.164139351417056,1.085081386743783,legacy67,minmax,0.5361904761904763,0.8514285714285714,0.3152380952380951,0.8933333333333333,0.9466666666666667,0.053333333333333344,0.6428571428571429,0.9047619047619048,0.26190476190476186,32,28
84,12.273800987852958,1.0889790771866297,legacy67,minmax,0.5361904761904763,0.8514285714285714,0.3152380952380951,0.8933333333333333,0.9466666666666667,0.053333333333333344,0.6428571428571429,0.9047619047619048,0.26190476190476186,32,28
84,12.604664585649452,1.1005312934444582,legacy67,minmax,0.5361904761904763,0.8514285714285714,0.3152380952380951,0.8933333333333333,0.9466666666666667,0.053333333333333344,0.6428571428571429,0.9047619047619048,0.26190476190476186,33,28
84,13.826232179369853,1.1407038455720544,legacy67,minmax,0.5361904761904763,0.8514285714285714,0.3152380952380951,0.8933333333333333,0.9466666666666667,0.053333333333333344,0.6428571428571429,0.9047619047619048,0.26190476190476186,33,28
84,16.172900811143133,1.2087879230161587,legacy67,minmax,0.56,0.8514285714285714,0.29142857142857137,0.8933333333333333,0.9466666666666667,0.053333333333333344,0.6666666666666666,0.9047619047619048,0.23809523809523814,33,28
84,17.123375973163967,1.2335893924658445,legacy67,minmax,0.56,0.8514285714285714,0.29142857142857137,0.8933333333333333,0.9466666666666667,0.053333333333333344,0.6666666666666666,0.9047619047619048,0.23809523809523814,33,28
84,18.274508859816006,1.2618457138193366,legacy67,minmax,0.56,0.8514285714285714,0.29142857142857137,0.8933333333333333,0.9466666666666667,0.053333333333333344,0.6666666666666666,0.9047619047619048,0.23809523809523814,33,28
84,20.65142557895924,1.3149500366077174,legacy67,minmax,0.56,0.8514285714285714,0.29142857142857137,0.8933333333333333,0.9466666666666667,0.053333333333333344,0.6666666666666666,0.9047619047619048,0.23809523809523814,33,28
84,21.36832907235874,1.329770563201687,legacy67,minmax,0.56,0.8514285714285714,0.29142857142857137,0.8933333333333333,0.9466666666666667,0.053333333333333344,0.6666666666666666,0.9047619047619048,0.23809523809523814,33,28
84,28.340904295147727,1.452413703502374,legacy67,minmax,0.56,0.8514285714285714,0.29142857142857137,0.8933333333333333,0.9466666666666667,0.053333333333333344,0.6666666666666666,0.9047619047619048,0.23809523809523814,33,31
84,29.154431891537524,1.4647045830997407,legacy67,minmax,0.56,0.8514285714285714,0.29142857142857137,0.8933333333333333,0.9466666666666667,0.053333333333333344,0.6666666666666666,0.9047619047619048,0.23809523809523814,33,31
84,35.387588647792384,1.5488509703053062,legacy67,minmax,0.56,0.8514285714285714,0.29142857142857137,0.8933333333333333,0.9466666666666667,0.053333333333333344,0.6666666666666666,0.9047619047619048,0.23809523809523814,33,31
84,37.95853142670639,1.5793094017105953,legacy67,minmax,0.56,0.8514285714285714,0.29142857142857137,0.8933333333333333,0.9466666666666667,0.053333333333333344,0.6666666666666666,0.9047619047619048,0.23809523809523814,33,31
84,43.37920697490936,1.6372816083151283,legacy67,minmax,0.56,0.8514285714285714,0.29142857142857137,0.8933333333333333,0.9466666666666667,0.053333333333333344,0.6666666666666666,0.9047619047619048,0.23809523809523814,33,31
84,48.69640941520897,1.6874969400924673,legacy67,minmax,0.56,0.8514285714285714,0.29142857142857137,0.8933333333333333,0.9466666666666667,0.053333333333333344,0.6666666666666666,0.9047619047619048,0.23809523809523814,33,31
84,57.279044707996185,1.7579957662567565,legacy67,minmax,0.56,0.8514285714285714,0.29142857142857137,0.8933333333333333,0.9466666666666667,0.053333333333333344,0.6666666666666666,0.9047619047619048,0.23809523809523814,33,31
84,62.45139574743064,1.795542149013333,legacy67,minmax,0.56,0.8514285714285714,0.29142857142857137,0.8933333333333333,0.9466666666666667,0.053333333333333344,0.6666666666666666,0.9047619047619048,0.23809523809523814,33,31
84,63.512210106406926,1.8028572256396647,legacy67,minmax,0.56,0.8514285714285714,0.29142857142857137,0.8933333333333333,0.9466666666666667,0.053333333333333344,0.6666666666666666,0.9047619047619048,0.23809523809523814,33,31
84,72.86653737491037,1.8625281322982374,legacy67,minmax,0.56,0.8514285714285714,0.29142857142857137,0.8933333333333333,0.9466666666666667,0.053333333333333344,0.6666666666666666,0.9047619047619048,0.23809523809523814,33,31
84,75.56810141274423,1.8783385110582342,legacy67,minmax,0.56,0.8514285714285714,0.29142857142857137,0.8933333333333333,0.9466666666666667,0.053333333333333344,0.6666666666666666,0.9047619047619048,0.23809523809523814,33,31
84,75.79479953347995,1.8796394086479773,legacy67,minmax,0.56,0.8514285714285714,0.29142857142857137,0.8933333333333333,0.9466666666666667,0.053333333333333344,0.6666666666666666,0.9047619047619048,0.23809523809523814,33,31
84,88.62326508576248,1.9475477464020692,legacy67,minmax,0.56,0.8514285714285714,0.29142857142857137,0.8933333333333333,0.9466666666666667,0.053333333333333344,0.6666666666666666,0.9047619047619048,0.23809523809523814,33,31
85,0.010521761868451128,-1.9779115315055904,legacy67,minmax,0.0,0.0,0.0,1.0,1.0,0.0,0.0,0.0,0.0,0,0
85,0.012087541473056955,-1.9176620228167902,legacy67,minmax,0.0,0.0,0.0,1.0,1.0,0.0,0.0,0.0,0.0,0,0
85,0.01263794633808287,-1.8983234930236192,legacy67,minmax,0.0,0.0,0.0,1.0,1.0,0.0,0.0,0.0,0.0,0,0
85,0.013726318898045865,-1.8624459155391264,legacy67,minmax,0.0,0.0,0.0,1.0,1.0,0.0,0.0,0.0,0.0,0,0
85,0.0151673306880762,-1.8190908443578477,legacy67,minmax,0.0,0.0,0.0,1.0,1.0,0.0,0.0,0.0,0.0,0,0
85,0.015339162591163618,-1.814198349120009,legacy67,minmax,0.0,0.0,0.0,1.0,1.0,0.0,0.0,0.0,0.0,0,0
85,0.017073967431528118,-1.7676655513272022,legacy67,minmax,0.0,0.0,0.0,1.0,1.0,0.0,0.0,0.0,0.0,0,0
85,0.017956984225677628,-1.7457665988559055,legacy67,minmax,0.0,0.0,0.0,1.0,1.0,0.0,0.0,0.0,0.0,1,0
85,0.018205657658407252,-1.739793628058882,legacy67,minmax,0.0,0.0,0.0,1.0,1.0,0.0,0.0,0.0,0.0,1,1
85,0.019777828512462715,-1.7038213930636386,legacy67,minmax,0.0,0.0,0.0,1.0,1.0,0.0,0.0,0.0,0.0,2,1
85,0.01987021538542862,-1.7017974252809167,legacy67,minmax,0.0,0.0,0.0,1.0,1.0,0.0,0.0,0.0,0.0,2,1
85,0.022592797420156945,-1.646029991792322,legacy67,minmax,0.1428571428571428,0.0,-0.1428571428571428,1.0,1.0,0.0,0.14285714285714285,0.0,-0.14285714285714285,3,1
85,0.024586032763280048,-1.6093115439744645,legacy67,minmax,0.2857142857142856,0.5714285714285714,0.2857142857142858,1.0,1.0,0.0,0.2857142857142857,0.5714285714285714,0.2857142857142857,3,2
85,0.027012557725439066,-1.5684342920267822,legacy67,minmax,0.30952380952380953,0.5714285714285714,0.26190476190476186,1.0,1.0,0.0,0.30952380952380953,0.5714285714285714,0.26190476190476186,4,2
85,0.029072088906598435,-1.5365237618994811,legacy67,minmax,0.33333333333333326,0.5714285714285714,0.23809523809523814,1.0,1.0,0.0,0.3333333333333333,0.5714285714285714,0.23809523809523808,4,2
85,0.030086868214458433,-1.5216230162467932,legacy67,minmax,0.38095238095238093,0.5714285714285714,0.19047619047619047,1.0,1.0,0.0,0.38095238095238093,0.5714285714285714,0.19047619047619047,4,2
85,0.030771802712506853,-1.5118470606208847,legacy67,minmax,0.40476190476190466,0.5714285714285714,0.16666666666666674,1.0,1.0,0.0,0.40476190476190477,0.5714285714285714,0.16666666666666663,4,2
85,0.036138942712165265,-1.4420245573918327,legacy67,minmax,0.5476190476190477,0.5714285714285714,0.023809523809523725,1.0,1.0,0.0,0.5476190476190477,0.5714285714285714,0.023809523809523725,4,2
85,0.03661819220392428,-1.4363031001009494,legacy67,minmax,0.5476190476190477,0.5714285714285714,0.023809523809523725,1.0,1.0,0.0,0.5476190476190477,0.5714285714285714,0.023809523809523725,4,2
85,0.04207053950287936,-1.3760219186551894,legacy67,minmax,0.5952380952380953,0.5714285714285714,-0.023809523809523947,1.0,1.0,0.0,0.5952380952380952,0.5714285714285714,-0.023809523809523836,4,2
85,0.04207988669606635,-1.375925438230254,legacy67,minmax,0.5952380952380953,0.5714285714285714,-0.023809523809523947,1.0,1.0,0.0,0.5952380952380952,0.5714285714285714,-0.023809523809523836,4,2
85,0.04809461967501572,-1.3179035052508339,legacy67,minmax,0.5714285714285714,0.7142857142857144,0.14285714285714302,1.0,1.0,0.0,0.5714285714285714,0.7142857142857143,0.1428571428571429,5,2
85,0.05337032762603955,-1.2727001311715975,legacy67,minmax,0.6190476190476191,0.7142857142857144,0.09523809523809534,1.0,1.0,0.0,0.6190476190476191,0.7142857142857143,0.09523809523809523,6,5
85,0.05415244119402536,-1.2663819605862647,legacy67,minmax,0.6190476190476191,0.7142857142857144,0.09523809523809534,1.0,1.0,0.0,0.6190476190476191,0.7142857142857143,0.09523809523809523,6,5
85,0.05488047000766042,-1.2605821778978918,legacy67,minmax,0.6428571428571428,0.7142857142857144,0.07142857142857162,1.0,1.0,0.0,0.6428571428571429,0.7142857142857143,0.0714285714285714,6,5
85,0.060803901902965994,-1.2160685503234192,legacy67,minmax,0.677142857142857,0.7142857142857144,0.037142857142857366,0.9866666666666667,1.0,0.013333333333333308,0.6904761904761905,0.7142857142857143,0.023809523809523836,7,5
85,0.06235377135673155,-1.2051372738633104,legacy67,minmax,0.677142857142857,0.6428571428571428,-0.03428571428571425,0.9866666666666667,1.0,0.013333333333333308,0.6904761904761905,0.6428571428571429,-0.04761904761904756,7,5
85,0.06290644294586147,-1.201304871366561,legacy67,minmax,0.677142857142857,0.6428571428571428,-0.03428571428571425,0.9866666666666667,1.0,0.013333333333333308,0.6904761904761905,0.6428571428571429,-0.04761904761904756,7,5
85,0.07068974950624601,-1.1506435572868954,legacy67,minmax,0.6876190476190476,0.6428571428571428,-0.04476190476190478,0.9733333333333334,1.0,0.026666666666666616,0.7142857142857143,0.6428571428571429,-0.0714285714285714,7,6
85,0.10842262717330158,-0.9648800735999323,legacy67,minmax,0.6742857142857144,0.8333333333333335,0.1590476190476191,0.96,1.0,0.040000000000000036,0.7142857142857143,0.8333333333333334,0.11904761904761907,8,8
85,0.12172958098369964,-0.9146038729044164,legacy67,minmax,0.6980952380952381,0.8571428571428572,0.1590476190476191,0.96,1.0,0.040000000000000036,0.7380952380952381,0.8571428571428571,0.11904761904761896,9,9
85,0.1329652145729951,-0.876261961250477,legacy67,minmax,0.6980952380952381,0.8571428571428572,0.1590476190476191,0.96,1.0,0.040000000000000036,0.7380952380952381,0.8571428571428571,0.11904761904761896,11,10
85,0.14618962793704957,-0.8350834392078323,legacy67,minmax,0.6980952380952381,0.8571428571428572,0.1590476190476191,0.96,1.0,0.040000000000000036,0.7380952380952381,0.8571428571428571,0.11904761904761896,11,10
85,0.14742753159914665,-0.8314214058591274,legacy67,minmax,0.6980952380952381,0.8571428571428572,0.1590476190476191,0.96,1.0,0.040000000000000036,0.7380952380952381,0.8571428571428571,0.11904761904761896,11,10
85,0.16480446427978968,-0.7830310281618491,legacy67,minmax,0.6980952380952381,0.8542857142857143,0.1561904761904762,0.96,0.9733333333333334,0.01333333333333342,0.7380952380952381,0.8809523809523809,0.1428571428571428,12,10
85,0.16536937182824418,-0.7815449233065173,legacy67,minmax,0.6980952380952381,0.8542857142857143,0.1561904761904762,0.96,0.9733333333333334,0.01333333333333342,0.7380952380952381,0.8809523809523809,0.1428571428571428,12,10
85,0.1753594952976441,-0.7560707131373512,legacy67,minmax,0.6980952380952381,0.8542857142857143,0.1561904761904762,0.96,0.9733333333333334,0.01333333333333342,0.7380952380952381,0.8809523809523809,0.1428571428571428,12,10
85,0.17654048052495064,-0.7531556956423562,legacy67,minmax,0.6980952380952381,0.8542857142857143,0.1561904761904762,0.96,0.9733333333333334,0.01333333333333342,0.7380952380952381,0.8809523809523809,0.1428571428571428,12,10
85,0.1998634077852887,-0.6992667118930118,legacy67,minmax,0.7219047619047618,0.8542857142857143,0.1323809523809525,0.96,0.9733333333333334,0.01333333333333342,0.7619047619047619,0.8809523809523809,0.11904761904761907,14,10
85,0.2001342062287997,-0.6986786769469426,legacy67,minmax,0.7219047619047618,0.8542857142857143,0.1323809523809525,0.96,0.9733333333333334,0.01333333333333342,0.7619047619047619,0.8809523809523809,0.11904761904761907,14,10
85,0.21066486017042194,-0.6764079005894033,legacy67,minmax,0.7219047619047618,0.8542857142857143,0.1323809523809525,0.96,0.9733333333333334,0.01333333333333342,0.7619047619047619,0.8809523809523809,0.11904761904761907,15,10
85,0.2673088310781669,-0.5729866932256429,legacy67,minmax,0.6980952380952381,0.8542857142857143,0.1561904761904762,0.96,0.9733333333333334,0.01333333333333342,0.7380952380952381,0.8809523809523809,0.1428571428571428,16,9
85,0.2715581955282939,-0.5661370858229096,legacy67,minmax,0.7219047619047618,0.8542857142857143,0.1323809523809525,0.96,0.9733333333333334,0.01333333333333342,0.7619047619047619,0.8809523809523809,0.11904761904761907,16,9
85,0.292043384718141,-0.5345526268252332,legacy67,minmax,0.7219047619047618,0.8542857142857143,0.1323809523809525,0.96,0.9733333333333334,0.01333333333333342,0.7619047619047619,0.8809523809523809,0.11904761904761907,16,9
85,0.314891164795686,-0.50183952461055,legacy67,minmax,0.7561904761904761,0.8542857142857143,0.09809523809523824,0.9466666666666667,0.9733333333333334,0.026666666666666727,0.8095238095238095,0.8809523809523809,0.0714285714285714,17,9
85,0.35868164986275475,-0.44529084124207197,legacy67,minmax,0.7428571428571429,0.8542857142857143,0.11142857142857143,0.9333333333333333,0.9733333333333334,0.040000000000000036,0.8095238095238095,0.8809523809523809,0.0714285714285714,17,9
85,0.5130551760589832,-0.2898359265658015,legacy67,minmax,0.7533333333333334,0.8409523809523809,0.08761904761904749,0.92,0.96,0.039999999999999925,0.8333333333333334,0.8809523809523809,0.04761904761904756,19,9
85,0.5342937261279772,-0.27221992543153695,legacy67,minmax,0.7533333333333334,0.8409523809523809,0.08761904761904749,0.92,0.96,0.039999999999999925,0.8333333333333334,0.8809523809523809,0.04761904761904756,19,9
85,0.5762487216478598,-0.23939002504159476,legacy67,minmax,0.7533333333333334,0.8409523809523809,0.08761904761904749,0.92,0.96,0.039999999999999925,0.8333333333333334,0.8809523809523809,0.04761904761904756,20,9
85,0.6672367170464204,-0.17572006313185626,legacy67,minmax,0.7533333333333334,0.8409523809523809,0.08761904761904749,0.92,0.96,0.039999999999999925,0.8333333333333334,0.8809523809523809,0.04761904761904756,20,8
85,0.7742116473996242,-0.1111402993522028,legacy67,minmax,0.7533333333333334,0.8647619047619046,0.11142857142857121,0.92,0.96,0.039999999999999925,0.8333333333333334,0.9047619047619048,0.0714285714285714,21,8
85,0.9444574254983555,-0.02481761454243703,legacy67,minmax,0.7533333333333334,0.8647619047619046,0.11142857142857121,0.92,0.96,0.039999999999999925,0.8333333333333334,0.9047619047619048,0.0714285714285714,24,8
85,0.9565499215943818,-0.019292359554919238,legacy67,minmax,0.7533333333333334,0.8647619047619046,0.11142857142857121,0.92,0.96,0.039999999999999925,0.8333333333333334,0.9047619047619048,0.0714285714285714,24,8
85,1.1400863701127315,0.0569377536544464,legacy67,minmax,0.7295238095238097,0.8885714285714286,0.15904761904761888,0.92,0.96,0.039999999999999925,0.8095238095238095,0.9285714285714286,0.11904761904761907,27,8
85,1.2030178871154662,0.08027208471124325,legacy67,minmax,0.7295238095238097,0.8885714285714286,0.15904761904761888,0.92,0.96,0.039999999999999925,0.8095238095238095,0.9285714285714286,0.11904761904761907,27,8
85,1.2329098365270508,0.0909313175279762,legacy67,minmax,0.7295238095238097,0.8885714285714286,0.15904761904761888,0.92,0.96,0.039999999999999925,0.8095238095238095,0.9285714285714286,0.11904761904761907,27,8
85,1.2561043700013554,0.09902572652895136,legacy67,minmax,0.7295238095238097,0.8885714285714286,0.15904761904761888,0.92,0.96,0.039999999999999925,0.8095238095238095,0.9285714285714286,0.11904761904761907,27,8
85,1.4817820606039076,0.17078433263299386,legacy67,minmax,0.7295238095238097,0.8885714285714286,0.15904761904761888,0.92,0.96,0.039999999999999925,0.8095238095238095,0.9285714285714286,0.11904761904761907,28,8
85,1.5375920235481748,0.1868411173731186,legacy67,minmax,0.7295238095238097,0.8885714285714286,0.15904761904761888,0.92,0.96,0.039999999999999925,0.8095238095238095,0.9285714285714286,0.11904761904761907,28,8
85,1.7583640270008503,0.24510879027798493,legacy67,minmax,0.7428571428571429,0.8885714285714286,0.14571428571428569,0.9333333333333333,0.96,0.026666666666666616,0.8095238095238095,0.9285714285714286,0.11904761904761907,30,8
85,2.34238498471129,0.36965827544816987,legacy67,minmax,0.7428571428571429,0.8885714285714286,0.14571428571428569,0.9333333333333333,0.96,0.026666666666666616,0.8095238095238095,0.9285714285714286,0.11904761904761907,31,8
85,2.4637685958997446,0.39159991524434057,legacy67,minmax,0.7428571428571429,0.8885714285714286,0.14571428571428569,0.9333333333333333,0.96,0.026666666666666616,0.8095238095238095,0.9285714285714286,0.11904761904761907,31,8
85,2.4810409748678097,0.3946339367881464,legacy67,minmax,0.7428571428571429,0.8885714285714286,0.14571428571428569,0.9333333333333333,0.96,0.026666666666666616,0.8095238095238095,0.9285714285714286,0.11904761904761907,31,8
85,2.5378155082656626,0.40446004697283516,legacy67,minmax,0.7428571428571429,0.8885714285714286,0.14571428571428569,0.9333333333333333,0.96,0.026666666666666616,0.8095238095238095,0.9285714285714286,0.11904761904761907,31,8
85,2.692646910086177,0.43017940760575346,legacy67,minmax,0.7428571428571429,0.8885714285714286,0.14571428571428569,0.9333333333333333,0.96,0.026666666666666616,0.8095238095238095,0.9285714285714286,0.11904761904761907,31,8
85,2.801635158716258,0.4474115788895179,legacy67,minmax,0.7428571428571429,0.8885714285714286,0.14571428571428569,0.9333333333333333,0.96,0.026666666666666616,0.8095238095238095,0.9285714285714286,0.11904761904761907,31,8
85,3.113095956122122,0.4931925073102317,legacy67,minmax,0.7666666666666666,0.8885714285714286,0.12190476190476196,0.9333333333333333,0.96,0.026666666666666616,0.8333333333333334,0.9285714285714286,0.09523809523809523,31,8
85,3.550012525851159,0.5502298854208525,legacy67,minmax,0.7533333333333334,0.8885714285714286,0.13523809523809516,0.92,0.96,0.039999999999999925,0.8333333333333334,0.9285714285714286,0.09523809523809523,31,8
85,4.467752817973904,0.6500891374159279,legacy67,minmax,0.7533333333333334,0.8885714285714286,0.13523809523809516,0.92,0.96,0.039999999999999925,0.8333333333333334,0.9285714285714286,0.09523809523809523,32,8
85,5.456725485601473,0.7369321060486276,legacy67,minmax,0.7533333333333334,0.8885714285714286,0.13523809523809516,0.92,0.96,0.039999999999999925,0.8333333333333334,0.9285714285714286,0.09523809523809523,32,8
85,6.72093005015611,0.8274293753904685,legacy67,minmax,0.7533333333333334,0.8885714285714286,0.13523809523809516,0.92,0.96,0.039999999999999925,0.8333333333333334,0.9285714285714286,0.09523809523809523,33,8
85,6.7965780907581514,0.832290311184182,legacy67,minmax,0.7533333333333334,0.8885714285714286,0.13523809523809516,0.92,0.96,0.039999999999999925,0.8333333333333334,0.9285714285714286,0.09523809523809523,33,8
85,7.128188058401357,0.85297914889198,legacy67,minmax,0.7533333333333334,0.8885714285714286,0.13523809523809516,0.92,0.96,0.039999999999999925,0.8333333333333334,0.9285714285714286,0.09523809523809523,33,9
85,8.241925264876443,0.9160286721639492,legacy67,minmax,0.7533333333333334,0.8885714285714286,0.13523809523809516,0.92,0.96,0.039999999999999925,0.8333333333333334,0.9285714285714286,0.09523809523809523,33,30
85,8.287522363768153,0.9184247133522563,legacy67,minmax,0.7533333333333334,0.8885714285714286,0.13523809523809516,0.92,0.96,0.039999999999999925,0.8333333333333334,0.9285714285714286,0.09523809523809523,33,30
85,8.471801418819974,0.9279757672456204,legacy67,minmax,0.7533333333333334,0.8885714285714286,0.13523809523809516,0.92,0.96,0.039999999999999925,0.8333333333333334,0.9285714285714286,0.09523809523809523,33,30
85,11.044350847124681,1.0431401944675898,legacy67,minmax,0.7533333333333334,0.8885714285714286,0.13523809523809516,0.92,0.96,0.039999999999999925,0.8333333333333334,0.9285714285714286,0.09523809523809523,32,30
85,12.130221181165155,1.083868719818244,legacy67,minmax,0.7533333333333334,0.8885714285714286,0.13523809523809516,0.92,0.96,0.039999999999999925,0.8333333333333334,0.9285714285714286,0.09523809523809523,32,30
85,12.164139351417056,1.085081386743783,legacy67,minmax,0.7533333333333334,0.8885714285714286,0.13523809523809516,0.92,0.96,0.039999999999999925,0.8333333333333334,0.9285714285714286,0.09523809523809523,32,30
85,12.273800987852958,1.0889790771866297,legacy67,minmax,0.7533333333333334,0.8885714285714286,0.13523809523809516,0.92,0.96,0.039999999999999925,0.8333333333333334,0.9285714285714286,0.09523809523809523,32,30
85,12.604664585649452,1.1005312934444582,legacy67,minmax,0.7533333333333334,0.8885714285714286,0.13523809523809516,0.92,0.96,0.039999999999999925,0.8333333333333334,0.9285714285714286,0.09523809523809523,32,30
85,13.826232179369853,1.1407038455720544,legacy67,minmax,0.7533333333333334,0.8885714285714286,0.13523809523809516,0.92,0.96,0.039999999999999925,0.8333333333333334,0.9285714285714286,0.09523809523809523,32,30
85,16.172900811143133,1.2087879230161587,legacy67,minmax,0.7533333333333334,0.8885714285714286,0.13523809523809516,0.92,0.96,0.039999999999999925,0.8333333333333334,0.9285714285714286,0.09523809523809523,33,31
85,17.123375973163967,1.2335893924658445,legacy67,minmax,0.7533333333333334,0.8885714285714286,0.13523809523809516,0.92,0.96,0.039999999999999925,0.8333333333333334,0.9285714285714286,0.09523809523809523,33,31
85,18.274508859816006,1.2618457138193366,legacy67,minmax,0.7533333333333334,0.8885714285714286,0.13523809523809516,0.92,0.96,0.039999999999999925,0.8333333333333334,0.9285714285714286,0.09523809523809523,33,31
85,20.65142557895924,1.3149500366077174,legacy67,minmax,0.7533333333333334,0.8885714285714286,0.13523809523809516,0.92,0.96,0.039999999999999925,0.8333333333333334,0.9285714285714286,0.09523809523809523,33,31
85,21.36832907235874,1.329770563201687,legacy67,minmax,0.7533333333333334,0.8885714285714286,0.13523809523809516,0.92,0.96,0.039999999999999925,0.8333333333333334,0.9285714285714286,0.09523809523809523,33,31
85,28.340904295147727,1.452413703502374,legacy67,minmax,0.7533333333333334,0.8885714285714286,0.13523809523809516,0.92,0.96,0.039999999999999925,0.8333333333333334,0.9285714285714286,0.09523809523809523,33,31
85,29.154431891537524,1.4647045830997407,legacy67,minmax,0.7533333333333334,0.8885714285714286,0.13523809523809516,0.92,0.96,0.039999999999999925,0.8333333333333334,0.9285714285714286,0.09523809523809523,33,31
85,35.387588647792384,1.5488509703053062,legacy67,minmax,0.7533333333333334,0.8885714285714286,0.13523809523809516,0.92,0.96,0.039999999999999925,0.8333333333333334,0.9285714285714286,0.09523809523809523,33,31
85,37.95853142670639,1.5793094017105953,legacy67,minmax,0.7533333333333334,0.8885714285714286,0.13523809523809516,0.92,0.96,0.039999999999999925,0.8333333333333334,0.9285714285714286,0.09523809523809523,33,31
85,43.37920697490936,1.6372816083151283,legacy67,minmax,0.7533333333333334,0.8885714285714286,0.13523809523809516,0.92,0.96,0.039999999999999925,0.8333333333333334,0.9285714285714286,0.09523809523809523,32,32
85,48.69640941520897,1.6874969400924673,legacy67,minmax,0.7533333333333334,0.8885714285714286,0.13523809523809516,0.92,0.96,0.039999999999999925,0.8333333333333334,0.9285714285714286,0.09523809523809523,32,32
85,57.279044707996185,1.7579957662567565,legacy67,minmax,0.7533333333333334,0.8885714285714286,0.13523809523809516,0.92,0.96,0.039999999999999925,0.8333333333333334,0.9285714285714286,0.09523809523809523,32,32
85,62.45139574743064,1.795542149013333,legacy67,minmax,0.7533333333333334,0.8885714285714286,0.13523809523809516,0.92,0.96,0.039999999999999925,0.8333333333333334,0.9285714285714286,0.09523809523809523,32,32
85,63.512210106406926,1.8028572256396647,legacy67,minmax,0.7533333333333334,0.8885714285714286,0.13523809523809516,0.92,0.96,0.039999999999999925,0.8333333333333334,0.9285714285714286,0.09523809523809523,32,32
85,72.86653737491037,1.8625281322982374,legacy67,minmax,0.7533333333333334,0.8885714285714286,0.13523809523809516,0.92,0.96,0.039999999999999925,0.8333333333333334,0.9285714285714286,0.09523809523809523,32,32
85,75.56810141274423,1.8783385110582342,legacy67,minmax,0.7533333333333334,0.8885714285714286,0.13523809523809516,0.92,0.96,0.039999999999999925,0.8333333333333334,0.9285714285714286,0.09523809523809523,32,32
85,75.79479953347995,1.8796394086479773,legacy67,minmax,0.7533333333333334,0.8885714285714286,0.13523809523809516,0.92,0.96,0.039999999999999925,0.8333333333333334,0.9285714285714286,0.09523809523809523,32,32
85,88.62326508576248,1.9475477464020692,legacy67,minmax,0.7533333333333334,0.8885714285714286,0.13523809523809516,0.92,0.96,0.039999999999999925,0.8333333333333334,0.9285714285714286,0.09523809523809523,32,32
86,0.010521761868451128,-1.9779115315055904,legacy67,minmax,0.0,0.0,0.0,1.0,1.0,0.0,0.0,0.0,0.0,0,0
86,0.012087541473056955,-1.9176620228167902,legacy67,minmax,0.0,0.0,0.0,1.0,1.0,0.0,0.0,0.0,0.0,0,0
86,0.01263794633808287,-1.8983234930236192,legacy67,minmax,0.0,0.0,0.0,1.0,1.0,0.0,0.0,0.0,0.0,0,0
86,0.013726318898045865,-1.8624459155391264,legacy67,minmax,0.0,0.0,0.0,1.0,1.0,0.0,0.0,0.0,0.0,0,0
86,0.0151673306880762,-1.8190908443578477,legacy67,minmax,0.0,0.0,0.0,1.0,1.0,0.0,0.0,0.0,0.0,0,0
86,0.015339162591163618,-1.814198349120009,legacy67,minmax,0.0,0.0,0.0,1.0,1.0,0.0,0.0,0.0,0.0,0,0
86,0.017073967431528118,-1.7676655513272022,legacy67,minmax,0.0,0.0,0.0,1.0,1.0,0.0,0.0,0.0,0.0,1,1
86,0.017956984225677628,-1.7457665988559055,legacy67,minmax,0.0,0.0,0.0,1.0,1.0,0.0,0.0,0.0,0.0,2,2
86,0.018205657658407252,-1.739793628058882,legacy67,minmax,0.0,0.0,0.0,1.0,1.0,0.0,0.0,0.0,0.0,2,2
86,0.019777828512462715,-1.7038213930636386,legacy67,minmax,0.0714285714285714,0.0,-0.0714285714285714,1.0,1.0,0.0,0.07142857142857142,0.0,-0.07142857142857142,3,2
86,0.01987021538542862,-1.7017974252809167,legacy67,minmax,0.0714285714285714,0.0,-0.0714285714285714,1.0,1.0,0.0,0.07142857142857142,0.0,-0.07142857142857142,3,2
86,0.022592797420156945,-1.646029991792322,legacy67,minmax,0.1428571428571428,0.22476190476190472,0.08190476190476192,1.0,0.9866666666666667,-0.013333333333333308,0.14285714285714285,0.23809523809523808,0.09523809523809523,3,2
86,0.024586032763280048,-1.6093115439744645,legacy67,minmax,0.19047619047619047,0.22476190476190472,0.03428571428571425,1.0,0.9866666666666667,-0.013333333333333308,0.19047619047619047,0.23809523809523808,0.047619047619047616,3,2
86,0.027012557725439066,-1.5684342920267822,legacy67,minmax,0.19047619047619047,0.22476190476190472,0.03428571428571425,1.0,0.9866666666666667,-0.013333333333333308,0.19047619047619047,0.23809523809523808,0.047619047619047616,3,2
86,0.029072088906598435,-1.5365237618994811,legacy67,minmax,0.30952380952380953,0.46285714285714286,0.15333333333333332,1.0,0.9866666666666667,-0.013333333333333308,0.30952380952380953,0.47619047619047616,0.16666666666666663,3,2
86,0.030086868214458433,-1.5216230162467932,legacy67,minmax,0.33333333333333326,0.46285714285714286,0.1295238095238096,1.0,0.9866666666666667,-0.013333333333333308,0.3333333333333333,0.47619047619047616,0.14285714285714285,3,2
86,0.030771802712506853,-1.5118470606208847,legacy67,minmax,0.33333333333333326,0.46285714285714286,0.1295238095238096,1.0,0.9866666666666667,-0.013333333333333308,0.3333333333333333,0.47619047619047616,0.14285714285714285,3,2
86,0.036138942712165265,-1.4420245573918327,legacy67,minmax,0.33333333333333326,0.5447619047619048,0.21142857142857152,1.0,0.9733333333333334,-0.026666666666666616,0.3333333333333333,0.5714285714285714,0.23809523809523808,3,2
86,0.03661819220392428,-1.4363031001009494,legacy67,minmax,0.33333333333333326,0.5447619047619048,0.21142857142857152,1.0,0.9733333333333334,-0.026666666666666616,0.3333333333333333,0.5714285714285714,0.23809523809523808,3,2
86,0.04207053950287936,-1.3760219186551894,legacy67,minmax,0.36761904761904773,0.5447619047619048,0.17714285714285705,0.9866666666666667,0.9733333333333334,-0.013333333333333308,0.38095238095238093,0.5714285714285714,0.19047619047619047,5,3
86,0.04207988669606635,-1.375925438230254,legacy67,minmax,0.36761904761904773,0.5447619047619048,0.17714285714285705,0.9866666666666667,0.9733333333333334,-0.013333333333333308,0.38095238095238093,0.5714285714285714,0.19047619047619047,5,3
86,0.04809461967501572,-1.3179035052508339,legacy67,minmax,0.43904761904761913,0.5447619047619048,0.10571428571428565,0.9866666666666667,0.9733333333333334,-0.013333333333333308,0.4523809523809524,0.5714285714285714,0.11904761904761901,5,3
86,0.05337032762603955,-1.2727001311715975,legacy67,minmax,0.46285714285714286,0.5447619047619048,0.08190476190476192,0.9866666666666667,0.9733333333333334,-0.013333333333333308,0.47619047619047616,0.5714285714285714,0.09523809523809523,5,3
86,0.05415244119402536,-1.2663819605862647,legacy67,minmax,0.46285714285714286,0.5447619047619048,0.08190476190476192,0.9866666666666667,0.9733333333333334,-0.013333333333333308,0.47619047619047616,0.5714285714285714,0.09523809523809523,5,3
86,0.05488047000766042,-1.2605821778978918,legacy67,minmax,0.46285714285714286,0.5447619047619048,0.08190476190476192,0.9866666666666667,0.9733333333333334,-0.013333333333333308,0.47619047619047616,0.5714285714285714,0.09523809523809523,5,3
86,0.060803901902965994,-1.2160685503234192,legacy67,minmax,0.46285714285714286,0.5447619047619048,0.08190476190476192,0.9866666666666667,0.9733333333333334,-0.013333333333333308,0.47619047619047616,0.5714285714285714,0.09523809523809523,6,3
86,0.06235377135673155,-1.2051372738633104,legacy67,minmax,0.43904761904761913,0.5447619047619048,0.10571428571428565,0.9866666666666667,0.9733333333333334,-0.013333333333333308,0.4523809523809524,0.5714285714285714,0.11904761904761901,6,4
86,0.06290644294586147,-1.201304871366561,legacy67,minmax,0.43904761904761913,0.5447619047619048,0.10571428571428565,0.9866666666666667,0.9733333333333334,-0.013333333333333308,0.4523809523809524,0.5714285714285714,0.11904761904761901,6,4
86,0.07068974950624601,-1.1506435572868954,legacy67,minmax,0.43904761904761913,0.5447619047619048,0.10571428571428565,0.9866666666666667,0.9733333333333334,-0.013333333333333308,0.4523809523809524,0.5714285714285714,0.11904761904761901,6,5
86,0.10842262717330158,-0.9648800735999323,legacy67,minmax,0.43619047619047624,0.6161904761904764,0.18000000000000016,0.96,0.9733333333333334,0.01333333333333342,0.47619047619047616,0.6428571428571429,0.16666666666666674,8,6
86,0.12172958098369964,-0.9146038729044164,legacy67,minmax,0.43619047619047624,0.6161904761904764,0.18000000000000016,0.96,0.9733333333333334,0.01333333333333342,0.47619047619047616,0.6428571428571429,0.16666666666666674,9,6
86,0.1329652145729951,-0.876261961250477,legacy67,minmax,0.45999999999999996,0.6161904761904764,0.15619047619047643,0.96,0.9733333333333334,0.01333333333333342,0.5,0.6428571428571429,0.1428571428571429,10,6
86,0.14618962793704957,-0.8350834392078323,legacy67,minmax,0.45999999999999996,0.6400000000000001,0.18000000000000016,0.96,0.9733333333333334,0.01333333333333342,0.5,0.6666666666666666,0.16666666666666663,10,6
86,0.14742753159914665,-0.8314214058591274,legacy67,minmax,0.45999999999999996,0.6400000000000001,0.18000000000000016,0.96,0.9733333333333334,0.01333333333333342,0.5,0.6666666666666666,0.16666666666666663,10,6
86,0.16480446427978968,-0.7830310281618491,legacy67,minmax,0.45999999999999996,0.6876190476190476,0.2276190476190476,0.96,0.9733333333333334,0.01333333333333342,0.5,0.7142857142857143,0.2142857142857143,12,6
86,0.16536937182824418,-0.7815449233065173,legacy67,minmax,0.45999999999999996,0.6876190476190476,0.2276190476190476,0.96,0.9733333333333334,0.01333333333333342,0.5,0.7142857142857143,0.2142857142857143,12,6
86,0.1753594952976441,-0.7560707131373512,legacy67,minmax,0.45999999999999996,0.6876190476190476,0.2276190476190476,0.96,0.9733333333333334,0.01333333333333342,0.5,0.7142857142857143,0.2142857142857143,12,6
86,0.17654048052495064,-0.7531556956423562,legacy67,minmax,0.45999999999999996,0.6876190476190476,0.2276190476190476,0.96,0.9733333333333334,0.01333333333333342,0.5,0.7142857142857143,0.2142857142857143,12,6
86,0.1998634077852887,-0.6992667118930118,legacy67,minmax,0.45999999999999996,0.6876190476190476,0.2276190476190476,0.96,0.9733333333333334,0.01333333333333342,0.5,0.7142857142857143,0.2142857142857143,13,8
86,0.2001342062287997,-0.6986786769469426,legacy67,minmax,0.45999999999999996,0.6876190476190476,0.2276190476190476,0.96,0.9733333333333334,0.01333333333333342,0.5,0.7142857142857143,0.2142857142857143,13,8
86,0.21066486017042194,-0.6764079005894033,legacy67,minmax,0.45999999999999996,0.6876190476190476,0.2276190476190476,0.96,0.9733333333333334,0.01333333333333342,0.5,0.7142857142857143,0.2142857142857143,14,8
86,0.2673088310781669,-0.5729866932256429,legacy67,minmax,0.4942857142857142,0.7114285714285715,0.2171428571428573,0.9466666666666667,0.9733333333333334,0.026666666666666727,0.5476190476190477,0.7380952380952381,0.19047619047619047,14,9
86,0.2715581955282939,-0.5661370858229096,legacy67,minmax,0.4942857142857142,0.7114285714285715,0.2171428571428573,0.9466666666666667,0.9733333333333334,0.026666666666666727,0.5476190476190477,0.7380952380952381,0.19047619047619047,14,9
86,0.292043384718141,-0.5345526268252332,legacy67,minmax,0.4942857142857142,0.7114285714285715,0.2171428571428573,0.9466666666666667,0.9733333333333334,0.026666666666666727,0.5476190476190477,0.7380952380952381,0.19047619047619047,14,9
86,0.314891164795686,-0.50183952461055,legacy67,minmax,0.5657142857142858,0.7114285714285715,0.14571428571428569,0.9466666666666667,0.9733333333333334,0.026666666666666727,0.6190476190476191,0.7380952380952381,0.11904761904761907,14,9
86,0.35868164986275475,-0.44529084124207197,legacy67,minmax,0.5895238095238096,0.7219047619047618,0.13238095238095227,0.9466666666666667,0.96,0.013333333333333308,0.6428571428571429,0.7619047619047619,0.11904761904761896,14,9
86,0.5130551760589832,-0.2898359265658015,legacy67,minmax,0.6266666666666665,0.7695238095238095,0.14285714285714302,0.96,0.96,0.0,0.6666666666666666,0.8095238095238095,0.1428571428571429,16,9
86,0.5342937261279772,-0.27221992543153695,legacy67,minmax,0.6266666666666665,0.7695238095238095,0.14285714285714302,0.96,0.96,0.0,0.6666666666666666,0.8095238095238095,0.1428571428571429,16,9
86,0.5762487216478598,-0.23939002504159476,legacy67,minmax,0.6266666666666665,0.7695238095238095,0.14285714285714302,0.96,0.96,0.0,0.6666666666666666,0.8095238095238095,0.1428571428571429,16,9
86,0.6672367170464204,-0.17572006313185626,legacy67,minmax,0.6266666666666665,0.7695238095238095,0.14285714285714302,0.96,0.96,0.0,0.6666666666666666,0.8095238095238095,0.1428571428571429,19,8
86,0.7742116473996242,-0.1111402993522028,legacy67,minmax,0.6028571428571428,0.7695238095238095,0.16666666666666674,0.96,0.96,0.0,0.6428571428571429,0.8095238095238095,0.16666666666666663,21,8
86,0.9444574254983555,-0.02481761454243703,legacy67,minmax,0.579047619047619,0.7933333333333334,0.2142857142857144,0.96,0.96,0.0,0.6190476190476191,0.8333333333333334,0.2142857142857143,22,8
86,0.9565499215943818,-0.019292359554919238,legacy67,minmax,0.579047619047619,0.7933333333333334,0.2142857142857144,0.96,0.96,0.0,0.6190476190476191,0.8333333333333334,0.2142857142857143,22,8
86,1.1400863701127315,0.0569377536544464,legacy67,minmax,0.579047619047619,0.8647619047619046,0.2857142857142856,0.96,0.96,0.0,0.6190476190476191,0.9047619047619048,0.2857142857142857,24,8
86,1.2030178871154662,0.08027208471124325,legacy67,minmax,0.579047619047619,0.8647619047619046,0.2857142857142856,0.96,0.96,0.0,0.6190476190476191,0.9047619047619048,0.2857142857142857,24,8
86,1.2329098365270508,0.0909313175279762,legacy67,minmax,0.579047619047619,0.8647619047619046,0.2857142857142856,0.96,0.96,0.0,0.6190476190476191,0.9047619047619048,0.2857142857142857,24,8
86,1.2561043700013554,0.09902572652895136,legacy67,minmax,0.579047619047619,0.8647619047619046,0.2857142857142856,0.96,0.96,0.0,0.6190476190476191,0.9047619047619048,0.2857142857142857,24,8
86,1.4817820606039076,0.17078433263299386,legacy67,minmax,0.579047619047619,0.8647619047619046,0.2857142857142856,0.96,0.96,0.0,0.6190476190476191,0.9047619047619048,0.2857142857142857,24,8
86,1.5375920235481748,0.1868411173731186,legacy67,minmax,0.579047619047619,0.8647619047619046,0.2857142857142856,0.96,0.96,0.0,0.6190476190476191,0.9047619047619048,0.2857142857142857,24,8
86,1.7583640270008503,0.24510879027798493,legacy67,minmax,0.5523809523809524,0.8647619047619046,0.3123809523809522,0.9333333333333333,0.96,0.026666666666666616,0.6190476190476191,0.9047619047619048,0.2857142857142857,25,8
86,2.34238498471129,0.36965827544816987,legacy67,minmax,0.6000000000000001,0.8647619047619046,0.26476190476190453,0.9333333333333333,0.96,0.026666666666666616,0.6666666666666666,0.9047619047619048,0.23809523809523814,28,8
86,2.4637685958997446,0.39159991524434057,legacy67,minmax,0.6000000000000001,0.8647619047619046,0.26476190476190453,0.9333333333333333,0.96,0.026666666666666616,0.6666666666666666,0.9047619047619048,0.23809523809523814,29,8
86,2.4810409748678097,0.3946339367881464,legacy67,minmax,0.6000000000000001,0.8647619047619046,0.26476190476190453,0.9333333333333333,0.96,0.026666666666666616,0.6666666666666666,0.9047619047619048,0.23809523809523814,29,8
86,2.5378155082656626,0.40446004697283516,legacy67,minmax,0.6000000000000001,0.8647619047619046,0.26476190476190453,0.9333333333333333,0.96,0.026666666666666616,0.6666666666666666,0.9047619047619048,0.23809523809523814,29,8
86,2.692646910086177,0.43017940760575346,legacy67,minmax,0.5761904761904764,0.8647619047619046,0.28857142857142826,0.9333333333333333,0.96,0.026666666666666616,0.6428571428571429,0.9047619047619048,0.26190476190476186,29,8
86,2.801635158716258,0.4474115788895179,legacy67,minmax,0.5761904761904764,0.8647619047619046,0.28857142857142826,0.9333333333333333,0.96,0.026666666666666616,0.6428571428571429,0.9047619047619048,0.26190476190476186,29,8
86,3.113095956122122,0.4931925073102317,legacy67,minmax,0.5761904761904764,0.8647619047619046,0.28857142857142826,0.9333333333333333,0.96,0.026666666666666616,0.6428571428571429,0.9047619047619048,0.26190476190476186,30,8
86,3.550012525851159,0.5502298854208525,legacy67,minmax,0.5761904761904764,0.8647619047619046,0.28857142857142826,0.9333333333333333,0.96,0.026666666666666616,0.6428571428571429,0.9047619047619048,0.26190476190476186,31,8
86,4.467752817973904,0.6500891374159279,legacy67,minmax,0.6028571428571428,0.8647619047619046,0.26190476190476186,0.96,0.96,0.0,0.6428571428571429,0.9047619047619048,0.26190476190476186,31,8
86,5.456725485601473,0.7369321060486276,legacy67,minmax,0.5314285714285714,0.8647619047619046,0.33333333333333326,0.96,0.96,0.0,0.5714285714285714,0.9047619047619048,0.33333333333333337,32,8
86,6.72093005015611,0.8274293753904685,legacy67,minmax,0.4942857142857142,0.8647619047619046,0.3704761904761904,0.9466666666666667,0.96,0.013333333333333308,0.5476190476190477,0.9047619047619048,0.3571428571428571,32,29
86,6.7965780907581514,0.832290311184182,legacy67,minmax,0.4942857142857142,0.8647619047619046,0.3704761904761904,0.9466666666666667,0.96,0.013333333333333308,0.5476190476190477,0.9047619047619048,0.3571428571428571,32,29
86,7.128188058401357,0.85297914889198,legacy67,minmax,0.4571428571428573,0.8647619047619046,0.4076190476190473,0.9333333333333333,0.96,0.026666666666666616,0.5238095238095238,0.9047619047619048,0.38095238095238093,32,29
86,8.241925264876443,0.9160286721639492,legacy67,minmax,0.43333333333333335,0.8647619047619046,0.4314285714285713,0.9333333333333333,0.96,0.026666666666666616,0.5,0.9047619047619048,0.40476190476190477,32,29
86,8.287522363768153,0.9184247133522563,legacy67,minmax,0.43333333333333335,0.8647619047619046,0.4314285714285713,0.9333333333333333,0.96,0.026666666666666616,0.5,0.9047619047619048,0.40476190476190477,32,29
86,8.471801418819974,0.9279757672456204,legacy67,minmax,0.43333333333333335,0.8647619047619046,0.4314285714285713,0.9333333333333333,0.96,0.026666666666666616,0.5,0.9047619047619048,0.40476190476190477,32,29
86,11.044350847124681,1.0431401944675898,legacy67,minmax,0.43333333333333335,0.8647619047619046,0.4314285714285713,0.9333333333333333,0.96,0.026666666666666616,0.5,0.9047619047619048,0.40476190476190477,33,29
86,12.130221181165155,1.083868719818244,legacy67,minmax,0.4095238095238094,0.8647619047619046,0.4552380952380952,0.9333333333333333,0.96,0.026666666666666616,0.47619047619047616,0.9047619047619048,0.4285714285714286,32,29
86,12.164139351417056,1.085081386743783,legacy67,minmax,0.4095238095238094,0.8647619047619046,0.4552380952380952,0.9333333333333333,0.96,0.026666666666666616,0.47619047619047616,0.9047619047619048,0.4285714285714286,32,29
86,12.273800987852958,1.0889790771866297,legacy67,minmax,0.4095238095238094,0.8647619047619046,0.4552380952380952,0.9333333333333333,0.96,0.026666666666666616,0.47619047619047616,0.9047619047619048,0.4285714285714286,32,29
86,12.604664585649452,1.1005312934444582,legacy67,minmax,0.4095238095238094,0.8647619047619046,0.4552380952380952,0.9333333333333333,0.96,0.026666666666666616,0.47619047619047616,0.9047619047619048,0.4285714285714286,32,29
86,13.826232179369853,1.1407038455720544,legacy67,minmax,0.4095238095238094,0.8647619047619046,0.4552380952380952,0.9333333333333333,0.96,0.026666666666666616,0.47619047619047616,0.9047619047619048,0.4285714285714286,32,29
86,16.172900811143133,1.2087879230161587,legacy67,minmax,0.4095238095238094,0.8647619047619046,0.4552380952380952,0.9333333333333333,0.96,0.026666666666666616,0.47619047619047616,0.9047619047619048,0.4285714285714286,32,29
86,17.123375973163967,1.2335893924658445,legacy67,minmax,0.4095238095238094,0.8647619047619046,0.4552380952380952,0.9333333333333333,0.96,0.026666666666666616,0.47619047619047616,0.9047619047619048,0.4285714285714286,32,29
86,18.274508859816006,1.2618457138193366,legacy67,minmax,0.4095238095238094,0.8647619047619046,0.4552380952380952,0.9333333333333333,0.96,0.026666666666666616,0.47619047619047616,0.9047619047619048,0.4285714285714286,32,29
86,20.65142557895924,1.3149500366077174,legacy67,minmax,0.4095238095238094,0.8647619047619046,0.4552380952380952,0.9333333333333333,0.96,0.026666666666666616,0.47619047619047616,0.9047619047619048,0.4285714285714286,32,29
86,21.36832907235874,1.329770563201687,legacy67,minmax,0.4095238095238094,0.8647619047619046,0.4552380952380952,0.9333333333333333,0.96,0.026666666666666616,0.47619047619047616,0.9047619047619048,0.4285714285714286,32,29
86,28.340904295147727,1.452413703502374,legacy67,minmax,0.4095238095238094,0.8647619047619046,0.4552380952380952,0.9333333333333333,0.96,0.026666666666666616,0.47619047619047616,0.9047619047619048,0.4285714285714286,33,29
86,29.154431891537524,1.4647045830997407,legacy67,minmax,0.4095238095238094,0.8647619047619046,0.4552380952380952,0.9333333333333333,0.96,0.026666666666666616,0.47619047619047616,0.9047619047619048,0.4285714285714286,33,29
86,35.387588647792384,1.5488509703053062,legacy67,minmax,0.4095238095238094,0.8647619047619046,0.4552380952380952,0.9333333333333333,0.96,0.026666666666666616,0.47619047619047616,0.9047619047619048,0.4285714285714286,33,29
86,37.95853142670639,1.5793094017105953,legacy67,minmax,0.4095238095238094,0.8647619047619046,0.4552380952380952,0.9333333333333333,0.96,0.026666666666666616,0.47619047619047616,0.9047619047619048,0.4285714285714286,33,29
86,43.37920697490936,1.6372816083151283,legacy67,minmax,0.4095238095238094,0.8647619047619046,0.4552380952380952,0.9333333333333333,0.96,0.026666666666666616,0.47619047619047616,0.9047619047619048,0.4285714285714286,33,29
86,48.69640941520897,1.6874969400924673,legacy67,minmax,0.4095238095238094,0.8647619047619046,0.4552380952380952,0.9333333333333333,0.96,0.026666666666666616,0.47619047619047616,0.9047619047619048,0.4285714285714286,33,30
86,57.279044707996185,1.7579957662567565,legacy67,minmax,0.4095238095238094,0.8647619047619046,0.4552380952380952,0.9333333333333333,0.96,0.026666666666666616,0.47619047619047616,0.9047619047619048,0.4285714285714286,33,30
86,62.45139574743064,1.795542149013333,legacy67,minmax,0.4095238095238094,0.8647619047619046,0.4552380952380952,0.9333333333333333,0.96,0.026666666666666616,0.47619047619047616,0.9047619047619048,0.4285714285714286,33,30
86,63.512210106406926,1.8028572256396647,legacy67,minmax,0.4095238095238094,0.8647619047619046,0.4552380952380952,0.9333333333333333,0.96,0.026666666666666616,0.47619047619047616,0.9047619047619048,0.4285714285714286,33,30
86,72.86653737491037,1.8625281322982374,legacy67,minmax,0.43333333333333335,0.8647619047619046,0.4314285714285713,0.9333333333333333,0.96,0.026666666666666616,0.5,0.9047619047619048,0.40476190476190477,32,30
86,75.56810141274423,1.8783385110582342,legacy67,minmax,0.43333333333333335,0.8647619047619046,0.4314285714285713,0.9333333333333333,0.96,0.026666666666666616,0.5,0.9047619047619048,0.40476190476190477,32,30
86,75.79479953347995,1.8796394086479773,legacy67,minmax,0.43333333333333335,0.8647619047619046,0.4314285714285713,0.9333333333333333,0.96,0.026666666666666616,0.5,0.9047619047619048,0.40476190476190477,32,30
86,88.62326508576248,1.9475477464020692,legacy67,minmax,0.43333333333333335,0.8647619047619046,0.4314285714285713,0.9333333333333333,0.96,0.026666666666666616,0.5,0.9047619047619048,0.40476190476190477,33,31
87,0.010521761868451128,-1.9779115315055904,legacy67,minmax,0.0,0.0,0.0,1.0,1.0,0.0,0.0,0.0,0.0,0,0
87,0.012087541473056955,-1.9176620228167902,legacy67,minmax,0.0,0.0,0.0,1.0,1.0,0.0,0.0,0.0,0.0,0,0
87,0.01263794633808287,-1.8983234930236192,legacy67,minmax,0.0,0.0,0.0,1.0,1.0,0.0,0.0,0.0,0.0,0,0
87,0.013726318898045865,-1.8624459155391264,legacy67,minmax,0.0,0.0,0.0,1.0,1.0,0.0,0.0,0.0,0.0,0,0
87,0.0151673306880762,-1.8190908443578477,legacy67,minmax,0.0,0.0,0.0,1.0,1.0,0.0,0.0,0.0,0.0,0,0
87,0.015339162591163618,-1.814198349120009,legacy67,minmax,0.0,0.0,0.0,1.0,1.0,0.0,0.0,0.0,0.0,0,0
87,0.017073967431528118,-1.7676655513272022,legacy67,minmax,0.0,0.0,0.0,1.0,1.0,0.0,0.0,0.0,0.0,2,1
87,0.017956984225677628,-1.7457665988559055,legacy67,minmax,0.0,0.0,0.0,1.0,1.0,0.0,0.0,0.0,0.0,2,1
87,0.018205657658407252,-1.739793628058882,legacy67,minmax,0.023809523809523725,0.0,-0.023809523809523725,1.0,1.0,0.0,0.023809523809523808,0.0,-0.023809523809523808,2,1
87,0.019777828512462715,-1.7038213930636386,legacy67,minmax,0.09523809523809534,0.0,-0.09523809523809534,1.0,1.0,0.0,0.09523809523809523,0.0,-0.09523809523809523,2,1
87,0.01987021538542862,-1.7017974252809167,legacy67,minmax,0.09523809523809534,0.0,-0.09523809523809534,1.0,1.0,0.0,0.09523809523809523,0.0,-0.09523809523809523,2,1
87,0.022592797420156945,-1.646029991792322,legacy67,minmax,0.09523809523809534,0.4285714285714286,0.33333333333333326,1.0,1.0,0.0,0.09523809523809523,0.42857142857142855,0.3333333333333333,2,2
87,0.024586032763280048,-1.6093115439744645,legacy67,minmax,0.30952380952380953,0.4285714285714286,0.11904761904761907,1.0,1.0,0.0,0.30952380952380953,0.42857142857142855,0.11904761904761901,3,2
87,0.027012557725439066,-1.5684342920267822,legacy67,minmax,0.33333333333333326,0.4285714285714286,0.09523809523809534,1.0,1.0,0.0,0.3333333333333333,0.42857142857142855,0.09523809523809523,3,2
87,0.029072088906598435,-1.5365237618994811,legacy67,minmax,0.33333333333333326,0.4285714285714286,0.09523809523809534,1.0,1.0,0.0,0.3333333333333333,0.42857142857142855,0.09523809523809523,4,2
87,0.030086868214458433,-1.5216230162467932,legacy67,minmax,0.33333333333333326,0.4285714285714286,0.09523809523809534,1.0,1.0,0.0,0.3333333333333333,0.42857142857142855,0.09523809523809523,4,2
87,0.030771802712506853,-1.5118470606208847,legacy67,minmax,0.33333333333333326,0.4285714285714286,0.09523809523809534,1.0,1.0,0.0,0.3333333333333333,0.42857142857142855,0.09523809523809523,4,2
87,0.036138942712165265,-1.4420245573918327,legacy67,minmax,0.4285714285714286,0.4285714285714286,0.0,1.0,1.0,0.0,0.42857142857142855,0.42857142857142855,0.0,4,2
87,0.03661819220392428,-1.4363031001009494,legacy67,minmax,0.4285714285714286,0.4285714285714286,0.0,1.0,1.0,0.0,0.42857142857142855,0.42857142857142855,0.0,4,2
87,0.04207053950287936,-1.3760219186551894,legacy67,minmax,0.45238095238095233,0.4285714285714286,-0.023809523809523725,1.0,1.0,0.0,0.4523809523809524,0.42857142857142855,-0.023809523809523836,5,2
87,0.04207988669606635,-1.375925438230254,legacy67,minmax,0.45238095238095233,0.4285714285714286,-0.023809523809523725,1.0,1.0,0.0,0.4523809523809524,0.42857142857142855,-0.023809523809523836,5,2
87,0.04809461967501572,-1.3179035052508339,legacy67,minmax,0.4285714285714286,0.4285714285714286,0.0,1.0,1.0,0.0,0.42857142857142855,0.42857142857142855,0.0,5,3
87,0.05337032762603955,-1.2727001311715975,legacy67,minmax,0.43904761904761913,0.4285714285714286,-0.010476190476190528,0.9866666666666667,1.0,0.013333333333333308,0.4523809523809524,0.42857142857142855,-0.023809523809523836,5,3
87,0.05415244119402536,-1.2663819605862647,legacy67,minmax,0.43904761904761913,0.5714285714285714,0.13238095238095227,0.9866666666666667,1.0,0.013333333333333308,0.4523809523809524,0.5714285714285714,0.11904761904761901,5,3
87,0.05488047000766042,-1.2605821778978918,legacy67,minmax,0.43904761904761913,0.5714285714285714,0.13238095238095227,0.9866666666666667,1.0,0.013333333333333308,0.4523809523809524,0.5714285714285714,0.11904761904761901,5,3
87,0.060803901902965994,-1.2160685503234192,legacy67,minmax,0.4866666666666668,0.5714285714285714,0.0847619047619046,0.9866666666666667,1.0,0.013333333333333308,0.5,0.5714285714285714,0.0714285714285714,6,3
87,0.06235377135673155,-1.2051372738633104,legacy67,minmax,0.4866666666666668,0.5714285714285714,0.0847619047619046,0.9866666666666667,1.0,0.013333333333333308,0.5,0.5714285714285714,0.0714285714285714,6,3
87,0.06290644294586147,-1.201304871366561,legacy67,minmax,0.4866666666666668,0.5714285714285714,0.0847619047619046,0.9866666666666667,1.0,0.013333333333333308,0.5,0.5714285714285714,0.0714285714285714,6,3
87,0.07068974950624601,-1.1506435572868954,legacy67,minmax,0.5342857142857143,0.5714285714285714,0.037142857142857144,0.9866666666666667,1.0,0.013333333333333308,0.5476190476190477,0.5714285714285714,0.023809523809523725,6,5
87,0.10842262717330158,-0.9648800735999323,legacy67,minmax,0.5209523809523811,0.5952380952380953,0.07428571428571429,0.9733333333333334,1.0,0.026666666666666616,0.5476190476190477,0.5952380952380952,0.04761904761904756,8,5
87,0.12172958098369964,-0.9146038729044164,legacy67,minmax,0.5209523809523811,0.5952380952380953,0.07428571428571429,0.9733333333333334,1.0,0.026666666666666616,0.5476190476190477,0.5952380952380952,0.04761904761904756,11,7
87,0.1329652145729951,-0.876261961250477,legacy67,minmax,0.5209523809523811,0.6190476190476191,0.09809523809523801,0.9733333333333334,1.0,0.026666666666666616,0.5476190476190477,0.6190476190476191,0.0714285714285714,11,7
87,0.14618962793704957,-0.8350834392078323,legacy67,minmax,0.5447619047619048,0.6428571428571428,0.09809523809523801,0.9733333333333334,1.0,0.026666666666666616,0.5714285714285714,0.6428571428571429,0.07142857142857151,12,7
87,0.14742753159914665,-0.8314214058591274,legacy67,minmax,0.5447619047619048,0.6428571428571428,0.09809523809523801,0.9733333333333334,1.0,0.026666666666666616,0.5714285714285714,0.6428571428571429,0.07142857142857151,12,7
87,0.16480446427978968,-0.7830310281618491,legacy67,minmax,0.5552380952380953,0.6428571428571428,0.08761904761904749,0.96,1.0,0.040000000000000036,0.5952380952380952,0.6428571428571429,0.04761904761904767,13,7
87,0.16536937182824418,-0.7815449233065173,legacy67,minmax,0.5552380952380953,0.6428571428571428,0.08761904761904749,0.96,1.0,0.040000000000000036,0.5952380952380952,0.6428571428571429,0.04761904761904767,13,7
87,0.1753594952976441,-0.7560707131373512,legacy67,minmax,0.5923809523809525,0.6428571428571428,0.05047619047619034,0.9733333333333334,1.0,0.026666666666666616,0.6190476190476191,0.6428571428571429,0.023809523809523836,13,8
87,0.17654048052495064,-0.7531556956423562,legacy67,minmax,0.5923809523809525,0.6428571428571428,0.05047619047619034,0.9733333333333334,1.0,0.026666666666666616,0.6190476190476191,0.6428571428571429,0.023809523809523836,13,8
87,0.1998634077852887,-0.6992667118930118,legacy67,minmax,0.6161904761904764,0.6428571428571428,0.026666666666666394,0.9733333333333334,1.0,0.026666666666666616,0.6428571428571429,0.6428571428571429,0.0,15,8
87,0.2001342062287997,-0.6986786769469426,legacy67,minmax,0.6161904761904764,0.6428571428571428,0.026666666666666394,0.9733333333333334,1.0,0.026666666666666616,0.6428571428571429,0.6428571428571429,0.0,15,8
87,0.21066486017042194,-0.6764079005894033,legacy67,minmax,0.6161904761904764,0.6428571428571428,0.026666666666666394,0.9733333333333334,1.0,0.026666666666666616,0.6428571428571429,0.6428571428571429,0.0,15,8
87,0.2673088310781669,-0.5729866932256429,legacy67,minmax,0.6638095238095238,0.7619047619047619,0.09809523809523801,0.9733333333333334,1.0,0.026666666666666616,0.6904761904761905,0.7619047619047619,0.0714285714285714,15,9
87,0.2715581955282939,-0.5661370858229096,legacy67,minmax,0.6638095238095238,0.7619047619047619,0.09809523809523801,0.9733333333333334,1.0,0.026666666666666616,0.6904761904761905,0.7619047619047619,0.0714285714285714,15,9
87,0.292043384718141,-0.5345526268252332,legacy67,minmax,0.6638095238095238,0.8095238095238095,0.14571428571428569,0.9733333333333334,1.0,0.026666666666666616,0.6904761904761905,0.8095238095238095,0.11904761904761907,15,9
87,0.314891164795686,-0.50183952461055,legacy67,minmax,0.6504761904761904,0.8095238095238095,0.1590476190476191,0.96,1.0,0.040000000000000036,0.6904761904761905,0.8095238095238095,0.11904761904761907,15,9
87,0.35868164986275475,-0.44529084124207197,legacy67,minmax,0.6742857142857144,0.8095238095238095,0.13523809523809516,0.96,1.0,0.040000000000000036,0.7142857142857143,0.8095238095238095,0.09523809523809523,18,10
87,0.5130551760589832,-0.2898359265658015,legacy67,minmax,0.6980952380952381,0.7828571428571429,0.08476190476190482,0.96,0.9733333333333334,0.01333333333333342,0.7380952380952381,0.8095238095238095,0.0714285714285714,21,9
87,0.5342937261279772,-0.27221992543153695,legacy67,minmax,0.6980952380952381,0.7828571428571429,0.08476190476190482,0.96,0.9733333333333334,0.01333333333333342,0.7380952380952381,0.8095238095238095,0.0714285714285714,21,9
87,0.5762487216478598,-0.23939002504159476,legacy67,minmax,0.6980952380952381,0.7828571428571429,0.08476190476190482,0.96,0.9733333333333334,0.01333333333333342,0.7380952380952381,0.8095238095238095,0.0714285714285714,22,9
87,0.6672367170464204,-0.17572006313185626,legacy67,minmax,0.6980952380952381,0.7828571428571429,0.08476190476190482,0.96,0.9733333333333334,0.01333333333333342,0.7380952380952381,0.8095238095238095,0.0714285714285714,22,9
87,0.7742116473996242,-0.1111402993522028,legacy67,minmax,0.6980952380952381,0.7828571428571429,0.08476190476190482,0.96,0.9733333333333334,0.01333333333333342,0.7380952380952381,0.8095238095238095,0.0714285714285714,22,9
87,0.9444574254983555,-0.02481761454243703,legacy67,minmax,0.6980952380952381,0.7828571428571429,0.08476190476190482,0.96,0.9733333333333334,0.01333333333333342,0.7380952380952381,0.8095238095238095,0.0714285714285714,22,9
87,0.9565499215943818,-0.019292359554919238,legacy67,minmax,0.6980952380952381,0.7828571428571429,0.08476190476190482,0.96,0.9733333333333334,0.01333333333333342,0.7380952380952381,0.8095238095238095,0.0714285714285714,22,9
87,1.1400863701127315,0.0569377536544464,legacy67,minmax,0.6980952380952381,0.7828571428571429,0.08476190476190482,0.96,0.9733333333333334,0.01333333333333342,0.7380952380952381,0.8095238095238095,0.0714285714285714,22,9
87,1.2030178871154662,0.08027208471124325,legacy67,minmax,0.6980952380952381,0.7828571428571429,0.08476190476190482,0.96,0.9733333333333334,0.01333333333333342,0.7380952380952381,0.8095238095238095,0.0714285714285714,22,9
87,1.2329098365270508,0.0909313175279762,legacy67,minmax,0.6980952380952381,0.7828571428571429,0.08476190476190482,0.96,0.9733333333333334,0.01333333333333342,0.7380952380952381,0.8095238095238095,0.0714285714285714,23,9
87,1.2561043700013554,0.09902572652895136,legacy67,minmax,0.6980952380952381,0.7828571428571429,0.08476190476190482,0.96,0.9733333333333334,0.01333333333333342,0.7380952380952381,0.8095238095238095,0.0714285714285714,24,9
87,1.4817820606039076,0.17078433263299386,legacy67,minmax,0.6980952380952381,0.7695238095238095,0.0714285714285714,0.96,0.96,0.0,0.7380952380952381,0.8095238095238095,0.0714285714285714,24,9
87,1.5375920235481748,0.1868411173731186,legacy67,minmax,0.6980952380952381,0.7695238095238095,0.0714285714285714,0.96,0.96,0.0,0.7380952380952381,0.8095238095238095,0.0714285714285714,24,9
87,1.7583640270008503,0.24510879027798493,legacy67,minmax,0.6980952380952381,0.7695238095238095,0.0714285714285714,0.96,0.96,0.0,0.7380952380952381,0.8095238095238095,0.0714285714285714,26,9
87,2.34238498471129,0.36965827544816987,legacy67,minmax,0.6980952380952381,0.7695238095238095,0.0714285714285714,0.96,0.96,0.0,0.7380952380952381,0.8095238095238095,0.0714285714285714,26,8
87,2.4637685958997446,0.39159991524434057,legacy67,minmax,0.6980952380952381,0.7695238095238095,0.0714285714285714,0.96,0.96,0.0,0.7380952380952381,0.8095238095238095,0.0714285714285714,28,8
87,2.4810409748678097,0.3946339367881464,legacy67,minmax,0.6980952380952381,0.7695238095238095,0.0714285714285714,0.96,0.96,0.0,0.7380952380952381,0.8095238095238095,0.0714285714285714,28,8
87,2.5378155082656626,0.40446004697283516,legacy67,minmax,0.6980952380952381,0.7695238095238095,0.0714285714285714,0.96,0.96,0.0,0.7380952380952381,0.8095238095238095,0.0714285714285714,29,8
87,2.692646910086177,0.43017940760575346,legacy67,minmax,0.6980952380952381,0.8171428571428572,0.11904761904761907,0.96,0.96,0.0,0.7380952380952381,0.8571428571428571,0.11904761904761896,28,8
87,2.801635158716258,0.4474115788895179,legacy67,minmax,0.6980952380952381,0.8171428571428572,0.11904761904761907,0.96,0.96,0.0,0.7380952380952381,0.8571428571428571,0.11904761904761896,26,8
87,3.113095956122122,0.4931925073102317,legacy67,minmax,0.6980952380952381,0.8171428571428572,0.11904761904761907,0.96,0.96,0.0,0.7380952380952381,0.8571428571428571,0.11904761904761896,27,8
87,3.550012525851159,0.5502298854208525,legacy67,minmax,0.6980952380952381,0.8171428571428572,0.11904761904761907,0.96,0.96,0.0,0.7380952380952381,0.8571428571428571,0.11904761904761896,28,8
87,4.467752817973904,0.6500891374159279,legacy67,minmax,0.7219047619047618,0.8171428571428572,0.09523809523809534,0.96,0.96,0.0,0.7619047619047619,0.8571428571428571,0.09523809523809523,30,8
87,5.456725485601473,0.7369321060486276,legacy67,minmax,0.7219047619047618,0.8171428571428572,0.09523809523809534,0.96,0.96,0.0,0.7619047619047619,0.8571428571428571,0.09523809523809523,31,8
87,6.72093005015611,0.8274293753904685,legacy67,minmax,0.7457142857142856,0.8171428571428572,0.07142857142857162,0.96,0.96,0.0,0.7857142857142857,0.8571428571428571,0.0714285714285714,32,9
87,6.7965780907581514,0.832290311184182,legacy67,minmax,0.7457142857142856,0.8171428571428572,0.07142857142857162,0.96,0.96,0.0,0.7857142857142857,0.8571428571428571,0.0714285714285714,32,9
87,7.128188058401357,0.85297914889198,legacy67,minmax,0.7457142857142856,0.8171428571428572,0.07142857142857162,0.96,0.96,0.0,0.7857142857142857,0.8571428571428571,0.0714285714285714,33,8
87,8.241925264876443,0.9160286721639492,legacy67,minmax,0.7457142857142856,0.7933333333333334,0.047619047619047894,0.96,0.96,0.0,0.7857142857142857,0.8333333333333334,0.04761904761904767,33,28
87,8.287522363768153,0.9184247133522563,legacy67,minmax,0.7457142857142856,0.7933333333333334,0.047619047619047894,0.96,0.96,0.0,0.7857142857142857,0.8333333333333334,0.04761904761904767,33,28
87,8.471801418819974,0.9279757672456204,legacy67,minmax,0.7457142857142856,0.7933333333333334,0.047619047619047894,0.96,0.96,0.0,0.7857142857142857,0.8333333333333334,0.04761904761904767,33,28
87,11.044350847124681,1.0431401944675898,legacy67,minmax,0.7219047619047618,0.7933333333333334,0.07142857142857162,0.96,0.96,0.0,0.7619047619047619,0.8333333333333334,0.07142857142857151,33,29
87,12.130221181165155,1.083868719818244,legacy67,minmax,0.7219047619047618,0.7933333333333334,0.07142857142857162,0.96,0.96,0.0,0.7619047619047619,0.8333333333333334,0.07142857142857151,33,29
87,12.164139351417056,1.085081386743783,legacy67,minmax,0.7219047619047618,0.7933333333333334,0.07142857142857162,0.96,0.96,0.0,0.7619047619047619,0.8333333333333334,0.07142857142857151,33,29
87,12.273800987852958,1.0889790771866297,legacy67,minmax,0.7219047619047618,0.7933333333333334,0.07142857142857162,0.96,0.96,0.0,0.7619047619047619,0.8333333333333334,0.07142857142857151,33,29
87,12.604664585649452,1.1005312934444582,legacy67,minmax,0.7219047619047618,0.7933333333333334,0.07142857142857162,0.96,0.96,0.0,0.7619047619047619,0.8333333333333334,0.07142857142857151,33,29
87,13.826232179369853,1.1407038455720544,legacy67,minmax,0.6980952380952381,0.7933333333333334,0.09523809523809534,0.96,0.96,0.0,0.7380952380952381,0.8333333333333334,0.09523809523809523,33,29
87,16.172900811143133,1.2087879230161587,legacy67,minmax,0.6980952380952381,0.7933333333333334,0.09523809523809534,0.96,0.96,0.0,0.7380952380952381,0.8333333333333334,0.09523809523809523,33,29
87,17.123375973163967,1.2335893924658445,legacy67,minmax,0.6980952380952381,0.7933333333333334,0.09523809523809534,0.96,0.96,0.0,0.7380952380952381,0.8333333333333334,0.09523809523809523,33,29
87,18.274508859816006,1.2618457138193366,legacy67,minmax,0.6980952380952381,0.7933333333333334,0.09523809523809534,0.96,0.96,0.0,0.7380952380952381,0.8333333333333334,0.09523809523809523,33,29
87,20.65142557895924,1.3149500366077174,legacy67,minmax,0.6980952380952381,0.7933333333333334,0.09523809523809534,0.96,0.96,0.0,0.7380952380952381,0.8333333333333334,0.09523809523809523,33,29
87,21.36832907235874,1.329770563201687,legacy67,minmax,0.6980952380952381,0.7933333333333334,0.09523809523809534,0.96,0.96,0.0,0.7380952380952381,0.8333333333333334,0.09523809523809523,33,29
87,28.340904295147727,1.452413703502374,legacy67,minmax,0.6742857142857144,0.7933333333333334,0.11904761904761907,0.96,0.96,0.0,0.7142857142857143,0.8333333333333334,0.11904761904761907,33,30
87,29.154431891537524,1.4647045830997407,legacy67,minmax,0.6742857142857144,0.7933333333333334,0.11904761904761907,0.96,0.96,0.0,0.7142857142857143,0.8333333333333334,0.11904761904761907,33,30
87,35.387588647792384,1.5488509703053062,legacy67,minmax,0.6742857142857144,0.7933333333333334,0.11904761904761907,0.96,0.96,0.0,0.7142857142857143,0.8333333333333334,0.11904761904761907,33,30
87,37.95853142670639,1.5793094017105953,legacy67,minmax,0.6742857142857144,0.7933333333333334,0.11904761904761907,0.96,0.96,0.0,0.7142857142857143,0.8333333333333334,0.11904761904761907,33,30
87,43.37920697490936,1.6372816083151283,legacy67,minmax,0.6742857142857144,0.7933333333333334,0.11904761904761907,0.96,0.96,0.0,0.7142857142857143,0.8333333333333334,0.11904761904761907,32,30
87,48.69640941520897,1.6874969400924673,legacy67,minmax,0.6742857142857144,0.7933333333333334,0.11904761904761907,0.96,0.96,0.0,0.7142857142857143,0.8333333333333334,0.11904761904761907,32,30
87,57.279044707996185,1.7579957662567565,legacy67,minmax,0.6742857142857144,0.8038095238095238,0.12952380952380937,0.96,0.9466666666666667,-0.013333333333333308,0.7142857142857143,0.8571428571428571,0.1428571428571428,32,31
87,62.45139574743064,1.795542149013333,legacy67,minmax,0.6742857142857144,0.8038095238095238,0.12952380952380937,0.96,0.9466666666666667,-0.013333333333333308,0.7142857142857143,0.8571428571428571,0.1428571428571428,33,31
87,63.512210106406926,1.8028572256396647,legacy67,minmax,0.6742857142857144,0.8038095238095238,0.12952380952380937,0.96,0.9466666666666667,-0.013333333333333308,0.7142857142857143,0.8571428571428571,0.1428571428571428,33,31
87,72.86653737491037,1.8625281322982374,legacy67,minmax,0.6742857142857144,0.8038095238095238,0.12952380952380937,0.96,0.9466666666666667,-0.013333333333333308,0.7142857142857143,0.8571428571428571,0.1428571428571428,33,32
87,75.56810141274423,1.8783385110582342,legacy67,minmax,0.6742857142857144,0.8038095238095238,0.12952380952380937,0.96,0.9466666666666667,-0.013333333333333308,0.7142857142857143,0.8571428571428571,0.1428571428571428,33,32
87,75.79479953347995,1.8796394086479773,legacy67,minmax,0.6742857142857144,0.8038095238095238,0.12952380952380937,0.96,0.9466666666666667,-0.013333333333333308,0.7142857142857143,0.8571428571428571,0.1428571428571428,33,32
87,88.62326508576248,1.9475477464020692,legacy67,minmax,0.6742857142857144,0.8038095238095238,0.12952380952380937,0.96,0.9466666666666667,-0.013333333333333308,0.7142857142857143,0.8571428571428571,0.1428571428571428,33,32
88,0.010521761868451128,-1.9779115315055904,legacy67,minmax,0.0,0.0,0.0,1.0,1.0,0.0,0.0,0.0,0.0,0,0
88,0.012087541473056955,-1.9176620228167902,legacy67,minmax,0.0,0.0,0.0,1.0,1.0,0.0,0.0,0.0,0.0,0,0
88,0.01263794633808287,-1.8983234930236192,legacy67,minmax,0.0,0.0,0.0,1.0,1.0,0.0,0.0,0.0,0.0,0,0
88,0.013726318898045865,-1.8624459155391264,legacy67,minmax,0.0,0.0,0.0,1.0,1.0,0.0,0.0,0.0,0.0,0,0
88,0.0151673306880762,-1.8190908443578477,legacy67,minmax,0.0,0.0,0.0,1.0,1.0,0.0,0.0,0.0,0.0,0,0
88,0.015339162591163618,-1.814198349120009,legacy67,minmax,0.0,0.0,0.0,1.0,1.0,0.0,0.0,0.0,0.0,0,0
88,0.017073967431528118,-1.7676655513272022,legacy67,minmax,0.0,0.0,0.0,1.0,1.0,0.0,0.0,0.0,0.0,0,0
88,0.017956984225677628,-1.7457665988559055,legacy67,minmax,0.0,0.0,0.0,1.0,1.0,0.0,0.0,0.0,0.0,0,0
88,0.018205657658407252,-1.739793628058882,legacy67,minmax,0.0,0.0,0.0,1.0,1.0,0.0,0.0,0.0,0.0,0,0
88,0.019777828512462715,-1.7038213930636386,legacy67,minmax,0.0,0.0,0.0,1.0,1.0,0.0,0.0,0.0,0.0,3,1
88,0.01987021538542862,-1.7017974252809167,legacy67,minmax,0.0,0.0,0.0,1.0,1.0,0.0,0.0,0.0,0.0,3,1
88,0.022592797420156945,-1.646029991792322,legacy67,minmax,0.04761904761904767,0.0,-0.04761904761904767,1.0,1.0,0.0,0.047619047619047616,0.0,-0.047619047619047616,3,1
88,0.024586032763280048,-1.6093115439744645,legacy67,minmax,0.16666666666666674,0.6400000000000001,0.4733333333333334,1.0,0.9733333333333334,-0.026666666666666616,0.16666666666666666,0.6666666666666666,0.5,3,1
88,0.027012557725439066,-1.5684342920267822,legacy67,minmax,0.2857142857142856,0.6400000000000001,0.35428571428571454,1.0,0.9733333333333334,-0.026666666666666616,0.2857142857142857,0.6666666666666666,0.38095238095238093,3,2
88,0.029072088906598435,-1.5365237618994811,legacy67,minmax,0.30952380952380953,0.6400000000000001,0.3304761904761906,1.0,0.9733333333333334,-0.026666666666666616,0.30952380952380953,0.6666666666666666,0.3571428571428571,3,2
88,0.030086868214458433,-1.5216230162467932,legacy67,minmax,0.30952380952380953,0.6400000000000001,0.3304761904761906,1.0,0.9733333333333334,-0.026666666666666616,0.30952380952380953,0.6666666666666666,0.3571428571428571,3,2
88,0.030771802712506853,-1.5118470606208847,legacy67,minmax,0.30952380952380953,0.6400000000000001,0.3304761904761906,1.0,0.9733333333333334,-0.026666666666666616,0.30952380952380953,0.6666666666666666,0.3571428571428571,4,2
88,0.036138942712165265,-1.4420245573918327,legacy67,minmax,0.38095238095238093,0.6400000000000001,0.2590476190476192,1.0,0.9733333333333334,-0.026666666666666616,0.38095238095238093,0.6666666666666666,0.2857142857142857,5,2
88,0.03661819220392428,-1.4363031001009494,legacy67,minmax,0.40476190476190466,0.6400000000000001,0.23523809523809547,1.0,0.9733333333333334,-0.026666666666666616,0.40476190476190477,0.6666666666666666,0.26190476190476186,5,2
88,0.04207053950287936,-1.3760219186551894,legacy67,minmax,0.6428571428571428,0.6400000000000001,-0.0028571428571426694,1.0,0.9733333333333334,-0.026666666666666616,0.6428571428571429,0.6666666666666666,0.023809523809523725,5,2
88,0.04207988669606635,-1.375925438230254,legacy67,minmax,0.6428571428571428,0.6400000000000001,-0.0028571428571426694,1.0,0.9733333333333334,-0.026666666666666616,0.6428571428571429,0.6666666666666666,0.023809523809523725,5,2
88,0.04809461967501572,-1.3179035052508339,legacy67,minmax,0.6666666666666665,0.6876190476190476,0.020952380952381056,1.0,0.9733333333333334,-0.026666666666666616,0.6666666666666666,0.7142857142857143,0.04761904761904767,5,3
88,0.05337032762603955,-1.2727001311715975,legacy67,minmax,0.677142857142857,0.6876190476190476,0.010476190476190528,0.9866666666666667,0.9733333333333334,-0.013333333333333308,0.6904761904761905,0.7142857142857143,0.023809523809523836,5,5
88,0.05415244119402536,-1.2663819605862647,legacy67,minmax,0.677142857142857,0.6876190476190476,0.010476190476190528,0.9866666666666667,0.9733333333333334,-0.013333333333333308,0.6904761904761905,0.7142857142857143,0.023809523809523836,5,5
88,0.05488047000766042,-1.2605821778978918,legacy67,minmax,0.677142857142857,0.6876190476190476,0.010476190476190528,0.9866666666666667,0.9733333333333334,-0.013333333333333308,0.6904761904761905,0.7142857142857143,0.023809523809523836,5,5
88,0.060803901902965994,-1.2160685503234192,legacy67,minmax,0.677142857142857,0.7114285714285715,0.034285714285714475,0.9866666666666667,0.9733333333333334,-0.013333333333333308,0.6904761904761905,0.7380952380952381,0.04761904761904767,5,6
88,0.06235377135673155,-1.2051372738633104,legacy67,minmax,0.677142857142857,0.7114285714285715,0.034285714285714475,0.9866666666666667,0.9733333333333334,-0.013333333333333308,0.6904761904761905,0.7380952380952381,0.04761904761904767,5,6
88,0.06290644294586147,-1.201304871366561,legacy67,minmax,0.677142857142857,0.7114285714285715,0.034285714285714475,0.9866666666666667,0.9733333333333334,-0.013333333333333308,0.6904761904761905,0.7380952380952381,0.04761904761904767,5,6
88,0.07068974950624601,-1.1506435572868954,legacy67,minmax,0.677142857142857,0.7352380952380952,0.0580952380952382,0.9866666666666667,0.9733333333333334,-0.013333333333333308,0.6904761904761905,0.7619047619047619,0.0714285714285714,5,7
88,0.10842262717330158,-0.9648800735999323,legacy67,minmax,0.7485714285714287,0.8304761904761904,0.0819047619047617,0.9866666666666667,0.9733333333333334,-0.013333333333333308,0.7619047619047619,0.8571428571428571,0.09523809523809523,8,10
88,0.12172958098369964,-0.9146038729044164,legacy67,minmax,0.7723809523809524,0.8171428571428572,0.04476190476190478,0.9866666666666667,0.96,-0.026666666666666727,0.7857142857142857,0.8571428571428571,0.0714285714285714,9,10
88,0.1329652145729951,-0.876261961250477,legacy67,minmax,0.7723809523809524,0.8171428571428572,0.04476190476190478,0.9866666666666667,0.96,-0.026666666666666727,0.7857142857142857,0.8571428571428571,0.0714285714285714,9,10
88,0.14618962793704957,-0.8350834392078323,legacy67,minmax,0.7723809523809524,0.8171428571428572,0.04476190476190478,0.9866666666666667,0.96,-0.026666666666666727,0.7857142857142857,0.8571428571428571,0.0714285714285714,9,10
88,0.14742753159914665,-0.8314214058591274,legacy67,minmax,0.7961904761904761,0.8171428571428572,0.020952380952381056,0.9866666666666667,0.96,-0.026666666666666727,0.8095238095238095,0.8571428571428571,0.04761904761904756,9,10
88,0.16480446427978968,-0.7830310281618491,legacy67,minmax,0.7961904761904761,0.7904761904761903,-0.005714285714285783,0.9866666666666667,0.9333333333333333,-0.053333333333333344,0.8095238095238095,0.8571428571428571,0.04761904761904756,11,10
88,0.16536937182824418,-0.7815449233065173,legacy67,minmax,0.7961904761904761,0.7904761904761903,-0.005714285714285783,0.9866666666666667,0.9333333333333333,-0.053333333333333344,0.8095238095238095,0.8571428571428571,0.04761904761904756,11,10
88,0.1753594952976441,-0.7560707131373512,legacy67,minmax,0.7961904761904761,0.7904761904761903,-0.005714285714285783,0.9866666666666667,0.9333333333333333,-0.053333333333333344,0.8095238095238095,0.8571428571428571,0.04761904761904756,11,10
88,0.17654048052495064,-0.7531556956423562,legacy67,minmax,0.7961904761904761,0.7904761904761903,-0.005714285714285783,0.9866666666666667,0.9333333333333333,-0.053333333333333344,0.8095238095238095,0.8571428571428571,0.04761904761904756,11,10
88,0.1998634077852887,-0.6992667118930118,legacy67,minmax,0.8200000000000001,0.7904761904761903,-0.02952380952380973,0.9866666666666667,0.9333333333333333,-0.053333333333333344,0.8333333333333334,0.8571428571428571,0.023809523809523725,14,10
88,0.2001342062287997,-0.6986786769469426,legacy67,minmax,0.8200000000000001,0.7904761904761903,-0.02952380952380973,0.9866666666666667,0.9333333333333333,-0.053333333333333344,0.8333333333333334,0.8571428571428571,0.023809523809523725,14,10
88,0.21066486017042194,-0.6764079005894033,legacy67,minmax,0.8200000000000001,0.7904761904761903,-0.02952380952380973,0.9866666666666667,0.9333333333333333,-0.053333333333333344,0.8333333333333334,0.8571428571428571,0.023809523809523725,14,10
88,0.2673088310781669,-0.5729866932256429,legacy67,minmax,0.8200000000000001,0.7904761904761903,-0.02952380952380973,0.9866666666666667,0.9333333333333333,-0.053333333333333344,0.8333333333333334,0.8571428571428571,0.023809523809523725,14,10
88,0.2715581955282939,-0.5661370858229096,legacy67,minmax,0.8200000000000001,0.7904761904761903,-0.02952380952380973,0.9866666666666667,0.9333333333333333,-0.053333333333333344,0.8333333333333334,0.8571428571428571,0.023809523809523725,14,10
88,0.292043384718141,-0.5345526268252332,legacy67,minmax,0.8200000000000001,0.7904761904761903,-0.02952380952380973,0.9866666666666667,0.9333333333333333,-0.053333333333333344,0.8333333333333334,0.8571428571428571,0.023809523809523725,15,10
88,0.314891164795686,-0.50183952461055,legacy67,minmax,0.8200000000000001,0.7904761904761903,-0.02952380952380973,0.9866666666666667,0.9333333333333333,-0.053333333333333344,0.8333333333333334,0.8571428571428571,0.023809523809523725,15,11
88,0.35868164986275475,-0.44529084124207197,legacy67,minmax,0.8438095238095238,0.7904761904761903,-0.053333333333333455,0.9866666666666667,0.9333333333333333,-0.053333333333333344,0.8571428571428571,0.8571428571428571,0.0,16,11
88,0.5130551760589832,-0.2898359265658015,legacy67,minmax,0.8438095238095238,0.7904761904761903,-0.053333333333333455,0.9866666666666667,0.9333333333333333,-0.053333333333333344,0.8571428571428571,0.8571428571428571,0.0,18,11
88,0.5342937261279772,-0.27221992543153695,legacy67,minmax,0.8438095238095238,0.7904761904761903,-0.053333333333333455,0.9866666666666667,0.9333333333333333,-0.053333333333333344,0.8571428571428571,0.8571428571428571,0.0,18,11
88,0.5762487216478598,-0.23939002504159476,legacy67,minmax,0.8200000000000001,0.7904761904761903,-0.02952380952380973,0.9866666666666667,0.9333333333333333,-0.053333333333333344,0.8333333333333334,0.8571428571428571,0.023809523809523725,19,11
88,0.6672367170464204,-0.17572006313185626,legacy67,minmax,0.8066666666666666,0.8142857142857143,0.007619047619047636,0.9733333333333334,0.9333333333333333,-0.040000000000000036,0.8333333333333334,0.8809523809523809,0.04761904761904756,20,11
88,0.7742116473996242,-0.1111402993522028,legacy67,minmax,0.8066666666666666,0.8142857142857143,0.007619047619047636,0.9733333333333334,0.9333333333333333,-0.040000000000000036,0.8333333333333334,0.8809523809523809,0.04761904761904756,21,11
88,0.9444574254983555,-0.02481761454243703,legacy67,minmax,0.8200000000000001,0.8009523809523809,-0.019047619047619202,0.9866666666666667,0.92,-0.06666666666666665,0.8333333333333334,0.8809523809523809,0.04761904761904756,23,11
88,0.9565499215943818,-0.019292359554919238,legacy67,minmax,0.8200000000000001,0.8009523809523809,-0.019047619047619202,0.9866666666666667,0.92,-0.06666666666666665,0.8333333333333334,0.8809523809523809,0.04761904761904756,23,11
88,1.1400863701127315,0.0569377536544464,legacy67,minmax,0.8200000000000001,0.8009523809523809,-0.019047619047619202,0.9866666666666667,0.92,-0.06666666666666665,0.8333333333333334,0.8809523809523809,0.04761904761904756,24,11
88,1.2030178871154662,0.08027208471124325,legacy67,minmax,0.8200000000000001,0.8009523809523809,-0.019047619047619202,0.9866666666666667,0.92,-0.06666666666666665,0.8333333333333334,0.8809523809523809,0.04761904761904756,24,11
88,1.2329098365270508,0.0909313175279762,legacy67,minmax,0.8200000000000001,0.8009523809523809,-0.019047619047619202,0.9866666666666667,0.92,-0.06666666666666665,0.8333333333333334,0.8809523809523809,0.04761904761904756,25,11
88,1.2561043700013554,0.09902572652895136,legacy67,minmax,0.8200000000000001,0.8009523809523809,-0.019047619047619202,0.9866666666666667,0.92,-0.06666666666666665,0.8333333333333334,0.8809523809523809,0.04761904761904756,25,11
88,1.4817820606039076,0.17078433263299386,legacy67,minmax,0.7961904761904761,0.8009523809523809,0.004761904761904745,0.9866666666666667,0.92,-0.06666666666666665,0.8095238095238095,0.8809523809523809,0.0714285714285714,25,11
88,1.5375920235481748,0.1868411173731186,legacy67,minmax,0.7961904761904761,0.8009523809523809,0.004761904761904745,0.9866666666666667,0.92,-0.06666666666666665,0.8095238095238095,0.8809523809523809,0.0714285714285714,25,11
88,1.7583640270008503,0.24510879027798493,legacy67,minmax,0.7961904761904761,0.8009523809523809,0.004761904761904745,0.9866666666666667,0.92,-0.06666666666666665,0.8095238095238095,0.8809523809523809,0.0714285714285714,25,11
88,2.34238498471129,0.36965827544816987,legacy67,minmax,0.7961904761904761,0.8009523809523809,0.004761904761904745,0.9866666666666667,0.92,-0.06666666666666665,0.8095238095238095,0.8809523809523809,0.0714285714285714,27,11
88,2.4637685958997446,0.39159991524434057,legacy67,minmax,0.7961904761904761,0.8009523809523809,0.004761904761904745,0.9866666666666667,0.92,-0.06666666666666665,0.8095238095238095,0.8809523809523809,0.0714285714285714,28,11
88,2.4810409748678097,0.3946339367881464,legacy67,minmax,0.7961904761904761,0.8009523809523809,0.004761904761904745,0.9866666666666667,0.92,-0.06666666666666665,0.8095238095238095,0.8809523809523809,0.0714285714285714,28,11
88,2.5378155082656626,0.40446004697283516,legacy67,minmax,0.7961904761904761,0.8009523809523809,0.004761904761904745,0.9866666666666667,0.92,-0.06666666666666665,0.8095238095238095,0.8809523809523809,0.0714285714285714,28,11
88,2.692646910086177,0.43017940760575346,legacy67,minmax,0.7961904761904761,0.8009523809523809,0.004761904761904745,0.9866666666666667,0.92,-0.06666666666666665,0.8095238095238095,0.8809523809523809,0.0714285714285714,29,10
88,2.801635158716258,0.4474115788895179,legacy67,minmax,0.7961904761904761,0.8009523809523809,0.004761904761904745,0.9866666666666667,0.92,-0.06666666666666665,0.8095238095238095,0.8809523809523809,0.0714285714285714,29,11
88,3.113095956122122,0.4931925073102317,legacy67,minmax,0.7961904761904761,0.8009523809523809,0.004761904761904745,0.9866666666666667,0.92,-0.06666666666666665,0.8095238095238095,0.8809523809523809,0.0714285714285714,29,11
88,3.550012525851159,0.5502298854208525,legacy67,minmax,0.7723809523809524,0.8009523809523809,0.02857142857142847,0.9866666666666667,0.92,-0.06666666666666665,0.7857142857142857,0.8809523809523809,0.09523809523809523,31,11
88,4.467752817973904,0.6500891374159279,legacy67,minmax,0.7723809523809524,0.8009523809523809,0.02857142857142847,0.9866666666666667,0.92,-0.06666666666666665,0.7857142857142857,0.8809523809523809,0.09523809523809523,32,10
88,5.456725485601473,0.7369321060486276,legacy67,minmax,0.7485714285714287,0.8009523809523809,0.052380952380952195,0.9866666666666667,0.92,-0.06666666666666665,0.7619047619047619,0.8809523809523809,0.11904761904761907,32,10
88,6.72093005015611,0.8274293753904685,legacy67,minmax,0.7247619047619049,0.8009523809523809,0.07619047619047592,0.9866666666666667,0.92,-0.06666666666666665,0.7380952380952381,0.8809523809523809,0.1428571428571428,32,11
88,6.7965780907581514,0.832290311184182,legacy67,minmax,0.7247619047619049,0.8009523809523809,0.07619047619047592,0.9866666666666667,0.92,-0.06666666666666665,0.7380952380952381,0.8809523809523809,0.1428571428571428,32,11
88,7.128188058401357,0.85297914889198,legacy67,minmax,0.7247619047619049,0.8009523809523809,0.07619047619047592,0.9866666666666667,0.92,-0.06666666666666665,0.7380952380952381,0.8809523809523809,0.1428571428571428,32,11
88,8.241925264876443,0.9160286721639492,legacy67,minmax,0.7247619047619049,0.7876190476190477,0.06285714285714272,0.9866666666666667,0.9066666666666666,-0.08000000000000007,0.7380952380952381,0.8809523809523809,0.1428571428571428,32,30
88,8.287522363768153,0.9184247133522563,legacy67,minmax,0.7247619047619049,0.7876190476190477,0.06285714285714272,0.9866666666666667,0.9066666666666666,-0.08000000000000007,0.7380952380952381,0.8809523809523809,0.1428571428571428,32,30
88,8.471801418819974,0.9279757672456204,legacy67,minmax,0.7247619047619049,0.7876190476190477,0.06285714285714272,0.9866666666666667,0.9066666666666666,-0.08000000000000007,0.7380952380952381,0.8809523809523809,0.1428571428571428,32,30
88,11.044350847124681,1.0431401944675898,legacy67,minmax,0.7247619047619049,0.7876190476190477,0.06285714285714272,0.9866666666666667,0.9066666666666666,-0.08000000000000007,0.7380952380952381,0.8809523809523809,0.1428571428571428,31,30
88,12.130221181165155,1.083868719818244,legacy67,minmax,0.7247619047619049,0.7876190476190477,0.06285714285714272,0.9866666666666667,0.9066666666666666,-0.08000000000000007,0.7380952380952381,0.8809523809523809,0.1428571428571428,31,30
88,12.164139351417056,1.085081386743783,legacy67,minmax,0.7247619047619049,0.7876190476190477,0.06285714285714272,0.9866666666666667,0.9066666666666666,-0.08000000000000007,0.7380952380952381,0.8809523809523809,0.1428571428571428,31,30
88,12.273800987852958,1.0889790771866297,legacy67,minmax,0.7247619047619049,0.7876190476190477,0.06285714285714272,0.9866666666666667,0.9066666666666666,-0.08000000000000007,0.7380952380952381,0.8809523809523809,0.1428571428571428,31,30
88,12.604664585649452,1.1005312934444582,legacy67,minmax,0.7247619047619049,0.7876190476190477,0.06285714285714272,0.9866666666666667,0.9066666666666666,-0.08000000000000007,0.7380952380952381,0.8809523809523809,0.1428571428571428,31,30
88,13.826232179369853,1.1407038455720544,legacy67,minmax,0.7247619047619049,0.7876190476190477,0.06285714285714272,0.9866666666666667,0.9066666666666666,-0.08000000000000007,0.7380952380952381,0.8809523809523809,0.1428571428571428,31,30
88,16.172900811143133,1.2087879230161587,legacy67,minmax,0.7247619047619049,0.7876190476190477,0.06285714285714272,0.9866666666666667,0.9066666666666666,-0.08000000000000007,0.7380952380952381,0.8809523809523809,0.1428571428571428,31,30
88,17.123375973163967,1.2335893924658445,legacy67,minmax,0.7247619047619049,0.7876190476190477,0.06285714285714272,0.9866666666666667,0.9066666666666666,-0.08000000000000007,0.7380952380952381,0.8809523809523809,0.1428571428571428,31,30
88,18.274508859816006,1.2618457138193366,legacy67,minmax,0.7247619047619049,0.7876190476190477,0.06285714285714272,0.9866666666666667,0.9066666666666666,-0.08000000000000007,0.7380952380952381,0.8809523809523809,0.1428571428571428,31,30
88,20.65142557895924,1.3149500366077174,legacy67,minmax,0.7247619047619049,0.7876190476190477,0.06285714285714272,0.9866666666666667,0.9066666666666666,-0.08000000000000007,0.7380952380952381,0.8809523809523809,0.1428571428571428,32,30
88,21.36832907235874,1.329770563201687,legacy67,minmax,0.7247619047619049,0.7876190476190477,0.06285714285714272,0.9866666666666667,0.9066666666666666,-0.08000000000000007,0.7380952380952381,0.8809523809523809,0.1428571428571428,32,30
88,28.340904295147727,1.452413703502374,legacy67,minmax,0.7247619047619049,0.7876190476190477,0.06285714285714272,0.9866666666666667,0.9066666666666666,-0.08000000000000007,0.7380952380952381,0.8809523809523809,0.1428571428571428,32,30
88,29.154431891537524,1.4647045830997407,legacy67,minmax,0.7247619047619049,0.7876190476190477,0.06285714285714272,0.9866666666666667,0.9066666666666666,-0.08000000000000007,0.7380952380952381,0.8809523809523809,0.1428571428571428,32,30
88,35.387588647792384,1.5488509703053062,legacy67,minmax,0.7247619047619049,0.7876190476190477,0.06285714285714272,0.9866666666666667,0.9066666666666666,-0.08000000000000007,0.7380952380952381,0.8809523809523809,0.1428571428571428,33,30
88,37.95853142670639,1.5793094017105953,legacy67,minmax,0.7247619047619049,0.7876190476190477,0.06285714285714272,0.9866666666666667,0.9066666666666666,-0.08000000000000007,0.7380952380952381,0.8809523809523809,0.1428571428571428,33,31
88,43.37920697490936,1.6372816083151283,legacy67,minmax,0.7247619047619049,0.7876190476190477,0.06285714285714272,0.9866666666666667,0.9066666666666666,-0.08000000000000007,0.7380952380952381,0.8809523809523809,0.1428571428571428,33,31
88,48.69640941520897,1.6874969400924673,legacy67,minmax,0.7247619047619049,0.7876190476190477,0.06285714285714272,0.9866666666666667,0.9066666666666666,-0.08000000000000007,0.7380952380952381,0.8809523809523809,0.1428571428571428,33,31
88,57.279044707996185,1.7579957662567565,legacy67,minmax,0.7247619047619049,0.7876190476190477,0.06285714285714272,0.9866666666666667,0.9066666666666666,-0.08000000000000007,0.7380952380952381,0.8809523809523809,0.1428571428571428,33,32
88,62.45139574743064,1.795542149013333,legacy67,minmax,0.7247619047619049,0.7876190476190477,0.06285714285714272,0.9866666666666667,0.9066666666666666,-0.08000000000000007,0.7380952380952381,0.8809523809523809,0.1428571428571428,33,32
88,63.512210106406926,1.8028572256396647,legacy67,minmax,0.7247619047619049,0.7876190476190477,0.06285714285714272,0.9866666666666667,0.9066666666666666,-0.08000000000000007,0.7380952380952381,0.8809523809523809,0.1428571428571428,33,32
88,72.86653737491037,1.8625281322982374,legacy67,minmax,0.7247619047619049,0.7876190476190477,0.06285714285714272,0.9866666666666667,0.9066666666666666,-0.08000000000000007,0.7380952380952381,0.8809523809523809,0.1428571428571428,33,32
88,75.56810141274423,1.8783385110582342,legacy67,minmax,0.7247619047619049,0.7876190476190477,0.06285714285714272,0.9866666666666667,0.9066666666666666,-0.08000000000000007,0.7380952380952381,0.8809523809523809,0.1428571428571428,33,32
88,75.79479953347995,1.8796394086479773,legacy67,minmax,0.7247619047619049,0.7876190476190477,0.06285714285714272,0.9866666666666667,0.9066666666666666,-0.08000000000000007,0.7380952380952381,0.8809523809523809,0.1428571428571428,33,32
88,88.62326508576248,1.9475477464020692,legacy67,minmax,0.7247619047619049,0.7876190476190477,0.06285714285714272,0.9866666666666667,0.9066666666666666,-0.08000000000000007,0.7380952380952381,0.8809523809523809,0.1428571428571428,33,32
89,0.010521761868451128,-1.9779115315055904,legacy67,minmax,0.0,0.0,0.0,1.0,1.0,0.0,0.0,0.0,0.0,0,0
89,0.012087541473056955,-1.9176620228167902,legacy67,minmax,0.0,0.0,0.0,1.0,1.0,0.0,0.0,0.0,0.0,0,0
89,0.01263794633808287,-1.8983234930236192,legacy67,minmax,0.0,0.0,0.0,1.0,1.0,0.0,0.0,0.0,0.0,0,0
89,0.013726318898045865,-1.8624459155391264,legacy67,minmax,0.0,0.0,0.0,1.0,1.0,0.0,0.0,0.0,0.0,0,0
89,0.0151673306880762,-1.8190908443578477,legacy67,minmax,0.0,0.0,0.0,1.0,1.0,0.0,0.0,0.0,0.0,0,0
89,0.015339162591163618,-1.814198349120009,legacy67,minmax,0.0,0.0,0.0,1.0,1.0,0.0,0.0,0.0,0.0,0,0
89,0.017073967431528118,-1.7676655513272022,legacy67,minmax,0.0,0.0,0.0,1.0,1.0,0.0,0.0,0.0,0.0,2,1
89,0.017956984225677628,-1.7457665988559055,legacy67,minmax,0.0,0.0,0.0,1.0,1.0,0.0,0.0,0.0,0.0,2,1
89,0.018205657658407252,-1.739793628058882,legacy67,minmax,0.0,0.0,0.0,1.0,1.0,0.0,0.0,0.0,0.0,2,1
89,0.019777828512462715,-1.7038213930636386,legacy67,minmax,0.0,0.0,0.0,1.0,1.0,0.0,0.0,0.0,0.0,2,2
89,0.01987021538542862,-1.7017974252809167,legacy67,minmax,0.0,0.0,0.0,1.0,1.0,0.0,0.0,0.0,0.0,2,2
89,0.022592797420156945,-1.646029991792322,legacy67,minmax,0.11904761904761907,0.26190476190476186,0.1428571428571428,1.0,1.0,0.0,0.11904761904761904,0.2619047619047619,0.14285714285714288,3,2
89,0.024586032763280048,-1.6093115439744645,legacy67,minmax,0.2142857142857142,0.4761904761904763,0.2619047619047621,1.0,1.0,0.0,0.21428571428571427,0.47619047619047616,0.26190476190476186,3,2
89,0.027012557725439066,-1.5684342920267822,legacy67,minmax,0.23809523809523814,0.4761904761904763,0.23809523809523814,1.0,1.0,0.0,0.23809523809523808,0.47619047619047616,0.23809523809523808,3,2
89,0.029072088906598435,-1.5365237618994811,legacy67,minmax,0.38095238095238093,0.4761904761904763,0.09523809523809534,1.0,1.0,0.0,0.38095238095238093,0.47619047619047616,0.09523809523809523,3,2
89,0.030086868214458433,-1.5216230162467932,legacy67,minmax,0.40476190476190466,0.4761904761904763,0.07142857142857162,1.0,1.0,0.0,0.40476190476190477,0.47619047619047616,0.0714285714285714,3,2
89,0.030771802712506853,-1.5118470606208847,legacy67,minmax,0.4285714285714286,0.4761904761904763,0.04761904761904767,1.0,1.0,0.0,0.42857142857142855,0.47619047619047616,0.047619047619047616,3,2
89,0.036138942712165265,-1.4420245573918327,legacy67,minmax,0.4285714285714286,0.4761904761904763,0.04761904761904767,1.0,1.0,0.0,0.42857142857142855,0.47619047619047616,0.047619047619047616,3,2
89,0.03661819220392428,-1.4363031001009494,legacy67,minmax,0.4285714285714286,0.4761904761904763,0.04761904761904767,1.0,1.0,0.0,0.42857142857142855,0.47619047619047616,0.047619047619047616,3,2
89,0.04207053950287936,-1.3760219186551894,legacy67,minmax,0.4285714285714286,0.5952380952380953,0.16666666666666674,1.0,1.0,0.0,0.42857142857142855,0.5952380952380952,0.16666666666666669,3,2
89,0.04207988669606635,-1.375925438230254,legacy67,minmax,0.4285714285714286,0.5952380952380953,0.16666666666666674,1.0,1.0,0.0,0.42857142857142855,0.5952380952380952,0.16666666666666669,3,2
89,0.04809461967501572,-1.3179035052508339,legacy67,minmax,0.4285714285714286,0.5952380952380953,0.16666666666666674,1.0,1.0,0.0,0.42857142857142855,0.5952380952380952,0.16666666666666669,4,3
89,0.05337032762603955,-1.2727001311715975,legacy67,minmax,0.45238095238095233,0.5952380952380953,0.14285714285714302,1.0,1.0,0.0,0.4523809523809524,0.5952380952380952,0.14285714285714285,6,3
89,0.05415244119402536,-1.2663819605862647,legacy67,minmax,0.45238095238095233,0.5952380952380953,0.14285714285714302,1.0,1.0,0.0,0.4523809523809524,0.5952380952380952,0.14285714285714285,7,3
89,0.05488047000766042,-1.2605821778978918,legacy67,minmax,0.45238095238095233,0.5952380952380953,0.14285714285714302,1.0,1.0,0.0,0.4523809523809524,0.5952380952380952,0.14285714285714285,7,3
89,0.060803901902965994,-1.2160685503234192,legacy67,minmax,0.4761904761904763,0.5952380952380953,0.11904761904761907,1.0,1.0,0.0,0.47619047619047616,0.5952380952380952,0.11904761904761907,7,3
89,0.06235377135673155,-1.2051372738633104,legacy67,minmax,0.4761904761904763,0.5952380952380953,0.11904761904761907,1.0,1.0,0.0,0.47619047619047616,0.5952380952380952,0.11904761904761907,7,3
89,0.06290644294586147,-1.201304871366561,legacy67,minmax,0.4761904761904763,0.5952380952380953,0.11904761904761907,1.0,1.0,0.0,0.47619047619047616,0.5952380952380952,0.11904761904761907,7,3
89,0.07068974950624601,-1.1506435572868954,legacy67,minmax,0.5,0.5952380952380953,0.09523809523809534,1.0,1.0,0.0,0.5,0.5952380952380952,0.09523809523809523,7,4
89,0.10842262717330158,-0.9648800735999323,legacy67,minmax,0.5238095238095237,0.6295238095238096,0.10571428571428587,1.0,0.9866666666666667,-0.013333333333333308,0.5238095238095238,0.6428571428571429,0.11904761904761907,8,6
89,0.12172958098369964,-0.9146038729044164,legacy67,minmax,0.5238095238095237,0.6295238095238096,0.10571428571428587,1.0,0.9866666666666667,-0.013333333333333308,0.5238095238095238,0.6428571428571429,0.11904761904761907,8,6
89,0.1329652145729951,-0.876261961250477,legacy67,minmax,0.5238095238095237,0.6295238095238096,0.10571428571428587,1.0,0.9866666666666667,-0.013333333333333308,0.5238095238095238,0.6428571428571429,0.11904761904761907,10,6
89,0.14618962793704957,-0.8350834392078323,legacy67,minmax,0.5,0.6295238095238096,0.1295238095238096,1.0,0.9866666666666667,-0.013333333333333308,0.5,0.6428571428571429,0.1428571428571429,11,8
89,0.14742753159914665,-0.8314214058591274,legacy67,minmax,0.5,0.6295238095238096,0.1295238095238096,1.0,0.9866666666666667,-0.013333333333333308,0.5,0.6428571428571429,0.1428571428571429,11,8
89,0.16480446427978968,-0.7830310281618491,legacy67,minmax,0.5238095238095237,0.6295238095238096,0.10571428571428587,1.0,0.9866666666666667,-0.013333333333333308,0.5238095238095238,0.6428571428571429,0.11904761904761907,11,9
89,0.16536937182824418,-0.7815449233065173,legacy67,minmax,0.5238095238095237,0.6295238095238096,0.10571428571428587,1.0,0.9866666666666667,-0.013333333333333308,0.5238095238095238,0.6428571428571429,0.11904761904761907,11,9
89,0.1753594952976441,-0.7560707131373512,legacy67,minmax,0.5238095238095237,0.6533333333333333,0.1295238095238096,1.0,0.9866666666666667,-0.013333333333333308,0.5238095238095238,0.6666666666666666,0.1428571428571428,11,9
89,0.17654048052495064,-0.7531556956423562,legacy67,minmax,0.5238095238095237,0.6533333333333333,0.1295238095238096,1.0,0.9866666666666667,-0.013333333333333308,0.5238095238095238,0.6666666666666666,0.1428571428571428,11,9
89,0.1998634077852887,-0.6992667118930118,legacy67,minmax,0.5476190476190477,0.677142857142857,0.12952380952380937,1.0,0.9866666666666667,-0.013333333333333308,0.5476190476190477,0.6904761904761905,0.1428571428571428,11,9
89,0.2001342062287997,-0.6986786769469426,legacy67,minmax,0.5476190476190477,0.677142857142857,0.12952380952380937,1.0,0.9866666666666667,-0.013333333333333308,0.5476190476190477,0.6904761904761905,0.1428571428571428,11,9
89,0.21066486017042194,-0.6764079005894033,legacy67,minmax,0.5476190476190477,0.677142857142857,0.12952380952380937,1.0,0.9866666666666667,-0.013333333333333308,0.5476190476190477,0.6904761904761905,0.1428571428571428,11,9
89,0.2673088310781669,-0.5729866932256429,legacy67,minmax,0.5476190476190477,0.700952380952381,0.15333333333333332,1.0,0.9866666666666667,-0.013333333333333308,0.5476190476190477,0.7142857142857143,0.16666666666666663,14,8
89,0.2715581955282939,-0.5661370858229096,legacy67,minmax,0.5476190476190477,0.700952380952381,0.15333333333333332,1.0,0.9866666666666667,-0.013333333333333308,0.5476190476190477,0.7142857142857143,0.16666666666666663,15,8
89,0.292043384718141,-0.5345526268252332,legacy67,minmax,0.5476190476190477,0.700952380952381,0.15333333333333332,1.0,0.9866666666666667,-0.013333333333333308,0.5476190476190477,0.7142857142857143,0.16666666666666663,15,8
89,0.314891164795686,-0.50183952461055,legacy67,minmax,0.5714285714285714,0.700952380952381,0.1295238095238096,1.0,0.9866666666666667,-0.013333333333333308,0.5714285714285714,0.7142857142857143,0.1428571428571429,15,8
89,0.35868164986275475,-0.44529084124207197,legacy67,minmax,0.5714285714285714,0.700952380952381,0.1295238095238096,1.0,0.9866666666666667,-0.013333333333333308,0.5714285714285714,0.7142857142857143,0.1428571428571429,15,7
89,0.5130551760589832,-0.2898359265658015,legacy67,minmax,0.6428571428571428,0.7247619047619049,0.08190476190476215,1.0,0.9866666666666667,-0.013333333333333308,0.6428571428571429,0.7380952380952381,0.09523809523809523,18,7
89,0.5342937261279772,-0.27221992543153695,legacy67,minmax,0.6428571428571428,0.7247619047619049,0.08190476190476215,1.0,0.9866666666666667,-0.013333333333333308,0.6428571428571429,0.7380952380952381,0.09523809523809523,18,7
89,0.5762487216478598,-0.23939002504159476,legacy67,minmax,0.6428571428571428,0.7247619047619049,0.08190476190476215,1.0,0.9866666666666667,-0.013333333333333308,0.6428571428571429,0.7380952380952381,0.09523809523809523,19,7
89,0.6672367170464204,-0.17572006313185626,legacy67,minmax,0.6666666666666665,0.7247619047619049,0.05809523809523842,1.0,0.9866666666666667,-0.013333333333333308,0.6666666666666666,0.7380952380952381,0.07142857142857151,20,7
89,0.7742116473996242,-0.1111402993522028,legacy67,minmax,0.6666666666666665,0.7247619047619049,0.05809523809523842,1.0,0.9866666666666667,-0.013333333333333308,0.6666666666666666,0.7380952380952381,0.07142857142857151,21,7
89,0.9444574254983555,-0.02481761454243703,legacy67,minmax,0.6666666666666665,0.7933333333333334,0.12666666666666693,1.0,0.96,-0.040000000000000036,0.6666666666666666,0.8333333333333334,0.16666666666666674,23,7
89,0.9565499215943818,-0.019292359554919238,legacy67,minmax,0.6666666666666665,0.7933333333333334,0.12666666666666693,1.0,0.96,-0.040000000000000036,0.6666666666666666,0.8333333333333334,0.16666666666666674,23,7
89,1.1400863701127315,0.0569377536544464,legacy67,minmax,0.6666666666666665,0.8409523809523809,0.17428571428571438,1.0,0.96,-0.040000000000000036,0.6666666666666666,0.8809523809523809,0.2142857142857143,23,7
89,1.2030178871154662,0.08027208471124325,legacy67,minmax,0.6666666666666665,0.8409523809523809,0.17428571428571438,1.0,0.96,-0.040000000000000036,0.6666666666666666,0.8809523809523809,0.2142857142857143,23,7
89,1.2329098365270508,0.0909313175279762,legacy67,minmax,0.6666666666666665,0.8409523809523809,0.17428571428571438,1.0,0.96,-0.040000000000000036,0.6666666666666666,0.8809523809523809,0.2142857142857143,23,7
89,1.2561043700013554,0.09902572652895136,legacy67,minmax,0.6666666666666665,0.8409523809523809,0.17428571428571438,1.0,0.96,-0.040000000000000036,0.6666666666666666,0.8809523809523809,0.2142857142857143,23,7
89,1.4817820606039076,0.17078433263299386,legacy67,minmax,0.6904761904761905,0.8409523809523809,0.15047619047619043,1.0,0.96,-0.040000000000000036,0.6904761904761905,0.8809523809523809,0.19047619047619047,24,7
89,1.5375920235481748,0.1868411173731186,legacy67,minmax,0.6904761904761905,0.8409523809523809,0.15047619047619043,1.0,0.96,-0.040000000000000036,0.6904761904761905,0.8809523809523809,0.19047619047619047,24,7
89,1.7583640270008503,0.24510879027798493,legacy67,minmax,0.6904761904761905,0.8409523809523809,0.15047619047619043,1.0,0.96,-0.040000000000000036,0.6904761904761905,0.8809523809523809,0.19047619047619047,23,7
89,2.34238498471129,0.36965827544816987,legacy67,minmax,0.6904761904761905,0.8409523809523809,0.15047619047619043,1.0,0.96,-0.040000000000000036,0.6904761904761905,0.8809523809523809,0.19047619047619047,28,7
89,2.4637685958997446,0.39159991524434057,legacy67,minmax,0.6904761904761905,0.8409523809523809,0.15047619047619043,1.0,0.96,-0.040000000000000036,0.6904761904761905,0.8809523809523809,0.19047619047619047,28,7
89,2.4810409748678097,0.3946339367881464,legacy67,minmax,0.6904761904761905,0.8409523809523809,0.15047619047619043,1.0,0.96,-0.040000000000000036,0.6904761904761905,0.8809523809523809,0.19047619047619047,28,7
89,2.5378155082656626,0.40446004697283516,legacy67,minmax,0.6904761904761905,0.8409523809523809,0.15047619047619043,1.0,0.96,-0.040000000000000036,0.6904761904761905,0.8809523809523809,0.19047619047619047,28,7
89,2.692646910086177,0.43017940760575346,legacy67,minmax,0.6904761904761905,0.8409523809523809,0.15047619047619043,1.0,0.96,-0.040000000000000036,0.6904761904761905,0.8809523809523809,0.19047619047619047,29,7
89,2.801635158716258,0.4474115788895179,legacy67,minmax,0.6904761904761905,0.8409523809523809,0.15047619047619043,1.0,0.96,-0.040000000000000036,0.6904761904761905,0.8809523809523809,0.19047619047619047,29,7
89,3.113095956122122,0.4931925073102317,legacy67,minmax,0.6904761904761905,0.8409523809523809,0.15047619047619043,1.0,0.96,-0.040000000000000036,0.6904761904761905,0.8809523809523809,0.19047619047619047,30,7
89,3.550012525851159,0.5502298854208525,legacy67,minmax,0.6904761904761905,0.8409523809523809,0.15047619047619043,1.0,0.96,-0.040000000000000036,0.6904761904761905,0.8809523809523809,0.19047619047619047,30,7
89,4.467752817973904,0.6500891374159279,legacy67,minmax,0.6904761904761905,0.8409523809523809,0.15047619047619043,1.0,0.96,-0.040000000000000036,0.6904761904761905,0.8809523809523809,0.19047619047619047,31,7
89,5.456725485601473,0.7369321060486276,legacy67,minmax,0.6904761904761905,0.8409523809523809,0.15047619047619043,1.0,0.96,-0.040000000000000036,0.6904761904761905,0.8809523809523809,0.19047619047619047,32,7
89,6.72093005015611,0.8274293753904685,legacy67,minmax,0.6904761904761905,0.8409523809523809,0.15047619047619043,1.0,0.96,-0.040000000000000036,0.6904761904761905,0.8809523809523809,0.19047619047619047,31,7
89,6.7965780907581514,0.832290311184182,legacy67,minmax,0.6904761904761905,0.8409523809523809,0.15047619047619043,1.0,0.96,-0.040000000000000036,0.6904761904761905,0.8809523809523809,0.19047619047619047,31,7
89,7.128188058401357,0.85297914889198,legacy67,minmax,0.6904761904761905,0.8409523809523809,0.15047619047619043,1.0,0.96,-0.040000000000000036,0.6904761904761905,0.8809523809523809,0.19047619047619047,31,7
89,8.241925264876443,0.9160286721639492,legacy67,minmax,0.6904761904761905,0.8409523809523809,0.15047619047619043,1.0,0.96,-0.040000000000000036,0.6904761904761905,0.8809523809523809,0.19047619047619047,29,7
89,8.287522363768153,0.9184247133522563,legacy67,minmax,0.6904761904761905,0.8409523809523809,0.15047619047619043,1.0,0.96,-0.040000000000000036,0.6904761904761905,0.8809523809523809,0.19047619047619047,29,7
89,8.471801418819974,0.9279757672456204,legacy67,minmax,0.6904761904761905,0.8409523809523809,0.15047619047619043,1.0,0.96,-0.040000000000000036,0.6904761904761905,0.8809523809523809,0.19047619047619047,29,23
89,11.044350847124681,1.0431401944675898,legacy67,minmax,0.6904761904761905,0.8409523809523809,0.15047619047619043,1.0,0.96,-0.040000000000000036,0.6904761904761905,0.8809523809523809,0.19047619047619047,29,24
89,12.130221181165155,1.083868719818244,legacy67,minmax,0.6904761904761905,0.8409523809523809,0.15047619047619043,1.0,0.96,-0.040000000000000036,0.6904761904761905,0.8809523809523809,0.19047619047619047,30,24
89,12.164139351417056,1.085081386743783,legacy67,minmax,0.6904761904761905,0.8409523809523809,0.15047619047619043,1.0,0.96,-0.040000000000000036,0.6904761904761905,0.8809523809523809,0.19047619047619047,30,24
89,12.273800987852958,1.0889790771866297,legacy67,minmax,0.6904761904761905,0.8409523809523809,0.15047619047619043,1.0,0.96,-0.040000000000000036,0.6904761904761905,0.8809523809523809,0.19047619047619047,30,24
89,12.604664585649452,1.1005312934444582,legacy67,minmax,0.6904761904761905,0.8409523809523809,0.15047619047619043,1.0,0.96,-0.040000000000000036,0.6904761904761905,0.8809523809523809,0.19047619047619047,30,24
89,13.826232179369853,1.1407038455720544,legacy67,minmax,0.6904761904761905,0.8409523809523809,0.15047619047619043,1.0,0.96,-0.040000000000000036,0.6904761904761905,0.8809523809523809,0.19047619047619047,30,24
89,16.172900811143133,1.2087879230161587,legacy67,minmax,0.6904761904761905,0.8409523809523809,0.15047619047619043,1.0,0.96,-0.040000000000000036,0.6904761904761905,0.8809523809523809,0.19047619047619047,30,24
89,17.123375973163967,1.2335893924658445,legacy67,minmax,0.6904761904761905,0.8409523809523809,0.15047619047619043,1.0,0.96,-0.040000000000000036,0.6904761904761905,0.8809523809523809,0.19047619047619047,30,24
89,18.274508859816006,1.2618457138193366,legacy67,minmax,0.6904761904761905,0.8409523809523809,0.15047619047619043,1.0,0.96,-0.040000000000000036,0.6904761904761905,0.8809523809523809,0.19047619047619047,30,24
89,20.65142557895924,1.3149500366077174,legacy67,minmax,0.6904761904761905,0.8409523809523809,0.15047619047619043,1.0,0.96,-0.040000000000000036,0.6904761904761905,0.8809523809523809,0.19047619047619047,30,24
89,21.36832907235874,1.329770563201687,legacy67,minmax,0.6904761904761905,0.8409523809523809,0.15047619047619043,1.0,0.96,-0.040000000000000036,0.6904761904761905,0.8809523809523809,0.19047619047619047,30,24
89,28.340904295147727,1.452413703502374,legacy67,minmax,0.6904761904761905,0.8409523809523809,0.15047619047619043,1.0,0.96,-0.040000000000000036,0.6904761904761905,0.8809523809523809,0.19047619047619047,33,25
89,29.154431891537524,1.4647045830997407,legacy67,minmax,0.6904761904761905,0.8409523809523809,0.15047619047619043,1.0,0.96,-0.040000000000000036,0.6904761904761905,0.8809523809523809,0.19047619047619047,33,25
89,35.387588647792384,1.5488509703053062,legacy67,minmax,0.7142857142857144,0.8409523809523809,0.12666666666666648,1.0,0.96,-0.040000000000000036,0.7142857142857143,0.8809523809523809,0.16666666666666663,33,25
89,37.95853142670639,1.5793094017105953,legacy67,minmax,0.7142857142857144,0.8409523809523809,0.12666666666666648,1.0,0.96,-0.040000000000000036,0.7142857142857143,0.8809523809523809,0.16666666666666663,33,25
89,43.37920697490936,1.6372816083151283,legacy67,minmax,0.7142857142857144,0.8409523809523809,0.12666666666666648,1.0,0.96,-0.040000000000000036,0.7142857142857143,0.8809523809523809,0.16666666666666663,33,25
89,48.69640941520897,1.6874969400924673,legacy67,minmax,0.700952380952381,0.8409523809523809,0.1399999999999999,0.9866666666666667,0.96,-0.026666666666666727,0.7142857142857143,0.8809523809523809,0.16666666666666663,33,26
89,57.279044707996185,1.7579957662567565,legacy67,minmax,0.700952380952381,0.8409523809523809,0.1399999999999999,0.9866666666666667,0.96,-0.026666666666666727,0.7142857142857143,0.8809523809523809,0.16666666666666663,33,26
89,62.45139574743064,1.795542149013333,legacy67,minmax,0.700952380952381,0.8409523809523809,0.1399999999999999,0.9866666666666667,0.96,-0.026666666666666727,0.7142857142857143,0.8809523809523809,0.16666666666666663,33,26
89,63.512210106406926,1.8028572256396647,legacy67,minmax,0.700952380952381,0.8409523809523809,0.1399999999999999,0.9866666666666667,0.96,-0.026666666666666727,0.7142857142857143,0.8809523809523809,0.16666666666666663,33,26
89,72.86653737491037,1.8625281322982374,legacy67,minmax,0.700952380952381,0.8409523809523809,0.1399999999999999,0.9866666666666667,0.96,-0.026666666666666727,0.7142857142857143,0.8809523809523809,0.16666666666666663,33,28
89,75.56810141274423,1.8783385110582342,legacy67,minmax,0.700952380952381,0.8409523809523809,0.1399999999999999,0.9866666666666667,0.96,-0.026666666666666727,0.7142857142857143,0.8809523809523809,0.16666666666666663,33,29
89,75.79479953347995,1.8796394086479773,legacy67,minmax,0.700952380952381,0.8409523809523809,0.1399999999999999,0.9866666666666667,0.96,-0.026666666666666727,0.7142857142857143,0.8809523809523809,0.16666666666666663,33,29
89,88.62326508576248,1.9475477464020692,legacy67,minmax,0.677142857142857,0.8409523809523809,0.16380952380952385,0.9866666666666667,0.96,-0.026666666666666727,0.6904761904761905,0.8809523809523809,0.19047619047619047,33,30
90,0.010521761868451128,-1.9779115315055904,legacy67,minmax,0.0,0.0,0.0,1.0,1.0,0.0,0.0,0.0,0.0,0,0
90,0.012087541473056955,-1.9176620228167902,legacy67,minmax,0.0,0.0,0.0,1.0,1.0,0.0,0.0,0.0,0.0,0,0
90,0.01263794633808287,-1.8983234930236192,legacy67,minmax,0.0,0.0,0.0,1.0,1.0,0.0,0.0,0.0,0.0,0,0
90,0.013726318898045865,-1.8624459155391264,legacy67,minmax,0.0,0.0,0.0,1.0,1.0,0.0,0.0,0.0,0.0,0,0
90,0.0151673306880762,-1.8190908443578477,legacy67,minmax,0.0,0.0,0.0,1.0,1.0,0.0,0.0,0.0,0.0,0,0
90,0.015339162591163618,-1.814198349120009,legacy67,minmax,0.0,0.0,0.0,1.0,1.0,0.0,0.0,0.0,0.0,0,0
90,0.017073967431528118,-1.7676655513272022,legacy67,minmax,0.0,0.0,0.0,1.0,1.0,0.0,0.0,0.0,0.0,1,0
90,0.017956984225677628,-1.7457665988559055,legacy67,minmax,0.0,0.0,0.0,1.0,1.0,0.0,0.0,0.0,0.0,1,0
90,0.018205657658407252,-1.739793628058882,legacy67,minmax,0.0,0.0,0.0,1.0,1.0,0.0,0.0,0.0,0.0,1,1
90,0.019777828512462715,-1.7038213930636386,legacy67,minmax,0.1428571428571428,0.0,-0.1428571428571428,1.0,1.0,0.0,0.14285714285714285,0.0,-0.14285714285714285,2,1
90,0.01987021538542862,-1.7017974252809167,legacy67,minmax,0.1428571428571428,0.0,-0.1428571428571428,1.0,1.0,0.0,0.14285714285714285,0.0,-0.14285714285714285,2,1
90,0.022592797420156945,-1.646029991792322,legacy67,minmax,0.2142857142857142,0.33333333333333326,0.11904761904761907,1.0,1.0,0.0,0.21428571428571427,0.3333333333333333,0.11904761904761904,3,2
90,0.024586032763280048,-1.6093115439744645,legacy67,minmax,0.2857142857142856,0.33333333333333326,0.04761904761904767,1.0,1.0,0.0,0.2857142857142857,0.3333333333333333,0.047619047619047616,3,2
90,0.027012557725439066,-1.5684342920267822,legacy67,minmax,0.45238095238095233,0.33333333333333326,-0.11904761904761907,1.0,1.0,0.0,0.4523809523809524,0.3333333333333333,-0.11904761904761907,3,2
90,0.029072088906598435,-1.5365237618994811,legacy67,minmax,0.45238095238095233,0.45238095238095233,0.0,1.0,1.0,0.0,0.4523809523809524,0.4523809523809524,0.0,3,3
90,0.030086868214458433,-1.5216230162467932,legacy67,minmax,0.5,0.5714285714285714,0.0714285714285714,1.0,1.0,0.0,0.5,0.5714285714285714,0.0714285714285714,3,3
90,0.030771802712506853,-1.5118470606208847,legacy67,minmax,0.5,0.5714285714285714,0.0714285714285714,1.0,1.0,0.0,0.5,0.5714285714285714,0.0714285714285714,3,3
90,0.036138942712165265,-1.4420245573918327,legacy67,minmax,0.5952380952380953,0.6190476190476191,0.023809523809523725,1.0,1.0,0.0,0.5952380952380952,0.6190476190476191,0.023809523809523836,4,3
90,0.03661819220392428,-1.4363031001009494,legacy67,minmax,0.5952380952380953,0.6190476190476191,0.023809523809523725,1.0,1.0,0.0,0.5952380952380952,0.6190476190476191,0.023809523809523836,4,3
90,0.04207053950287936,-1.3760219186551894,legacy67,minmax,0.6190476190476191,0.6190476190476191,0.0,1.0,1.0,0.0,0.6190476190476191,0.6190476190476191,0.0,4,3
90,0.04207988669606635,-1.375925438230254,legacy67,minmax,0.6190476190476191,0.6190476190476191,0.0,1.0,1.0,0.0,0.6190476190476191,0.6190476190476191,0.0,4,3
90,0.04809461967501572,-1.3179035052508339,legacy67,minmax,0.5923809523809525,0.6190476190476191,0.026666666666666616,0.9733333333333334,1.0,0.026666666666666616,0.6190476190476191,0.6190476190476191,0.0,4,3
90,0.05337032762603955,-1.2727001311715975,legacy67,minmax,0.579047619047619,0.8409523809523809,0.26190476190476186,0.96,0.96,0.0,0.6190476190476191,0.8809523809523809,0.26190476190476186,4,3
90,0.05415244119402536,-1.2663819605862647,legacy67,minmax,0.579047619047619,0.8409523809523809,0.26190476190476186,0.96,0.96,0.0,0.6190476190476191,0.8809523809523809,0.26190476190476186,4,3
90,0.05488047000766042,-1.2605821778978918,legacy67,minmax,0.579047619047619,0.8409523809523809,0.26190476190476186,0.96,0.96,0.0,0.6190476190476191,0.8809523809523809,0.26190476190476186,4,3
90,0.060803901902965994,-1.2160685503234192,legacy67,minmax,0.6504761904761904,0.8409523809523809,0.19047619047619047,0.96,0.96,0.0,0.6904761904761905,0.8809523809523809,0.19047619047619047,4,3
90,0.06235377135673155,-1.2051372738633104,legacy67,minmax,0.6504761904761904,0.8409523809523809,0.19047619047619047,0.96,0.96,0.0,0.6904761904761905,0.8809523809523809,0.19047619047619047,4,3
90,0.06290644294586147,-1.201304871366561,legacy67,minmax,0.6504761904761904,0.8409523809523809,0.19047619047619047,0.96,0.96,0.0,0.6904761904761905,0.8809523809523809,0.19047619047619047,4,3
90,0.07068974950624601,-1.1506435572868954,legacy67,minmax,0.6742857142857144,0.8409523809523809,0.16666666666666652,0.96,0.96,0.0,0.7142857142857143,0.8809523809523809,0.16666666666666663,5,3
90,0.10842262717330158,-0.9648800735999323,legacy67,minmax,0.6742857142857144,0.8409523809523809,0.16666666666666652,0.96,0.96,0.0,0.7142857142857143,0.8809523809523809,0.16666666666666663,10,4
90,0.12172958098369964,-0.9146038729044164,legacy67,minmax,0.6742857142857144,0.8409523809523809,0.16666666666666652,0.96,0.96,0.0,0.7142857142857143,0.8809523809523809,0.16666666666666663,11,6
90,0.1329652145729951,-0.876261961250477,legacy67,minmax,0.6742857142857144,0.8409523809523809,0.16666666666666652,0.96,0.96,0.0,0.7142857142857143,0.8809523809523809,0.16666666666666663,12,7
90,0.14618962793704957,-0.8350834392078323,legacy67,minmax,0.6847619047619049,0.8409523809523809,0.156190476190476,0.9466666666666667,0.96,0.013333333333333308,0.7380952380952381,0.8809523809523809,0.1428571428571428,12,7
90,0.14742753159914665,-0.8314214058591274,legacy67,minmax,0.6847619047619049,0.8409523809523809,0.156190476190476,0.9466666666666667,0.96,0.013333333333333308,0.7380952380952381,0.8809523809523809,0.1428571428571428,12,7
90,0.16480446427978968,-0.7830310281618491,legacy67,minmax,0.6847619047619049,0.8409523809523809,0.156190476190476,0.9466666666666667,0.96,0.013333333333333308,0.7380952380952381,0.8809523809523809,0.1428571428571428,13,7
90,0.16536937182824418,-0.7815449233065173,legacy67,minmax,0.6847619047619049,0.8409523809523809,0.156190476190476,0.9466666666666667,0.96,0.013333333333333308,0.7380952380952381,0.8809523809523809,0.1428571428571428,13,7
90,0.1753594952976441,-0.7560707131373512,legacy67,minmax,0.6847619047619049,0.8409523809523809,0.156190476190476,0.9466666666666667,0.96,0.013333333333333308,0.7380952380952381,0.8809523809523809,0.1428571428571428,14,7
90,0.17654048052495064,-0.7531556956423562,legacy67,minmax,0.6847619047619049,0.8409523809523809,0.156190476190476,0.9466666666666667,0.96,0.013333333333333308,0.7380952380952381,0.8809523809523809,0.1428571428571428,14,7
90,0.1998634077852887,-0.6992667118930118,legacy67,minmax,0.6847619047619049,0.8409523809523809,0.156190476190476,0.9466666666666667,0.96,0.013333333333333308,0.7380952380952381,0.8809523809523809,0.1428571428571428,15,8
90,0.2001342062287997,-0.6986786769469426,legacy67,minmax,0.6847619047619049,0.8409523809523809,0.156190476190476,0.9466666666666667,0.96,0.013333333333333308,0.7380952380952381,0.8809523809523809,0.1428571428571428,15,8
90,0.21066486017042194,-0.6764079005894033,legacy67,minmax,0.7085714285714286,0.8409523809523809,0.13238095238095227,0.9466666666666667,0.96,0.013333333333333308,0.7619047619047619,0.8809523809523809,0.11904761904761907,16,8
90,0.2673088310781669,-0.5729866932256429,legacy67,minmax,0.6980952380952381,0.8647619047619046,0.16666666666666652,0.96,0.96,0.0,0.7380952380952381,0.9047619047619048,0.16666666666666663,18,8
90,0.2715581955282939,-0.5661370858229096,legacy67,minmax,0.6980952380952381,0.8647619047619046,0.16666666666666652,0.96,0.96,0.0,0.7380952380952381,0.9047619047619048,0.16666666666666663,18,8
90,0.292043384718141,-0.5345526268252332,legacy67,minmax,0.6980952380952381,0.8647619047619046,0.16666666666666652,0.96,0.96,0.0,0.7380952380952381,0.9047619047619048,0.16666666666666663,19,8
90,0.314891164795686,-0.50183952461055,legacy67,minmax,0.6980952380952381,0.8647619047619046,0.16666666666666652,0.96,0.96,0.0,0.7380952380952381,0.9047619047619048,0.16666666666666663,19,8
90,0.35868164986275475,-0.44529084124207197,legacy67,minmax,0.7114285714285715,0.8647619047619046,0.1533333333333331,0.9733333333333334,0.96,-0.01333333333333342,0.7380952380952381,0.9047619047619048,0.16666666666666663,20,8
90,0.5130551760589832,-0.2898359265658015,legacy67,minmax,0.7352380952380952,0.8514285714285714,0.11619047619047618,0.9733333333333334,0.9466666666666667,-0.026666666666666727,0.7619047619047619,0.9047619047619048,0.1428571428571429,22,8
90,0.5342937261279772,-0.27221992543153695,legacy67,minmax,0.7352380952380952,0.8514285714285714,0.11619047619047618,0.9733333333333334,0.9466666666666667,-0.026666666666666727,0.7619047619047619,0.9047619047619048,0.1428571428571429,22,8
90,0.5762487216478598,-0.23939002504159476,legacy67,minmax,0.7352380952380952,0.8514285714285714,0.11619047619047618,0.9733333333333334,0.9466666666666667,-0.026666666666666727,0.7619047619047619,0.9047619047619048,0.1428571428571429,22,8
90,0.6672367170464204,-0.17572006313185626,legacy67,minmax,0.7352380952380952,0.8514285714285714,0.11619047619047618,0.9733333333333334,0.9466666666666667,-0.026666666666666727,0.7619047619047619,0.9047619047619048,0.1428571428571429,24,8
90,0.7742116473996242,-0.1111402993522028,legacy67,minmax,0.7219047619047618,0.8514285714285714,0.1295238095238096,0.96,0.9466666666666667,-0.013333333333333308,0.7619047619047619,0.9047619047619048,0.1428571428571429,25,8
90,0.9444574254983555,-0.02481761454243703,legacy67,minmax,0.7695238095238095,0.8514285714285714,0.08190476190476192,0.96,0.9466666666666667,-0.013333333333333308,0.8095238095238095,0.9047619047619048,0.09523809523809523,26,8
90,0.9565499215943818,-0.019292359554919238,legacy67,minmax,0.7695238095238095,0.8514285714285714,0.08190476190476192,0.96,0.9466666666666667,-0.013333333333333308,0.8095238095238095,0.9047619047619048,0.09523809523809523,26,8
90,1.1400863701127315,0.0569377536544464,legacy67,minmax,0.7457142857142856,0.8514285714285714,0.10571428571428587,0.96,0.9466666666666667,-0.013333333333333308,0.7857142857142857,0.9047619047619048,0.11904761904761907,27,8
90,1.2030178871154662,0.08027208471124325,legacy67,minmax,0.7457142857142856,0.8514285714285714,0.10571428571428587,0.96,0.9466666666666667,-0.013333333333333308,0.7857142857142857,0.9047619047619048,0.11904761904761907,26,8
90,1.2329098365270508,0.0909313175279762,legacy67,minmax,0.7457142857142856,0.8514285714285714,0.10571428571428587,0.96,0.9466666666666667,-0.013333333333333308,0.7857142857142857,0.9047619047619048,0.11904761904761907,26,8
90,1.2561043700013554,0.09902572652895136,legacy67,minmax,0.7457142857142856,0.8514285714285714,0.10571428571428587,0.96,0.9466666666666667,-0.013333333333333308,0.7857142857142857,0.9047619047619048,0.11904761904761907,26,8
90,1.4817820606039076,0.17078433263299386,legacy67,minmax,0.7457142857142856,0.8514285714285714,0.10571428571428587,0.96,0.9466666666666667,-0.013333333333333308,0.7857142857142857,0.9047619047619048,0.11904761904761907,26,8
90,1.5375920235481748,0.1868411173731186,legacy67,minmax,0.7457142857142856,0.8514285714285714,0.10571428571428587,0.96,0.9466666666666667,-0.013333333333333308,0.7857142857142857,0.9047619047619048,0.11904761904761907,26,8
90,1.7583640270008503,0.24510879027798493,legacy67,minmax,0.7457142857142856,0.8514285714285714,0.10571428571428587,0.96,0.9466666666666667,-0.013333333333333308,0.7857142857142857,0.9047619047619048,0.11904761904761907,26,8
90,2.34238498471129,0.36965827544816987,legacy67,minmax,0.7457142857142856,0.8514285714285714,0.10571428571428587,0.96,0.9466666666666667,-0.013333333333333308,0.7857142857142857,0.9047619047619048,0.11904761904761907,27,8
90,2.4637685958997446,0.39159991524434057,legacy67,minmax,0.7457142857142856,0.8514285714285714,0.10571428571428587,0.96,0.9466666666666667,-0.013333333333333308,0.7857142857142857,0.9047619047619048,0.11904761904761907,27,8
90,2.4810409748678097,0.3946339367881464,legacy67,minmax,0.7457142857142856,0.8514285714285714,0.10571428571428587,0.96,0.9466666666666667,-0.013333333333333308,0.7857142857142857,0.9047619047619048,0.11904761904761907,27,8
90,2.5378155082656626,0.40446004697283516,legacy67,minmax,0.7457142857142856,0.8514285714285714,0.10571428571428587,0.96,0.9466666666666667,-0.013333333333333308,0.7857142857142857,0.9047619047619048,0.11904761904761907,27,8
90,2.692646910086177,0.43017940760575346,legacy67,minmax,0.7457142857142856,0.8514285714285714,0.10571428571428587,0.96,0.9466666666666667,-0.013333333333333308,0.7857142857142857,0.9047619047619048,0.11904761904761907,27,8
90,2.801635158716258,0.4474115788895179,legacy67,minmax,0.7457142857142856,0.8514285714285714,0.10571428571428587,0.96,0.9466666666666667,-0.013333333333333308,0.7857142857142857,0.9047619047619048,0.11904761904761907,27,8
90,3.113095956122122,0.4931925073102317,legacy67,minmax,0.7457142857142856,0.8514285714285714,0.10571428571428587,0.96,0.9466666666666667,-0.013333333333333308,0.7857142857142857,0.9047619047619048,0.11904761904761907,28,8
90,3.550012525851159,0.5502298854208525,legacy67,minmax,0.7590476190476192,0.8514285714285714,0.09238095238095223,0.9733333333333334,0.9466666666666667,-0.026666666666666727,0.7857142857142857,0.9047619047619048,0.11904761904761907,29,8
90,4.467752817973904,0.6500891374159279,legacy67,minmax,0.7590476190476192,0.8514285714285714,0.09238095238095223,0.9733333333333334,0.9466666666666667,-0.026666666666666727,0.7857142857142857,0.9047619047619048,0.11904761904761907,29,8
90,5.456725485601473,0.7369321060486276,legacy67,minmax,0.7590476190476192,0.8514285714285714,0.09238095238095223,0.9733333333333334,0.9466666666666667,-0.026666666666666727,0.7857142857142857,0.9047619047619048,0.11904761904761907,30,8
90,6.72093005015611,0.8274293753904685,legacy67,minmax,0.7590476190476192,0.8514285714285714,0.09238095238095223,0.9733333333333334,0.9466666666666667,-0.026666666666666727,0.7857142857142857,0.9047619047619048,0.11904761904761907,32,8
90,6.7965780907581514,0.832290311184182,legacy67,minmax,0.7590476190476192,0.8514285714285714,0.09238095238095223,0.9733333333333334,0.9466666666666667,-0.026666666666666727,0.7857142857142857,0.9047619047619048,0.11904761904761907,32,8
90,7.128188058401357,0.85297914889198,legacy67,minmax,0.7590476190476192,0.8514285714285714,0.09238095238095223,0.9733333333333334,0.9466666666666667,-0.026666666666666727,0.7857142857142857,0.9047619047619048,0.11904761904761907,32,8
90,8.241925264876443,0.9160286721639492,legacy67,minmax,0.7590476190476192,0.8514285714285714,0.09238095238095223,0.9733333333333334,0.9466666666666667,-0.026666666666666727,0.7857142857142857,0.9047619047619048,0.11904761904761907,32,8
90,8.287522363768153,0.9184247133522563,legacy67,minmax,0.7590476190476192,0.8514285714285714,0.09238095238095223,0.9733333333333334,0.9466666666666667,-0.026666666666666727,0.7857142857142857,0.9047619047619048,0.11904761904761907,32,8
90,8.471801418819974,0.9279757672456204,legacy67,minmax,0.7457142857142856,0.8514285714285714,0.10571428571428587,0.96,0.9466666666666667,-0.013333333333333308,0.7857142857142857,0.9047619047619048,0.11904761904761907,32,8
90,11.044350847124681,1.0431401944675898,legacy67,minmax,0.7457142857142856,0.8514285714285714,0.10571428571428587,0.96,0.9466666666666667,-0.013333333333333308,0.7857142857142857,0.9047619047619048,0.11904761904761907,32,27
90,12.130221181165155,1.083868719818244,legacy67,minmax,0.7323809523809524,0.8514285714285714,0.11904761904761907,0.9466666666666667,0.9466666666666667,0.0,0.7857142857142857,0.9047619047619048,0.11904761904761907,32,27
90,12.164139351417056,1.085081386743783,legacy67,minmax,0.7323809523809524,0.8514285714285714,0.11904761904761907,0.9466666666666667,0.9466666666666667,0.0,0.7857142857142857,0.9047619047619048,0.11904761904761907,32,27
90,12.273800987852958,1.0889790771866297,legacy67,minmax,0.7323809523809524,0.8514285714285714,0.11904761904761907,0.9466666666666667,0.9466666666666667,0.0,0.7857142857142857,0.9047619047619048,0.11904761904761907,32,27
90,12.604664585649452,1.1005312934444582,legacy67,minmax,0.7323809523809524,0.8514285714285714,0.11904761904761907,0.9466666666666667,0.9466666666666667,0.0,0.7857142857142857,0.9047619047619048,0.11904761904761907,32,27
90,13.826232179369853,1.1407038455720544,legacy67,minmax,0.7323809523809524,0.8514285714285714,0.11904761904761907,0.9466666666666667,0.9466666666666667,0.0,0.7857142857142857,0.9047619047619048,0.11904761904761907,32,27
90,16.172900811143133,1.2087879230161587,legacy67,minmax,0.7323809523809524,0.8514285714285714,0.11904761904761907,0.9466666666666667,0.9466666666666667,0.0,0.7857142857142857,0.9047619047619048,0.11904761904761907,32,27
90,17.123375973163967,1.2335893924658445,legacy67,minmax,0.7323809523809524,0.8514285714285714,0.11904761904761907,0.9466666666666667,0.9466666666666667,0.0,0.7857142857142857,0.9047619047619048,0.11904761904761907,32,27
90,18.274508859816006,1.2618457138193366,legacy67,minmax,0.7323809523809524,0.8514285714285714,0.11904761904761907,0.9466666666666667,0.9466666666666667,0.0,0.7857142857142857,0.9047619047619048,0.11904761904761907,32,27
90,20.65142557895924,1.3149500366077174,legacy67,minmax,0.7190476190476192,0.8514285714285714,0.13238095238095227,0.9333333333333333,0.9466666666666667,0.013333333333333308,0.7857142857142857,0.9047619047619048,0.11904761904761907,32,27
90,21.36832907235874,1.329770563201687,legacy67,minmax,0.7190476190476192,0.8514285714285714,0.13238095238095227,0.9333333333333333,0.9466666666666667,0.013333333333333308,0.7857142857142857,0.9047619047619048,0.11904761904761907,32,27
90,28.340904295147727,1.452413703502374,legacy67,minmax,0.7190476190476192,0.8514285714285714,0.13238095238095227,0.9333333333333333,0.9466666666666667,0.013333333333333308,0.7857142857142857,0.9047619047619048,0.11904761904761907,32,27
90,29.154431891537524,1.4647045830997407,legacy67,minmax,0.7190476190476192,0.8514285714285714,0.13238095238095227,0.9333333333333333,0.9466666666666667,0.013333333333333308,0.7857142857142857,0.9047619047619048,0.11904761904761907,32,27
90,35.387588647792384,1.5488509703053062,legacy67,minmax,0.7057142857142857,0.8514285714285714,0.14571428571428569,0.92,0.9466666666666667,0.026666666666666616,0.7857142857142857,0.9047619047619048,0.11904761904761907,32,27
90,37.95853142670639,1.5793094017105953,legacy67,minmax,0.7057142857142857,0.8514285714285714,0.14571428571428569,0.92,0.9466666666666667,0.026666666666666616,0.7857142857142857,0.9047619047619048,0.11904761904761907,32,27
90,43.37920697490936,1.6372816083151283,legacy67,minmax,0.7057142857142857,0.8514285714285714,0.14571428571428569,0.92,0.9466666666666667,0.026666666666666616,0.7857142857142857,0.9047619047619048,0.11904761904761907,32,27
90,48.69640941520897,1.6874969400924673,legacy67,minmax,0.7057142857142857,0.8514285714285714,0.14571428571428569,0.92,0.9466666666666667,0.026666666666666616,0.7857142857142857,0.9047619047619048,0.11904761904761907,32,27
90,57.279044707996185,1.7579957662567565,legacy67,minmax,0.7057142857142857,0.8514285714285714,0.14571428571428569,0.92,0.9466666666666667,0.026666666666666616,0.7857142857142857,0.9047619047619048,0.11904761904761907,32,27
90,62.45139574743064,1.795542149013333,legacy67,minmax,0.7057142857142857,0.8514285714285714,0.14571428571428569,0.92,0.9466666666666667,0.026666666666666616,0.7857142857142857,0.9047619047619048,0.11904761904761907,32,27
90,63.512210106406926,1.8028572256396647,legacy67,minmax,0.7057142857142857,0.8514285714285714,0.14571428571428569,0.92,0.9466666666666667,0.026666666666666616,0.7857142857142857,0.9047619047619048,0.11904761904761907,32,27
90,72.86653737491037,1.8625281322982374,legacy67,minmax,0.7057142857142857,0.8514285714285714,0.14571428571428569,0.92,0.9466666666666667,0.026666666666666616,0.7857142857142857,0.9047619047619048,0.11904761904761907,32,28
90,75.56810141274423,1.8783385110582342,legacy67,minmax,0.7057142857142857,0.8514285714285714,0.14571428571428569,0.92,0.9466666666666667,0.026666666666666616,0.7857142857142857,0.9047619047619048,0.11904761904761907,32,28
90,75.79479953347995,1.8796394086479773,legacy67,minmax,0.7057142857142857,0.8514285714285714,0.14571428571428569,0.92,0.9466666666666667,0.026666666666666616,0.7857142857142857,0.9047619047619048,0.11904761904761907,32,28
90,88.62326508576248,1.9475477464020692,legacy67,minmax,0.7057142857142857,0.8514285714285714,0.14571428571428569,0.92,0.9466666666666667,0.026666666666666616,0.7857142857142857,0.9047619047619048,0.11904761904761907,32,30
91,0.010521761868451128,-1.9779115315055904,legacy67,minmax,0.0,0.0,0.0,1.0,1.0,0.0,0.0,0.0,0.0,0,0
91,0.012087541473056955,-1.9176620228167902,legacy67,minmax,0.0,0.0,0.0,1.0,1.0,0.0,0.0,0.0,0.0,0,0
91,0.01263794633808287,-1.8983234930236192,legacy67,minmax,0.0,0.0,0.0,1.0,1.0,0.0,0.0,0.0,0.0,0,0
91,0.013726318898045865,-1.8624459155391264,legacy67,minmax,0.0,0.0,0.0,1.0,1.0,0.0,0.0,0.0,0.0,0,0
91,0.0151673306880762,-1.8190908443578477,legacy67,minmax,0.0,0.0,0.0,1.0,1.0,0.0,0.0,0.0,0.0,0,0
91,0.015339162591163618,-1.814198349120009,legacy67,minmax,0.0,0.0,0.0,1.0,1.0,0.0,0.0,0.0,0.0,0,0
91,0.017073967431528118,-1.7676655513272022,legacy67,minmax,0.0,0.0,0.0,1.0,1.0,0.0,0.0,0.0,0.0,0,1
91,0.017956984225677628,-1.7457665988559055,legacy67,minmax,0.0,0.0,0.0,1.0,1.0,0.0,0.0,0.0,0.0,2,1
91,0.018205657658407252,-1.739793628058882,legacy67,minmax,0.0,0.0,0.0,1.0,1.0,0.0,0.0,0.0,0.0,2,1
91,0.019777828512462715,-1.7038213930636386,legacy67,minmax,0.04761904761904767,0.0,-0.04761904761904767,1.0,1.0,0.0,0.047619047619047616,0.0,-0.047619047619047616,2,1
91,0.01987021538542862,-1.7017974252809167,legacy67,minmax,0.04761904761904767,0.0,-0.04761904761904767,1.0,1.0,0.0,0.047619047619047616,0.0,-0.047619047619047616,2,1
91,0.022592797420156945,-1.646029991792322,legacy67,minmax,0.2142857142857142,0.5,0.2857142857142858,1.0,1.0,0.0,0.21428571428571427,0.5,0.2857142857142857,2,1
91,0.024586032763280048,-1.6093115439744645,legacy67,minmax,0.23809523809523814,0.5,0.26190476190476186,1.0,1.0,0.0,0.23809523809523808,0.5,0.2619047619047619,3,1
91,0.027012557725439066,-1.5684342920267822,legacy67,minmax,0.30952380952380953,0.5,0.19047619047619047,1.0,1.0,0.0,0.30952380952380953,0.5,0.19047619047619047,3,1
91,0.029072088906598435,-1.5365237618994811,legacy67,minmax,0.30952380952380953,0.5,0.19047619047619047,1.0,1.0,0.0,0.30952380952380953,0.5,0.19047619047619047,3,1
91,0.030086868214458433,-1.5216230162467932,legacy67,minmax,0.30952380952380953,0.5,0.19047619047619047,1.0,1.0,0.0,0.30952380952380953,0.5,0.19047619047619047,3,2
91,0.030771802712506853,-1.5118470606208847,legacy67,minmax,0.33333333333333326,0.5,0.16666666666666674,1.0,1.0,0.0,0.3333333333333333,0.5,0.16666666666666669,3,2
91,0.036138942712165265,-1.4420245573918327,legacy67,minmax,0.4285714285714286,0.5,0.0714285714285714,1.0,1.0,0.0,0.42857142857142855,0.5,0.07142857142857145,3,3
91,0.03661819220392428,-1.4363031001009494,legacy67,minmax,0.4285714285714286,0.5,0.0714285714285714,1.0,1.0,0.0,0.42857142857142855,0.5,0.07142857142857145,3,3
91,0.04207053950287936,-1.3760219186551894,legacy67,minmax,0.5476190476190477,0.5,-0.04761904761904767,1.0,1.0,0.0,0.5476190476190477,0.5,-0.04761904761904767,3,3
91,0.04207988669606635,-1.375925438230254,legacy67,minmax,0.5476190476190477,0.5,-0.04761904761904767,1.0,1.0,0.0,0.5476190476190477,0.5,-0.04761904761904767,3,3
91,0.04809461967501572,-1.3179035052508339,legacy67,minmax,0.5714285714285714,0.5476190476190477,-0.023809523809523725,1.0,1.0,0.0,0.5714285714285714,0.5476190476190477,-0.023809523809523725,3,3
91,0.05337032762603955,-1.2727001311715975,legacy67,minmax,0.5952380952380953,0.5476190476190477,-0.04761904761904767,1.0,1.0,0.0,0.5952380952380952,0.5476190476190477,-0.04761904761904756,3,4
91,0.05415244119402536,-1.2663819605862647,legacy67,minmax,0.6190476190476191,0.5476190476190477,-0.0714285714285714,1.0,1.0,0.0,0.6190476190476191,0.5476190476190477,-0.0714285714285714,4,4
91,0.05488047000766042,-1.2605821778978918,legacy67,minmax,0.6190476190476191,0.5476190476190477,-0.0714285714285714,1.0,1.0,0.0,0.6190476190476191,0.5476190476190477,-0.0714285714285714,4,4
91,0.060803901902965994,-1.2160685503234192,legacy67,minmax,0.6190476190476191,0.5714285714285714,-0.04761904761904767,1.0,1.0,0.0,0.6190476190476191,0.5714285714285714,-0.04761904761904767,6,5
91,0.06235377135673155,-1.2051372738633104,legacy67,minmax,0.6190476190476191,0.5714285714285714,-0.04761904761904767,1.0,1.0,0.0,0.6190476190476191,0.5714285714285714,-0.04761904761904767,6,6
91,0.06290644294586147,-1.201304871366561,legacy67,minmax,0.6190476190476191,0.5714285714285714,-0.04761904761904767,1.0,1.0,0.0,0.6190476190476191,0.5714285714285714,-0.04761904761904767,6,6
91,0.07068974950624601,-1.1506435572868954,legacy67,minmax,0.6190476190476191,0.5714285714285714,-0.04761904761904767,1.0,1.0,0.0,0.6190476190476191,0.5714285714285714,-0.04761904761904767,6,7
91,0.10842262717330158,-0.9648800735999323,legacy67,minmax,0.5714285714285714,0.6666666666666665,0.09523809523809512,1.0,1.0,0.0,0.5714285714285714,0.6666666666666666,0.09523809523809523,8,7
91,0.12172958098369964,-0.9146038729044164,legacy67,minmax,0.5714285714285714,0.6666666666666665,0.09523809523809512,1.0,1.0,0.0,0.5714285714285714,0.6666666666666666,0.09523809523809523,8,8
91,0.1329652145729951,-0.876261961250477,legacy67,minmax,0.5952380952380953,0.6904761904761905,0.09523809523809512,1.0,1.0,0.0,0.5952380952380952,0.6904761904761905,0.09523809523809523,9,8
91,0.14618962793704957,-0.8350834392078323,legacy67,minmax,0.6666666666666665,0.7142857142857144,0.047619047619047894,1.0,1.0,0.0,0.6666666666666666,0.7142857142857143,0.04761904761904767,9,8
91,0.14742753159914665,-0.8314214058591274,legacy67,minmax,0.6666666666666665,0.7142857142857144,0.047619047619047894,1.0,1.0,0.0,0.6666666666666666,0.7142857142857143,0.04761904761904767,9,8
91,0.16480446427978968,-0.7830310281618491,legacy67,minmax,0.6057142857142859,0.7142857142857144,0.10857142857142854,0.9866666666666667,1.0,0.013333333333333308,0.6190476190476191,0.7142857142857143,0.09523809523809523,10,8
91,0.16536937182824418,-0.7815449233065173,legacy67,minmax,0.6057142857142859,0.7142857142857144,0.10857142857142854,0.9866666666666667,1.0,0.013333333333333308,0.6190476190476191,0.7142857142857143,0.09523809523809523,10,8
91,0.1753594952976441,-0.7560707131373512,legacy67,minmax,0.6057142857142859,0.7142857142857144,0.10857142857142854,0.9866666666666667,1.0,0.013333333333333308,0.6190476190476191,0.7142857142857143,0.09523809523809523,10,8
91,0.17654048052495064,-0.7531556956423562,legacy67,minmax,0.6057142857142859,0.7142857142857144,0.10857142857142854,0.9866666666666667,1.0,0.013333333333333308,0.6190476190476191,0.7142857142857143,0.09523809523809523,10,8
91,0.1998634077852887,-0.6992667118930118,legacy67,minmax,0.5819047619047619,0.8200000000000001,0.23809523809523814,0.9866666666666667,0.9866666666666667,0.0,0.5952380952380952,0.8333333333333334,0.23809523809523814,11,8
91,0.2001342062287997,-0.6986786769469426,legacy67,minmax,0.5819047619047619,0.8200000000000001,0.23809523809523814,0.9866666666666667,0.9866666666666667,0.0,0.5952380952380952,0.8333333333333334,0.23809523809523814,11,8
91,0.21066486017042194,-0.6764079005894033,legacy67,minmax,0.5819047619047619,0.8200000000000001,0.23809523809523814,0.9866666666666667,0.9866666666666667,0.0,0.5952380952380952,0.8333333333333334,0.23809523809523814,11,8
91,0.2673088310781669,-0.5729866932256429,legacy67,minmax,0.6057142857142859,0.8200000000000001,0.2142857142857142,0.9866666666666667,0.9866666666666667,0.0,0.6190476190476191,0.8333333333333334,0.2142857142857143,15,8
91,0.2715581955282939,-0.5661370858229096,legacy67,minmax,0.6057142857142859,0.8200000000000001,0.2142857142857142,0.9866666666666667,0.9866666666666667,0.0,0.6190476190476191,0.8333333333333334,0.2142857142857143,15,8
91,0.292043384718141,-0.5345526268252332,legacy67,minmax,0.6057142857142859,0.8200000000000001,0.2142857142857142,0.9866666666666667,0.9866666666666667,0.0,0.6190476190476191,0.8333333333333334,0.2142857142857143,15,8
91,0.314891164795686,-0.50183952461055,legacy67,minmax,0.6057142857142859,0.8200000000000001,0.2142857142857142,0.9866666666666667,0.9866666666666667,0.0,0.6190476190476191,0.8333333333333334,0.2142857142857143,15,8
91,0.35868164986275475,-0.44529084124207197,legacy67,minmax,0.6057142857142859,0.8200000000000001,0.2142857142857142,0.9866666666666667,0.9866666666666667,0.0,0.6190476190476191,0.8333333333333334,0.2142857142857143,16,8
91,0.5130551760589832,-0.2898359265658015,legacy67,minmax,0.6295238095238096,0.8438095238095238,0.2142857142857142,0.9866666666666667,0.9866666666666667,0.0,0.6428571428571429,0.8571428571428571,0.2142857142857142,21,8
91,0.5342937261279772,-0.27221992543153695,legacy67,minmax,0.6295238095238096,0.8438095238095238,0.2142857142857142,0.9866666666666667,0.9866666666666667,0.0,0.6428571428571429,0.8571428571428571,0.2142857142857142,22,9
91,0.5762487216478598,-0.23939002504159476,legacy67,minmax,0.6295238095238096,0.8438095238095238,0.2142857142857142,0.9866666666666667,0.9866666666666667,0.0,0.6428571428571429,0.8571428571428571,0.2142857142857142,22,9
91,0.6672367170464204,-0.17572006313185626,legacy67,minmax,0.6057142857142859,0.8438095238095238,0.23809523809523792,0.9866666666666667,0.9866666666666667,0.0,0.6190476190476191,0.8571428571428571,0.23809523809523803,22,9
91,0.7742116473996242,-0.1111402993522028,legacy67,minmax,0.6057142857142859,0.8438095238095238,0.23809523809523792,0.9866666666666667,0.9866666666666667,0.0,0.6190476190476191,0.8571428571428571,0.23809523809523803,22,9
91,0.9444574254983555,-0.02481761454243703,legacy67,minmax,0.6161904761904764,0.8438095238095238,0.2276190476190474,0.9733333333333334,0.9866666666666667,0.013333333333333308,0.6428571428571429,0.8571428571428571,0.2142857142857142,25,9
91,0.9565499215943818,-0.019292359554919238,legacy67,minmax,0.6161904761904764,0.8438095238095238,0.2276190476190474,0.9733333333333334,0.9866666666666667,0.013333333333333308,0.6428571428571429,0.8571428571428571,0.2142857142857142,25,9
91,1.1400863701127315,0.0569377536544464,legacy67,minmax,0.6161904761904764,0.8438095238095238,0.2276190476190474,0.9733333333333334,0.9866666666666667,0.013333333333333308,0.6428571428571429,0.8571428571428571,0.2142857142857142,26,9
91,1.2030178871154662,0.08027208471124325,legacy67,minmax,0.6161904761904764,0.8438095238095238,0.2276190476190474,0.9733333333333334,0.9866666666666667,0.013333333333333308,0.6428571428571429,0.8571428571428571,0.2142857142857142,28,9
91,1.2329098365270508,0.0909313175279762,legacy67,minmax,0.6161904761904764,0.8438095238095238,0.2276190476190474,0.9733333333333334,0.9866666666666667,0.013333333333333308,0.6428571428571429,0.8571428571428571,0.2142857142857142,28,9
91,1.2561043700013554,0.09902572652895136,legacy67,minmax,0.6161904761904764,0.8542857142857143,0.23809523809523792,0.9733333333333334,0.9733333333333334,0.0,0.6428571428571429,0.8809523809523809,0.23809523809523803,28,9
91,1.4817820606039076,0.17078433263299386,legacy67,minmax,0.6400000000000001,0.8542857142857143,0.2142857142857142,0.9733333333333334,0.9733333333333334,0.0,0.6666666666666666,0.8809523809523809,0.2142857142857143,28,9
91,1.5375920235481748,0.1868411173731186,legacy67,minmax,0.6400000000000001,0.8542857142857143,0.2142857142857142,0.9733333333333334,0.9733333333333334,0.0,0.6666666666666666,0.8809523809523809,0.2142857142857143,29,9
91,1.7583640270008503,0.24510879027798493,legacy67,minmax,0.6400000000000001,0.8542857142857143,0.2142857142857142,0.9733333333333334,0.9733333333333334,0.0,0.6666666666666666,0.8809523809523809,0.2142857142857143,28,9
91,2.34238498471129,0.36965827544816987,legacy67,minmax,0.6638095238095238,0.8542857142857143,0.19047619047619047,0.9733333333333334,0.9733333333333334,0.0,0.6904761904761905,0.8809523809523809,0.19047619047619047,27,9
91,2.4637685958997446,0.39159991524434057,legacy67,minmax,0.6638095238095238,0.8542857142857143,0.19047619047619047,0.9733333333333334,0.9733333333333334,0.0,0.6904761904761905,0.8809523809523809,0.19047619047619047,27,9
91,2.4810409748678097,0.3946339367881464,legacy67,minmax,0.6638095238095238,0.8542857142857143,0.19047619047619047,0.9733333333333334,0.9733333333333334,0.0,0.6904761904761905,0.8809523809523809,0.19047619047619047,27,9
91,2.5378155082656626,0.40446004697283516,legacy67,minmax,0.6638095238095238,0.8542857142857143,0.19047619047619047,0.9733333333333334,0.9733333333333334,0.0,0.6904761904761905,0.8809523809523809,0.19047619047619047,27,9
91,2.692646910086177,0.43017940760575346,legacy67,minmax,0.6638095238095238,0.8542857142857143,0.19047619047619047,0.9733333333333334,0.9733333333333334,0.0,0.6904761904761905,0.8809523809523809,0.19047619047619047,27,9
91,2.801635158716258,0.4474115788895179,legacy67,minmax,0.6638095238095238,0.8542857142857143,0.19047619047619047,0.9733333333333334,0.9733333333333334,0.0,0.6904761904761905,0.8809523809523809,0.19047619047619047,27,9
91,3.113095956122122,0.4931925073102317,legacy67,minmax,0.6638095238095238,0.8542857142857143,0.19047619047619047,0.9733333333333334,0.9733333333333334,0.0,0.6904761904761905,0.8809523809523809,0.19047619047619047,27,9
91,3.550012525851159,0.5502298854208525,legacy67,minmax,0.6638095238095238,0.8542857142857143,0.19047619047619047,0.9733333333333334,0.9733333333333334,0.0,0.6904761904761905,0.8809523809523809,0.19047619047619047,28,9
91,4.467752817973904,0.6500891374159279,legacy67,minmax,0.6400000000000001,0.8542857142857143,0.2142857142857142,0.9733333333333334,0.9733333333333334,0.0,0.6666666666666666,0.8809523809523809,0.2142857142857143,27,9
91,5.456725485601473,0.7369321060486276,legacy67,minmax,0.6638095238095238,0.8542857142857143,0.19047619047619047,0.9733333333333334,0.9733333333333334,0.0,0.6904761904761905,0.8809523809523809,0.19047619047619047,30,9
91,6.72093005015611,0.8274293753904685,legacy67,minmax,0.6638095238095238,0.8542857142857143,0.19047619047619047,0.9733333333333334,0.9733333333333334,0.0,0.6904761904761905,0.8809523809523809,0.19047619047619047,30,9
91,6.7965780907581514,0.832290311184182,legacy67,minmax,0.6638095238095238,0.8542857142857143,0.19047619047619047,0.9733333333333334,0.9733333333333334,0.0,0.6904761904761905,0.8809523809523809,0.19047619047619047,30,9
91,7.128188058401357,0.85297914889198,legacy67,minmax,0.6638095238095238,0.8542857142857143,0.19047619047619047,0.9733333333333334,0.9733333333333334,0.0,0.6904761904761905,0.8809523809523809,0.19047619047619047,30,9
91,8.241925264876443,0.9160286721639492,legacy67,minmax,0.6638095238095238,0.8542857142857143,0.19047619047619047,0.9733333333333334,0.9733333333333334,0.0,0.6904761904761905,0.8809523809523809,0.19047619047619047,32,28
91,8.287522363768153,0.9184247133522563,legacy67,minmax,0.6638095238095238,0.8542857142857143,0.19047619047619047,0.9733333333333334,0.9733333333333334,0.0,0.6904761904761905,0.8809523809523809,0.19047619047619047,32,28
91,8.471801418819974,0.9279757672456204,legacy67,minmax,0.6638095238095238,0.8542857142857143,0.19047619047619047,0.9733333333333334,0.9733333333333334,0.0,0.6904761904761905,0.8809523809523809,0.19047619047619047,33,28
91,11.044350847124681,1.0431401944675898,legacy67,minmax,0.6400000000000001,0.8542857142857143,0.2142857142857142,0.9733333333333334,0.9733333333333334,0.0,0.6666666666666666,0.8809523809523809,0.2142857142857143,32,28
91,12.130221181165155,1.083868719818244,legacy67,minmax,0.6161904761904764,0.8542857142857143,0.23809523809523792,0.9733333333333334,0.9733333333333334,0.0,0.6428571428571429,0.8809523809523809,0.23809523809523803,32,28
91,12.164139351417056,1.085081386743783,legacy67,minmax,0.6161904761904764,0.8542857142857143,0.23809523809523792,0.9733333333333334,0.9733333333333334,0.0,0.6428571428571429,0.8809523809523809,0.23809523809523803,32,28
91,12.273800987852958,1.0889790771866297,legacy67,minmax,0.6161904761904764,0.8542857142857143,0.23809523809523792,0.9733333333333334,0.9733333333333334,0.0,0.6428571428571429,0.8809523809523809,0.23809523809523803,32,28
91,12.604664585649452,1.1005312934444582,legacy67,minmax,0.6161904761904764,0.8542857142857143,0.23809523809523792,0.9733333333333334,0.9733333333333334,0.0,0.6428571428571429,0.8809523809523809,0.23809523809523803,32,28
91,13.826232179369853,1.1407038455720544,legacy67,minmax,0.6161904761904764,0.8542857142857143,0.23809523809523792,0.9733333333333334,0.9733333333333334,0.0,0.6428571428571429,0.8809523809523809,0.23809523809523803,32,28
91,16.172900811143133,1.2087879230161587,legacy67,minmax,0.6161904761904764,0.8542857142857143,0.23809523809523792,0.9733333333333334,0.9733333333333334,0.0,0.6428571428571429,0.8809523809523809,0.23809523809523803,32,28
91,17.123375973163967,1.2335893924658445,legacy67,minmax,0.5923809523809525,0.8542857142857143,0.26190476190476186,0.9733333333333334,0.9733333333333334,0.0,0.6190476190476191,0.8809523809523809,0.26190476190476186,32,28
91,18.274508859816006,1.2618457138193366,legacy67,minmax,0.5923809523809525,0.8542857142857143,0.26190476190476186,0.9733333333333334,0.9733333333333334,0.0,0.6190476190476191,0.8809523809523809,0.26190476190476186,32,28
91,20.65142557895924,1.3149500366077174,legacy67,minmax,0.5923809523809525,0.8542857142857143,0.26190476190476186,0.9733333333333334,0.9733333333333334,0.0,0.6190476190476191,0.8809523809523809,0.26190476190476186,33,28
91,21.36832907235874,1.329770563201687,legacy67,minmax,0.5923809523809525,0.8542857142857143,0.26190476190476186,0.9733333333333334,0.9733333333333334,0.0,0.6190476190476191,0.8809523809523809,0.26190476190476186,33,28
91,28.340904295147727,1.452413703502374,legacy67,minmax,0.5923809523809525,0.8542857142857143,0.26190476190476186,0.9733333333333334,0.9733333333333334,0.0,0.6190476190476191,0.8809523809523809,0.26190476190476186,33,28
91,29.154431891537524,1.4647045830997407,legacy67,minmax,0.5923809523809525,0.8542857142857143,0.26190476190476186,0.9733333333333334,0.9733333333333334,0.0,0.6190476190476191,0.8809523809523809,0.26190476190476186,33,28
91,35.387588647792384,1.5488509703053062,legacy67,minmax,0.5923809523809525,0.8542857142857143,0.26190476190476186,0.9733333333333334,0.9733333333333334,0.0,0.6190476190476191,0.8809523809523809,0.26190476190476186,33,29
91,37.95853142670639,1.5793094017105953,legacy67,minmax,0.5923809523809525,0.8542857142857143,0.26190476190476186,0.9733333333333334,0.9733333333333334,0.0,0.6190476190476191,0.8809523809523809,0.26190476190476186,33,29
91,43.37920697490936,1.6372816083151283,legacy67,minmax,0.5923809523809525,0.8542857142857143,0.26190476190476186,0.9733333333333334,0.9733333333333334,0.0,0.6190476190476191,0.8809523809523809,0.26190476190476186,33,29
91,48.69640941520897,1.6874969400924673,legacy67,minmax,0.5923809523809525,0.8542857142857143,0.26190476190476186,0.9733333333333334,0.9733333333333334,0.0,0.6190476190476191,0.8809523809523809,0.26190476190476186,33,29
91,57.279044707996185,1.7579957662567565,legacy67,minmax,0.5923809523809525,0.8542857142857143,0.26190476190476186,0.9733333333333334,0.9733333333333334,0.0,0.6190476190476191,0.8809523809523809,0.26190476190476186,33,29
91,62.45139574743064,1.795542149013333,legacy67,minmax,0.5923809523809525,0.8542857142857143,0.26190476190476186,0.9733333333333334,0.9733333333333334,0.0,0.6190476190476191,0.8809523809523809,0.26190476190476186,33,29
91,63.512210106406926,1.8028572256396647,legacy67,minmax,0.5923809523809525,0.8542857142857143,0.26190476190476186,0.9733333333333334,0.9733333333333334,0.0,0.6190476190476191,0.8809523809523809,0.26190476190476186,33,29
91,72.86653737491037,1.8625281322982374,legacy67,minmax,0.5923809523809525,0.8542857142857143,0.26190476190476186,0.9733333333333334,0.9733333333333334,0.0,0.6190476190476191,0.8809523809523809,0.26190476190476186,33,29
91,75.56810141274423,1.8783385110582342,legacy67,minmax,0.5923809523809525,0.8542857142857143,0.26190476190476186,0.9733333333333334,0.9733333333333334,0.0,0.6190476190476191,0.8809523809523809,0.26190476190476186,33,29
91,75.79479953347995,1.8796394086479773,legacy67,minmax,0.5923809523809525,0.8542857142857143,0.26190476190476186,0.9733333333333334,0.9733333333333334,0.0,0.6190476190476191,0.8809523809523809,0.26190476190476186,33,29
91,88.62326508576248,1.9475477464020692,legacy67,minmax,0.5923809523809525,0.8542857142857143,0.26190476190476186,0.9733333333333334,0.9733333333333334,0.0,0.6190476190476191,0.8809523809523809,0.26190476190476186,33,29
92,0.010521761868451128,-1.9779115315055904,legacy67,minmax,0.0,0.0,0.0,1.0,1.0,0.0,0.0,0.0,0.0,0,0
92,0.012087541473056955,-1.9176620228167902,legacy67,minmax,0.0,0.0,0.0,1.0,1.0,0.0,0.0,0.0,0.0,0,0
92,0.01263794633808287,-1.8983234930236192,legacy67,minmax,0.0,0.0,0.0,1.0,1.0,0.0,0.0,0.0,0.0,0,0
92,0.013726318898045865,-1.8624459155391264,legacy67,minmax,0.0,0.0,0.0,1.0,1.0,0.0,0.0,0.0,0.0,0,0
92,0.0151673306880762,-1.8190908443578477,legacy67,minmax,0.0,0.0,0.0,1.0,1.0,0.0,0.0,0.0,0.0,0,0
92,0.015339162591163618,-1.814198349120009,legacy67,minmax,0.0,0.0,0.0,1.0,1.0,0.0,0.0,0.0,0.0,0,0
92,0.017073967431528118,-1.7676655513272022,legacy67,minmax,0.0,0.0,0.0,1.0,1.0,0.0,0.0,0.0,0.0,1,0
92,0.017956984225677628,-1.7457665988559055,legacy67,minmax,0.0,0.0,0.0,1.0,1.0,0.0,0.0,0.0,0.0,1,2
92,0.018205657658407252,-1.739793628058882,legacy67,minmax,0.0,0.0,0.0,1.0,1.0,0.0,0.0,0.0,0.0,1,2
92,0.019777828512462715,-1.7038213930636386,legacy67,minmax,0.0,0.0,0.0,1.0,1.0,0.0,0.0,0.0,0.0,2,2
92,0.01987021538542862,-1.7017974252809167,legacy67,minmax,0.0,0.0,0.0,1.0,1.0,0.0,0.0,0.0,0.0,2,2
92,0.022592797420156945,-1.646029991792322,legacy67,minmax,0.1428571428571428,0.23809523809523814,0.09523809523809534,1.0,1.0,0.0,0.14285714285714285,0.23809523809523808,0.09523809523809523,3,2
92,0.024586032763280048,-1.6093115439744645,legacy67,minmax,0.2142857142857142,0.23809523809523814,0.023809523809523947,1.0,1.0,0.0,0.21428571428571427,0.23809523809523808,0.023809523809523808,3,2
92,0.027012557725439066,-1.5684342920267822,legacy67,minmax,0.26190476190476186,0.23809523809523814,-0.023809523809523725,1.0,1.0,0.0,0.2619047619047619,0.23809523809523808,-0.023809523809523836,3,2
92,0.029072088906598435,-1.5365237618994811,legacy67,minmax,0.30952380952380953,0.23809523809523814,-0.0714285714285714,1.0,1.0,0.0,0.30952380952380953,0.23809523809523808,-0.07142857142857145,3,2
92,0.030086868214458433,-1.5216230162467932,legacy67,minmax,0.30952380952380953,0.23809523809523814,-0.0714285714285714,1.0,1.0,0.0,0.30952380952380953,0.23809523809523808,-0.07142857142857145,3,2
92,0.030771802712506853,-1.5118470606208847,legacy67,minmax,0.30952380952380953,0.23809523809523814,-0.0714285714285714,1.0,1.0,0.0,0.30952380952380953,0.23809523809523808,-0.07142857142857145,3,2
92,0.036138942712165265,-1.4420245573918327,legacy67,minmax,0.4285714285714286,0.6428571428571428,0.2142857142857142,1.0,1.0,0.0,0.42857142857142855,0.6428571428571429,0.21428571428571436,3,2
92,0.03661819220392428,-1.4363031001009494,legacy67,minmax,0.4285714285714286,0.6428571428571428,0.2142857142857142,1.0,1.0,0.0,0.42857142857142855,0.6428571428571429,0.21428571428571436,3,2
92,0.04207053950287936,-1.3760219186551894,legacy67,minmax,0.4761904761904763,0.6428571428571428,0.16666666666666652,1.0,1.0,0.0,0.47619047619047616,0.6428571428571429,0.16666666666666674,3,3
92,0.04207988669606635,-1.375925438230254,legacy67,minmax,0.4761904761904763,0.6428571428571428,0.16666666666666652,1.0,1.0,0.0,0.47619047619047616,0.6428571428571429,0.16666666666666674,3,3
92,0.04809461967501572,-1.3179035052508339,legacy67,minmax,0.5952380952380953,0.6428571428571428,0.04761904761904745,1.0,1.0,0.0,0.5952380952380952,0.6428571428571429,0.04761904761904767,4,4
92,0.05337032762603955,-1.2727001311715975,legacy67,minmax,0.5952380952380953,0.6428571428571428,0.04761904761904745,1.0,1.0,0.0,0.5952380952380952,0.6428571428571429,0.04761904761904767,4,4
92,0.05415244119402536,-1.2663819605862647,legacy67,minmax,0.5952380952380953,0.6428571428571428,0.04761904761904745,1.0,1.0,0.0,0.5952380952380952,0.6428571428571429,0.04761904761904767,4,6
92,0.05488047000766042,-1.2605821778978918,legacy67,minmax,0.5952380952380953,0.6428571428571428,0.04761904761904745,1.0,1.0,0.0,0.5952380952380952,0.6428571428571429,0.04761904761904767,4,6
92,0.060803901902965994,-1.2160685503234192,legacy67,minmax,0.5952380952380953,0.6428571428571428,0.04761904761904745,1.0,1.0,0.0,0.5952380952380952,0.6428571428571429,0.04761904761904767,4,6
92,0.06235377135673155,-1.2051372738633104,legacy67,minmax,0.5952380952380953,0.6428571428571428,0.04761904761904745,1.0,1.0,0.0,0.5952380952380952,0.6428571428571429,0.04761904761904767,4,6
92,0.06290644294586147,-1.201304871366561,legacy67,minmax,0.5952380952380953,0.6428571428571428,0.04761904761904745,1.0,1.0,0.0,0.5952380952380952,0.6428571428571429,0.04761904761904767,4,6
92,0.07068974950624601,-1.1506435572868954,legacy67,minmax,0.5952380952380953,0.6428571428571428,0.04761904761904745,1.0,1.0,0.0,0.5952380952380952,0.6428571428571429,0.04761904761904767,5,6
92,0.10842262717330158,-0.9648800735999323,legacy67,minmax,0.6428571428571428,0.6904761904761905,0.04761904761904767,1.0,1.0,0.0,0.6428571428571429,0.6904761904761905,0.04761904761904756,8,7
92,0.12172958098369964,-0.9146038729044164,legacy67,minmax,0.6295238095238096,0.6904761904761905,0.06095238095238087,0.9866666666666667,1.0,0.013333333333333308,0.6428571428571429,0.6904761904761905,0.04761904761904756,10,7
92,0.1329652145729951,-0.876261961250477,legacy67,minmax,0.6295238095238096,0.6904761904761905,0.06095238095238087,0.9866666666666667,1.0,0.013333333333333308,0.6428571428571429,0.6904761904761905,0.04761904761904756,11,7
92,0.14618962793704957,-0.8350834392078323,legacy67,minmax,0.6057142857142859,0.7142857142857144,0.10857142857142854,0.9866666666666667,1.0,0.013333333333333308,0.6190476190476191,0.7142857142857143,0.09523809523809523,11,7
92,0.14742753159914665,-0.8314214058591274,legacy67,minmax,0.6057142857142859,0.7142857142857144,0.10857142857142854,0.9866666666666667,1.0,0.013333333333333308,0.6190476190476191,0.7142857142857143,0.09523809523809523,11,7
92,0.16480446427978968,-0.7830310281618491,legacy67,minmax,0.6295238095238096,0.7142857142857144,0.08476190476190482,0.9866666666666667,1.0,0.013333333333333308,0.6428571428571429,0.7142857142857143,0.0714285714285714,12,7
92,0.16536937182824418,-0.7815449233065173,legacy67,minmax,0.6295238095238096,0.7142857142857144,0.08476190476190482,0.9866666666666667,1.0,0.013333333333333308,0.6428571428571429,0.7142857142857143,0.0714285714285714,12,7
92,0.1753594952976441,-0.7560707131373512,legacy67,minmax,0.6533333333333333,0.7142857142857144,0.06095238095238109,0.9866666666666667,1.0,0.013333333333333308,0.6666666666666666,0.7142857142857143,0.04761904761904767,14,7
92,0.17654048052495064,-0.7531556956423562,legacy67,minmax,0.6533333333333333,0.7142857142857144,0.06095238095238109,0.9866666666666667,1.0,0.013333333333333308,0.6666666666666666,0.7142857142857143,0.04761904761904767,14,7
92,0.1998634077852887,-0.6992667118930118,legacy67,minmax,0.6533333333333333,0.7142857142857144,0.06095238095238109,0.9866666666666667,1.0,0.013333333333333308,0.6666666666666666,0.7142857142857143,0.04761904761904767,15,7
92,0.2001342062287997,-0.6986786769469426,legacy67,minmax,0.6533333333333333,0.7142857142857144,0.06095238095238109,0.9866666666666667,1.0,0.013333333333333308,0.6666666666666666,0.7142857142857143,0.04761904761904767,15,7
92,0.21066486017042194,-0.6764079005894033,legacy67,minmax,0.6295238095238096,0.7142857142857144,0.08476190476190482,0.9866666666666667,1.0,0.013333333333333308,0.6428571428571429,0.7142857142857143,0.0714285714285714,16,7
92,0.2673088310781669,-0.5729866932256429,legacy67,minmax,0.6428571428571428,0.7380952380952381,0.09523809523809534,1.0,1.0,0.0,0.6428571428571429,0.7380952380952381,0.09523809523809523,17,7
92,0.2715581955282939,-0.5661370858229096,legacy67,minmax,0.6428571428571428,0.7380952380952381,0.09523809523809534,1.0,1.0,0.0,0.6428571428571429,0.7380952380952381,0.09523809523809523,17,7
92,0.292043384718141,-0.5345526268252332,legacy67,minmax,0.6428571428571428,0.7380952380952381,0.09523809523809534,1.0,1.0,0.0,0.6428571428571429,0.7380952380952381,0.09523809523809523,17,7
92,0.314891164795686,-0.50183952461055,legacy67,minmax,0.6428571428571428,0.7619047619047619,0.11904761904761907,1.0,1.0,0.0,0.6428571428571429,0.7619047619047619,0.11904761904761896,17,7
92,0.35868164986275475,-0.44529084124207197,legacy67,minmax,0.6428571428571428,0.7619047619047619,0.11904761904761907,1.0,1.0,0.0,0.6428571428571429,0.7619047619047619,0.11904761904761896,18,7
92,0.5130551760589832,-0.2898359265658015,legacy67,minmax,0.6428571428571428,0.7619047619047619,0.11904761904761907,1.0,1.0,0.0,0.6428571428571429,0.7619047619047619,0.11904761904761896,18,7
92,0.5342937261279772,-0.27221992543153695,legacy67,minmax,0.6428571428571428,0.7619047619047619,0.11904761904761907,1.0,1.0,0.0,0.6428571428571429,0.7619047619047619,0.11904761904761896,18,7
92,0.5762487216478598,-0.23939002504159476,legacy67,minmax,0.6428571428571428,0.7619047619047619,0.11904761904761907,1.0,1.0,0.0,0.6428571428571429,0.7619047619047619,0.11904761904761896,19,7
92,0.6672367170464204,-0.17572006313185626,legacy67,minmax,0.6190476190476191,0.7619047619047619,0.1428571428571428,1.0,1.0,0.0,0.6190476190476191,0.7619047619047619,0.1428571428571428,20,7
92,0.7742116473996242,-0.1111402993522028,legacy67,minmax,0.6057142857142859,0.7619047619047619,0.156190476190476,0.9866666666666667,1.0,0.013333333333333308,0.6190476190476191,0.7619047619047619,0.1428571428571428,21,7
92,0.9444574254983555,-0.02481761454243703,legacy67,minmax,0.5923809523809525,0.7619047619047619,0.1695238095238094,0.9733333333333334,1.0,0.026666666666666616,0.6190476190476191,0.7619047619047619,0.1428571428571428,22,7
92,0.9565499215943818,-0.019292359554919238,legacy67,minmax,0.5923809523809525,0.7619047619047619,0.1695238095238094,0.9733333333333334,1.0,0.026666666666666616,0.6190476190476191,0.7619047619047619,0.1428571428571428,22,7
92,1.1400863701127315,0.0569377536544464,legacy67,minmax,0.6161904761904764,0.7619047619047619,0.14571428571428546,0.9733333333333334,1.0,0.026666666666666616,0.6428571428571429,0.7619047619047619,0.11904761904761896,22,7
92,1.2030178871154662,0.08027208471124325,legacy67,minmax,0.6400000000000001,0.7619047619047619,0.12190476190476174,0.9733333333333334,1.0,0.026666666666666616,0.6666666666666666,0.7619047619047619,0.09523809523809523,23,7
92,1.2329098365270508,0.0909313175279762,legacy67,minmax,0.6400000000000001,0.7619047619047619,0.12190476190476174,0.9733333333333334,1.0,0.026666666666666616,0.6666666666666666,0.7619047619047619,0.09523809523809523,23,7
92,1.2561043700013554,0.09902572652895136,legacy67,minmax,0.6400000000000001,0.7619047619047619,0.12190476190476174,0.9733333333333334,1.0,0.026666666666666616,0.6666666666666666,0.7619047619047619,0.09523809523809523,23,7
92,1.4817820606039076,0.17078433263299386,legacy67,minmax,0.6400000000000001,0.7619047619047619,0.12190476190476174,0.9733333333333334,1.0,0.026666666666666616,0.6666666666666666,0.7619047619047619,0.09523809523809523,26,7
92,1.5375920235481748,0.1868411173731186,legacy67,minmax,0.6400000000000001,0.7619047619047619,0.12190476190476174,0.9733333333333334,1.0,0.026666666666666616,0.6666666666666666,0.7619047619047619,0.09523809523809523,26,7
92,1.7583640270008503,0.24510879027798493,legacy67,minmax,0.6400000000000001,0.7619047619047619,0.12190476190476174,0.9733333333333334,1.0,0.026666666666666616,0.6666666666666666,0.7619047619047619,0.09523809523809523,26,8
92,2.34238498471129,0.36965827544816987,legacy67,minmax,0.6400000000000001,0.7619047619047619,0.12190476190476174,0.9733333333333334,1.0,0.026666666666666616,0.6666666666666666,0.7619047619047619,0.09523809523809523,29,9
92,2.4637685958997446,0.39159991524434057,legacy67,minmax,0.6161904761904764,0.7619047619047619,0.14571428571428546,0.9733333333333334,1.0,0.026666666666666616,0.6428571428571429,0.7619047619047619,0.11904761904761896,30,9
92,2.4810409748678097,0.3946339367881464,legacy67,minmax,0.6161904761904764,0.7619047619047619,0.14571428571428546,0.9733333333333334,1.0,0.026666666666666616,0.6428571428571429,0.7619047619047619,0.11904761904761896,30,9
92,2.5378155082656626,0.40446004697283516,legacy67,minmax,0.6161904761904764,0.7619047619047619,0.14571428571428546,0.9733333333333334,1.0,0.026666666666666616,0.6428571428571429,0.7619047619047619,0.11904761904761896,30,9
92,2.692646910086177,0.43017940760575346,legacy67,minmax,0.6400000000000001,0.7619047619047619,0.12190476190476174,0.9733333333333334,1.0,0.026666666666666616,0.6666666666666666,0.7619047619047619,0.09523809523809523,30,9
92,2.801635158716258,0.4474115788895179,legacy67,minmax,0.6400000000000001,0.7619047619047619,0.12190476190476174,0.9733333333333334,1.0,0.026666666666666616,0.6666666666666666,0.7619047619047619,0.09523809523809523,31,9
92,3.113095956122122,0.4931925073102317,legacy67,minmax,0.6400000000000001,0.7619047619047619,0.12190476190476174,0.9733333333333334,1.0,0.026666666666666616,0.6666666666666666,0.7619047619047619,0.09523809523809523,31,9
92,3.550012525851159,0.5502298854208525,legacy67,minmax,0.6266666666666665,0.7619047619047619,0.13523809523809538,0.96,1.0,0.040000000000000036,0.6666666666666666,0.7619047619047619,0.09523809523809523,31,9
92,4.467752817973904,0.6500891374159279,legacy67,minmax,0.6400000000000001,0.7619047619047619,0.12190476190476174,0.9733333333333334,1.0,0.026666666666666616,0.6666666666666666,0.7619047619047619,0.09523809523809523,31,9
92,5.456725485601473,0.7369321060486276,legacy67,minmax,0.6400000000000001,0.7619047619047619,0.12190476190476174,0.9733333333333334,1.0,0.026666666666666616,0.6666666666666666,0.7619047619047619,0.09523809523809523,31,9
92,6.72093005015611,0.8274293753904685,legacy67,minmax,0.6400000000000001,0.7619047619047619,0.12190476190476174,0.9733333333333334,1.0,0.026666666666666616,0.6666666666666666,0.7619047619047619,0.09523809523809523,32,9
92,6.7965780907581514,0.832290311184182,legacy67,minmax,0.6400000000000001,0.7619047619047619,0.12190476190476174,0.9733333333333334,1.0,0.026666666666666616,0.6666666666666666,0.7619047619047619,0.09523809523809523,32,9
92,7.128188058401357,0.85297914889198,legacy67,minmax,0.6400000000000001,0.7619047619047619,0.12190476190476174,0.9733333333333334,1.0,0.026666666666666616,0.6666666666666666,0.7619047619047619,0.09523809523809523,32,9
92,8.241925264876443,0.9160286721639492,legacy67,minmax,0.6638095238095238,0.7619047619047619,0.09809523809523801,0.9733333333333334,1.0,0.026666666666666616,0.6904761904761905,0.7619047619047619,0.0714285714285714,32,30
92,8.287522363768153,0.9184247133522563,legacy67,minmax,0.6638095238095238,0.7619047619047619,0.09809523809523801,0.9733333333333334,1.0,0.026666666666666616,0.6904761904761905,0.7619047619047619,0.0714285714285714,32,30
92,8.471801418819974,0.9279757672456204,legacy67,minmax,0.6638095238095238,0.7619047619047619,0.09809523809523801,0.9733333333333334,1.0,0.026666666666666616,0.6904761904761905,0.7619047619047619,0.0714285714285714,32,30
92,11.044350847124681,1.0431401944675898,legacy67,minmax,0.6638095238095238,0.7619047619047619,0.09809523809523801,0.9733333333333334,1.0,0.026666666666666616,0.6904761904761905,0.7619047619047619,0.0714285714285714,32,30
92,12.130221181165155,1.083868719818244,legacy67,minmax,0.6638095238095238,0.7619047619047619,0.09809523809523801,0.9733333333333334,1.0,0.026666666666666616,0.6904761904761905,0.7619047619047619,0.0714285714285714,32,30
92,12.164139351417056,1.085081386743783,legacy67,minmax,0.6638095238095238,0.7619047619047619,0.09809523809523801,0.9733333333333334,1.0,0.026666666666666616,0.6904761904761905,0.7619047619047619,0.0714285714285714,32,30
92,12.273800987852958,1.0889790771866297,legacy67,minmax,0.6638095238095238,0.7619047619047619,0.09809523809523801,0.9733333333333334,1.0,0.026666666666666616,0.6904761904761905,0.7619047619047619,0.0714285714285714,32,30
92,12.604664585649452,1.1005312934444582,legacy67,minmax,0.6638095238095238,0.7619047619047619,0.09809523809523801,0.9733333333333334,1.0,0.026666666666666616,0.6904761904761905,0.7619047619047619,0.0714285714285714,32,30
92,13.826232179369853,1.1407038455720544,legacy67,minmax,0.6638095238095238,0.7619047619047619,0.09809523809523801,0.9733333333333334,1.0,0.026666666666666616,0.6904761904761905,0.7619047619047619,0.0714285714285714,32,30
92,16.172900811143133,1.2087879230161587,legacy67,minmax,0.6638095238095238,0.7619047619047619,0.09809523809523801,0.9733333333333334,1.0,0.026666666666666616,0.6904761904761905,0.7619047619047619,0.0714285714285714,32,30
92,17.123375973163967,1.2335893924658445,legacy67,minmax,0.6638095238095238,0.7619047619047619,0.09809523809523801,0.9733333333333334,1.0,0.026666666666666616,0.6904761904761905,0.7619047619047619,0.0714285714285714,32,30
92,18.274508859816006,1.2618457138193366,legacy67,minmax,0.6638095238095238,0.7619047619047619,0.09809523809523801,0.9733333333333334,1.0,0.026666666666666616,0.6904761904761905,0.7619047619047619,0.0714285714285714,32,30
92,20.65142557895924,1.3149500366077174,legacy67,minmax,0.6638095238095238,0.7619047619047619,0.09809523809523801,0.9733333333333334,1.0,0.026666666666666616,0.6904761904761905,0.7619047619047619,0.0714285714285714,32,30
92,21.36832907235874,1.329770563201687,legacy67,minmax,0.6638095238095238,0.7619047619047619,0.09809523809523801,0.9733333333333334,1.0,0.026666666666666616,0.6904761904761905,0.7619047619047619,0.0714285714285714,32,30
92,28.340904295147727,1.452413703502374,legacy67,minmax,0.6638095238095238,0.7857142857142856,0.12190476190476174,0.9733333333333334,1.0,0.026666666666666616,0.6904761904761905,0.7857142857142857,0.09523809523809523,32,32
92,29.154431891537524,1.4647045830997407,legacy67,minmax,0.6638095238095238,0.7857142857142856,0.12190476190476174,0.9733333333333334,1.0,0.026666666666666616,0.6904761904761905,0.7857142857142857,0.09523809523809523,32,32
92,35.387588647792384,1.5488509703053062,legacy67,minmax,0.6638095238095238,0.8095238095238095,0.14571428571428569,0.9733333333333334,1.0,0.026666666666666616,0.6904761904761905,0.8095238095238095,0.11904761904761907,32,32
92,37.95853142670639,1.5793094017105953,legacy67,minmax,0.6638095238095238,0.8095238095238095,0.14571428571428569,0.9733333333333334,1.0,0.026666666666666616,0.6904761904761905,0.8095238095238095,0.11904761904761907,32,32
92,43.37920697490936,1.6372816083151283,legacy67,minmax,0.6638095238095238,0.8095238095238095,0.14571428571428569,0.9733333333333334,1.0,0.026666666666666616,0.6904761904761905,0.8095238095238095,0.11904761904761907,32,32
92,48.69640941520897,1.6874969400924673,legacy67,minmax,0.6638095238095238,0.8095238095238095,0.14571428571428569,0.9733333333333334,1.0,0.026666666666666616,0.6904761904761905,0.8095238095238095,0.11904761904761907,32,32
92,57.279044707996185,1.7579957662567565,legacy67,minmax,0.6638095238095238,0.8095238095238095,0.14571428571428569,0.9733333333333334,1.0,0.026666666666666616,0.6904761904761905,0.8095238095238095,0.11904761904761907,32,32
92,62.45139574743064,1.795542149013333,legacy67,minmax,0.6638095238095238,0.8095238095238095,0.14571428571428569,0.9733333333333334,1.0,0.026666666666666616,0.6904761904761905,0.8095238095238095,0.11904761904761907,32,32
92,63.512210106406926,1.8028572256396647,legacy67,minmax,0.6638095238095238,0.8095238095238095,0.14571428571428569,0.9733333333333334,1.0,0.026666666666666616,0.6904761904761905,0.8095238095238095,0.11904761904761907,32,32
92,72.86653737491037,1.8625281322982374,legacy67,minmax,0.6638095238095238,0.8095238095238095,0.14571428571428569,0.9733333333333334,1.0,0.026666666666666616,0.6904761904761905,0.8095238095238095,0.11904761904761907,32,32
92,75.56810141274423,1.8783385110582342,legacy67,minmax,0.6638095238095238,0.8095238095238095,0.14571428571428569,0.9733333333333334,1.0,0.026666666666666616,0.6904761904761905,0.8095238095238095,0.11904761904761907,32,32
92,75.79479953347995,1.8796394086479773,legacy67,minmax,0.6638095238095238,0.8095238095238095,0.14571428571428569,0.9733333333333334,1.0,0.026666666666666616,0.6904761904761905,0.8095238095238095,0.11904761904761907,32,32
92,88.62326508576248,1.9475477464020692,legacy67,minmax,0.6638095238095238,0.8095238095238095,0.14571428571428569,0.9733333333333334,1.0,0.026666666666666616,0.6904761904761905,0.8095238095238095,0.11904761904761907,31,32
93,0.010521761868451128,-1.9779115315055904,legacy67,minmax,0.0,0.0,0.0,1.0,1.0,0.0,0.0,0.0,0.0,0,0
93,0.012087541473056955,-1.9176620228167902,legacy67,minmax,0.0,0.0,0.0,1.0,1.0,0.0,0.0,0.0,0.0,0,0
93,0.01263794633808287,-1.8983234930236192,legacy67,minmax,0.0,0.0,0.0,1.0,1.0,0.0,0.0,0.0,0.0,0,0
93,0.013726318898045865,-1.8624459155391264,legacy67,minmax,0.0,0.0,0.0,1.0,1.0,0.0,0.0,0.0,0.0,0,0
93,0.0151673306880762,-1.8190908443578477,legacy67,minmax,0.0,0.0,0.0,1.0,1.0,0.0,0.0,0.0,0.0,0,0
93,0.015339162591163618,-1.814198349120009,legacy67,minmax,0.0,0.0,0.0,1.0,1.0,0.0,0.0,0.0,0.0,0,0
93,0.017073967431528118,-1.7676655513272022,legacy67,minmax,0.0,0.0,0.0,1.0,1.0,0.0,0.0,0.0,0.0,1,1
93,0.017956984225677628,-1.7457665988559055,legacy67,minmax,0.0,0.0,0.0,1.0,1.0,0.0,0.0,0.0,0.0,1,1
93,0.018205657658407252,-1.739793628058882,legacy67,minmax,0.0,0.0,0.0,1.0,1.0,0.0,0.0,0.0,0.0,1,1
93,0.019777828512462715,-1.7038213930636386,legacy67,minmax,0.0,0.0,0.0,1.0,1.0,0.0,0.0,0.0,0.0,2,1
93,0.01987021538542862,-1.7017974252809167,legacy67,minmax,0.0,0.0,0.0,1.0,1.0,0.0,0.0,0.0,0.0,2,1
93,0.022592797420156945,-1.646029991792322,legacy67,minmax,0.16666666666666674,0.4761904761904763,0.30952380952380953,1.0,1.0,0.0,0.16666666666666666,0.47619047619047616,0.30952380952380953,3,1
93,0.024586032763280048,-1.6093115439744645,legacy67,minmax,0.26190476190476186,0.4761904761904763,0.2142857142857144,1.0,1.0,0.0,0.2619047619047619,0.47619047619047616,0.21428571428571425,3,1
93,0.027012557725439066,-1.5684342920267822,legacy67,minmax,0.4285714285714286,0.4761904761904763,0.04761904761904767,1.0,1.0,0.0,0.42857142857142855,0.47619047619047616,0.047619047619047616,3,1
93,0.029072088906598435,-1.5365237618994811,legacy67,minmax,0.45238095238095233,0.4761904761904763,0.023809523809523947,1.0,1.0,0.0,0.4523809523809524,0.47619047619047616,0.02380952380952378,3,1
93,0.030086868214458433,-1.5216230162467932,legacy67,minmax,0.5,0.4761904761904763,-0.023809523809523725,1.0,1.0,0.0,0.5,0.47619047619047616,-0.023809523809523836,3,1
93,0.030771802712506853,-1.5118470606208847,legacy67,minmax,0.5714285714285714,0.4761904761904763,-0.09523809523809512,1.0,1.0,0.0,0.5714285714285714,0.47619047619047616,-0.09523809523809523,3,1
93,0.036138942712165265,-1.4420245573918327,legacy67,minmax,0.5952380952380953,0.4761904761904763,-0.11904761904761907,1.0,1.0,0.0,0.5952380952380952,0.47619047619047616,-0.11904761904761907,4,1
93,0.03661819220392428,-1.4363031001009494,legacy67,minmax,0.5952380952380953,0.4761904761904763,-0.11904761904761907,1.0,1.0,0.0,0.5952380952380952,0.47619047619047616,-0.11904761904761907,4,2
93,0.04207053950287936,-1.3760219186551894,legacy67,minmax,0.6666666666666665,0.4761904761904763,-0.19047619047619024,1.0,1.0,0.0,0.6666666666666666,0.47619047619047616,-0.19047619047619047,4,2
93,0.04207988669606635,-1.375925438230254,legacy67,minmax,0.6666666666666665,0.4761904761904763,-0.19047619047619024,1.0,1.0,0.0,0.6666666666666666,0.47619047619047616,-0.19047619047619047,4,2
93,0.04809461967501572,-1.3179035052508339,legacy67,minmax,0.6904761904761905,0.4761904761904763,-0.2142857142857142,1.0,1.0,0.0,0.6904761904761905,0.47619047619047616,-0.2142857142857143,4,4
93,0.05337032762603955,-1.2727001311715975,legacy67,minmax,0.7142857142857144,0.4761904761904763,-0.23809523809523814,1.0,1.0,0.0,0.7142857142857143,0.47619047619047616,-0.23809523809523814,4,4
93,0.05415244119402536,-1.2663819605862647,legacy67,minmax,0.7142857142857144,0.4761904761904763,-0.23809523809523814,1.0,1.0,0.0,0.7142857142857143,0.47619047619047616,-0.23809523809523814,4,5
93,0.05488047000766042,-1.2605821778978918,legacy67,minmax,0.7142857142857144,0.4761904761904763,-0.23809523809523814,1.0,1.0,0.0,0.7142857142857143,0.47619047619047616,-0.23809523809523814,4,5
93,0.060803901902965994,-1.2160685503234192,legacy67,minmax,0.6666666666666665,0.4761904761904763,-0.19047619047619024,1.0,1.0,0.0,0.6666666666666666,0.47619047619047616,-0.19047619047619047,5,5
93,0.06235377135673155,-1.2051372738633104,legacy67,minmax,0.6666666666666665,0.5,-0.16666666666666652,1.0,1.0,0.0,0.6666666666666666,0.5,-0.16666666666666663,5,5
93,0.06290644294586147,-1.201304871366561,legacy67,minmax,0.6666666666666665,0.5,-0.16666666666666652,1.0,1.0,0.0,0.6666666666666666,0.5,-0.16666666666666663,5,5
93,0.07068974950624601,-1.1506435572868954,legacy67,minmax,0.7142857142857144,0.5819047619047619,-0.1323809523809525,1.0,0.9866666666666667,-0.013333333333333308,0.7142857142857143,0.5952380952380952,-0.11904761904761907,7,5
93,0.10842262717330158,-0.9648800735999323,legacy67,minmax,0.7114285714285715,0.677142857142857,-0.034285714285714475,0.9733333333333334,0.9866666666666667,0.013333333333333308,0.7380952380952381,0.6904761904761905,-0.04761904761904767,8,7
93,0.12172958098369964,-0.9146038729044164,legacy67,minmax,0.7114285714285715,0.677142857142857,-0.034285714285714475,0.9733333333333334,0.9866666666666667,0.013333333333333308,0.7380952380952381,0.6904761904761905,-0.04761904761904767,8,7
93,0.1329652145729951,-0.876261961250477,legacy67,minmax,0.6980952380952381,0.677142857142857,-0.020952380952381056,0.96,0.9866666666666667,0.026666666666666727,0.7380952380952381,0.6904761904761905,-0.04761904761904767,9,7
93,0.14618962793704957,-0.8350834392078323,legacy67,minmax,0.6980952380952381,0.7247619047619049,0.02666666666666684,0.96,0.9866666666666667,0.026666666666666727,0.7380952380952381,0.7380952380952381,0.0,11,8
93,0.14742753159914665,-0.8314214058591274,legacy67,minmax,0.6980952380952381,0.7247619047619049,0.02666666666666684,0.96,0.9866666666666667,0.026666666666666727,0.7380952380952381,0.7380952380952381,0.0,11,8
93,0.16480446427978968,-0.7830310281618491,legacy67,minmax,0.7219047619047618,0.7247619047619049,0.0028571428571431134,0.96,0.9866666666666667,0.026666666666666727,0.7619047619047619,0.7380952380952381,-0.023809523809523725,13,8
93,0.16536937182824418,-0.7815449233065173,legacy67,minmax,0.7219047619047618,0.7247619047619049,0.0028571428571431134,0.96,0.9866666666666667,0.026666666666666727,0.7619047619047619,0.7380952380952381,-0.023809523809523725,13,8
93,0.1753594952976441,-0.7560707131373512,legacy67,minmax,0.7352380952380952,0.7247619047619049,-0.010476190476190306,0.9733333333333334,0.9866666666666667,0.013333333333333308,0.7619047619047619,0.7380952380952381,-0.023809523809523725,14,8
93,0.17654048052495064,-0.7531556956423562,legacy67,minmax,0.7352380952380952,0.7247619047619049,-0.010476190476190306,0.9733333333333334,0.9866666666666667,0.013333333333333308,0.7619047619047619,0.7380952380952381,-0.023809523809523725,14,8
93,0.1998634077852887,-0.6992667118930118,legacy67,minmax,0.7352380952380952,0.7247619047619049,-0.010476190476190306,0.9733333333333334,0.9866666666666667,0.013333333333333308,0.7619047619047619,0.7380952380952381,-0.023809523809523725,15,8
93,0.2001342062287997,-0.6986786769469426,legacy67,minmax,0.7352380952380952,0.7247619047619049,-0.010476190476190306,0.9733333333333334,0.9866666666666667,0.013333333333333308,0.7619047619047619,0.7380952380952381,-0.023809523809523725,15,8
93,0.21066486017042194,-0.6764079005894033,legacy67,minmax,0.7352380952380952,0.7723809523809524,0.037142857142857144,0.9733333333333334,0.9866666666666667,0.013333333333333308,0.7619047619047619,0.7857142857142857,0.023809523809523836,15,8
93,0.2673088310781669,-0.5729866932256429,legacy67,minmax,0.7114285714285715,0.7723809523809524,0.06095238095238087,0.9733333333333334,0.9866666666666667,0.013333333333333308,0.7380952380952381,0.7857142857142857,0.04761904761904756,17,8
93,0.2715581955282939,-0.5661370858229096,legacy67,minmax,0.7114285714285715,0.7723809523809524,0.06095238095238087,0.9733333333333334,0.9866666666666667,0.013333333333333308,0.7380952380952381,0.7857142857142857,0.04761904761904756,17,8
93,0.292043384718141,-0.5345526268252332,legacy67,minmax,0.7114285714285715,0.7961904761904761,0.0847619047619046,0.9733333333333334,0.9866666666666667,0.013333333333333308,0.7380952380952381,0.8095238095238095,0.0714285714285714,18,8
93,0.314891164795686,-0.50183952461055,legacy67,minmax,0.7114285714285715,0.7961904761904761,0.0847619047619046,0.9733333333333334,0.9866666666666667,0.013333333333333308,0.7380952380952381,0.8095238095238095,0.0714285714285714,20,8
93,0.35868164986275475,-0.44529084124207197,legacy67,minmax,0.7114285714285715,0.8676190476190477,0.1561904761904762,0.9733333333333334,0.9866666666666667,0.013333333333333308,0.7380952380952381,0.8809523809523809,0.1428571428571428,21,8
93,0.5130551760589832,-0.2898359265658015,legacy67,minmax,0.7219047619047618,0.8676190476190477,0.1457142857142859,0.96,0.9866666666666667,0.026666666666666727,0.7619047619047619,0.8809523809523809,0.11904761904761907,23,8
93,0.5342937261279772,-0.27221992543153695,legacy67,minmax,0.7219047619047618,0.8676190476190477,0.1457142857142859,0.96,0.9866666666666667,0.026666666666666727,0.7619047619047619,0.8809523809523809,0.11904761904761907,23,8
93,0.5762487216478598,-0.23939002504159476,legacy67,minmax,0.7457142857142856,0.8676190476190477,0.12190476190476218,0.96,0.9866666666666667,0.026666666666666727,0.7857142857142857,0.8809523809523809,0.09523809523809523,23,8
93,0.6672367170464204,-0.17572006313185626,legacy67,minmax,0.7695238095238095,0.8676190476190477,0.09809523809523824,0.96,0.9866666666666667,0.026666666666666727,0.8095238095238095,0.8809523809523809,0.0714285714285714,24,8
93,0.7742116473996242,-0.1111402993522028,legacy67,minmax,0.7695238095238095,0.8676190476190477,0.09809523809523824,0.96,0.9866666666666667,0.026666666666666727,0.8095238095238095,0.8809523809523809,0.0714285714285714,25,8
93,0.9444574254983555,-0.02481761454243703,legacy67,minmax,0.7695238095238095,0.8780952380952383,0.10857142857142876,0.96,0.9733333333333334,0.01333333333333342,0.8095238095238095,0.9047619047619048,0.09523809523809523,25,9
93,0.9565499215943818,-0.019292359554919238,legacy67,minmax,0.7695238095238095,0.8780952380952383,0.10857142857142876,0.96,0.9733333333333334,0.01333333333333342,0.8095238095238095,0.9047619047619048,0.09523809523809523,25,9
93,1.1400863701127315,0.0569377536544464,legacy67,minmax,0.7695238095238095,0.8780952380952383,0.10857142857142876,0.96,0.9733333333333334,0.01333333333333342,0.8095238095238095,0.9047619047619048,0.09523809523809523,25,9
93,1.2030178871154662,0.08027208471124325,legacy67,minmax,0.7695238095238095,0.8780952380952383,0.10857142857142876,0.96,0.9733333333333334,0.01333333333333342,0.8095238095238095,0.9047619047619048,0.09523809523809523,26,9
93,1.2329098365270508,0.0909313175279762,legacy67,minmax,0.7695238095238095,0.8780952380952383,0.10857142857142876,0.96,0.9733333333333334,0.01333333333333342,0.8095238095238095,0.9047619047619048,0.09523809523809523,26,9
93,1.2561043700013554,0.09902572652895136,legacy67,minmax,0.7695238095238095,0.8780952380952383,0.10857142857142876,0.96,0.9733333333333334,0.01333333333333342,0.8095238095238095,0.9047619047619048,0.09523809523809523,26,9
93,1.4817820606039076,0.17078433263299386,legacy67,minmax,0.7561904761904761,0.8780952380952383,0.12190476190476218,0.9466666666666667,0.9733333333333334,0.026666666666666727,0.8095238095238095,0.9047619047619048,0.09523809523809523,28,9
93,1.5375920235481748,0.1868411173731186,legacy67,minmax,0.7561904761904761,0.8780952380952383,0.12190476190476218,0.9466666666666667,0.9733333333333334,0.026666666666666727,0.8095238095238095,0.9047619047619048,0.09523809523809523,28,9
93,1.7583640270008503,0.24510879027798493,legacy67,minmax,0.7561904761904761,0.8780952380952383,0.12190476190476218,0.9466666666666667,0.9733333333333334,0.026666666666666727,0.8095238095238095,0.9047619047619048,0.09523809523809523,28,9
93,2.34238498471129,0.36965827544816987,legacy67,minmax,0.7561904761904761,0.8780952380952383,0.12190476190476218,0.9466666666666667,0.9733333333333334,0.026666666666666727,0.8095238095238095,0.9047619047619048,0.09523809523809523,27,9
93,2.4637685958997446,0.39159991524434057,legacy67,minmax,0.7561904761904761,0.8780952380952383,0.12190476190476218,0.9466666666666667,0.9733333333333334,0.026666666666666727,0.8095238095238095,0.9047619047619048,0.09523809523809523,27,9
93,2.4810409748678097,0.3946339367881464,legacy67,minmax,0.7561904761904761,0.8780952380952383,0.12190476190476218,0.9466666666666667,0.9733333333333334,0.026666666666666727,0.8095238095238095,0.9047619047619048,0.09523809523809523,27,9
93,2.5378155082656626,0.40446004697283516,legacy67,minmax,0.7561904761904761,0.8780952380952383,0.12190476190476218,0.9466666666666667,0.9733333333333334,0.026666666666666727,0.8095238095238095,0.9047619047619048,0.09523809523809523,27,9
93,2.692646910086177,0.43017940760575346,legacy67,minmax,0.7428571428571429,0.8780952380952383,0.13523809523809538,0.9333333333333333,0.9733333333333334,0.040000000000000036,0.8095238095238095,0.9047619047619048,0.09523809523809523,29,9
93,2.801635158716258,0.4474115788895179,legacy67,minmax,0.7428571428571429,0.8780952380952383,0.13523809523809538,0.9333333333333333,0.9733333333333334,0.040000000000000036,0.8095238095238095,0.9047619047619048,0.09523809523809523,29,9
93,3.113095956122122,0.4931925073102317,legacy67,minmax,0.7428571428571429,0.8780952380952383,0.13523809523809538,0.9333333333333333,0.9733333333333334,0.040000000000000036,0.8095238095238095,0.9047619047619048,0.09523809523809523,29,9
93,3.550012525851159,0.5502298854208525,legacy67,minmax,0.7428571428571429,0.8780952380952383,0.13523809523809538,0.9333333333333333,0.9733333333333334,0.040000000000000036,0.8095238095238095,0.9047619047619048,0.09523809523809523,29,9
93,4.467752817973904,0.6500891374159279,legacy67,minmax,0.7428571428571429,0.8780952380952383,0.13523809523809538,0.9333333333333333,0.9733333333333334,0.040000000000000036,0.8095238095238095,0.9047619047619048,0.09523809523809523,29,9
93,5.456725485601473,0.7369321060486276,legacy67,minmax,0.7428571428571429,0.8780952380952383,0.13523809523809538,0.9333333333333333,0.9733333333333334,0.040000000000000036,0.8095238095238095,0.9047619047619048,0.09523809523809523,30,9
93,6.72093005015611,0.8274293753904685,legacy67,minmax,0.7190476190476192,0.8780952380952383,0.1590476190476191,0.9333333333333333,0.9733333333333334,0.040000000000000036,0.7857142857142857,0.9047619047619048,0.11904761904761907,31,29
93,6.7965780907581514,0.832290311184182,legacy67,minmax,0.7190476190476192,0.8780952380952383,0.1590476190476191,0.9333333333333333,0.9733333333333334,0.040000000000000036,0.7857142857142857,0.9047619047619048,0.11904761904761907,31,29
93,7.128188058401357,0.85297914889198,legacy67,minmax,0.7190476190476192,0.8780952380952383,0.1590476190476191,0.9333333333333333,0.9733333333333334,0.040000000000000036,0.7857142857142857,0.9047619047619048,0.11904761904761907,31,29
93,8.241925264876443,0.9160286721639492,legacy67,minmax,0.7190476190476192,0.8780952380952383,0.1590476190476191,0.9333333333333333,0.9733333333333334,0.040000000000000036,0.7857142857142857,0.9047619047619048,0.11904761904761907,31,29
93,8.287522363768153,0.9184247133522563,legacy67,minmax,0.7190476190476192,0.8780952380952383,0.1590476190476191,0.9333333333333333,0.9733333333333334,0.040000000000000036,0.7857142857142857,0.9047619047619048,0.11904761904761907,31,29
93,8.471801418819974,0.9279757672456204,legacy67,minmax,0.7190476190476192,0.8780952380952383,0.1590476190476191,0.9333333333333333,0.9733333333333334,0.040000000000000036,0.7857142857142857,0.9047619047619048,0.11904761904761907,31,29
93,11.044350847124681,1.0431401944675898,legacy67,minmax,0.7057142857142857,0.8780952380952383,0.17238095238095252,0.92,0.9733333333333334,0.053333333333333344,0.7857142857142857,0.9047619047619048,0.11904761904761907,31,29
93,12.130221181165155,1.083868719818244,legacy67,minmax,0.7057142857142857,0.8780952380952383,0.17238095238095252,0.92,0.9733333333333334,0.053333333333333344,0.7857142857142857,0.9047619047619048,0.11904761904761907,31,29
93,12.164139351417056,1.085081386743783,legacy67,minmax,0.7057142857142857,0.8780952380952383,0.17238095238095252,0.92,0.9733333333333334,0.053333333333333344,0.7857142857142857,0.9047619047619048,0.11904761904761907,31,29
93,12.273800987852958,1.0889790771866297,legacy67,minmax,0.7057142857142857,0.8780952380952383,0.17238095238095252,0.92,0.9733333333333334,0.053333333333333344,0.7857142857142857,0.9047619047619048,0.11904761904761907,31,29
93,12.604664585649452,1.1005312934444582,legacy67,minmax,0.7057142857142857,0.8780952380952383,0.17238095238095252,0.92,0.9733333333333334,0.053333333333333344,0.7857142857142857,0.9047619047619048,0.11904761904761907,31,29
93,13.826232179369853,1.1407038455720544,legacy67,minmax,0.7057142857142857,0.8780952380952383,0.17238095238095252,0.92,0.9733333333333334,0.053333333333333344,0.7857142857142857,0.9047619047619048,0.11904761904761907,31,29
93,16.172900811143133,1.2087879230161587,legacy67,minmax,0.7057142857142857,0.8780952380952383,0.17238095238095252,0.92,0.9733333333333334,0.053333333333333344,0.7857142857142857,0.9047619047619048,0.11904761904761907,32,29
93,17.123375973163967,1.2335893924658445,legacy67,minmax,0.7057142857142857,0.8780952380952383,0.17238095238095252,0.92,0.9733333333333334,0.053333333333333344,0.7857142857142857,0.9047619047619048,0.11904761904761907,32,29
93,18.274508859816006,1.2618457138193366,legacy67,minmax,0.7057142857142857,0.8780952380952383,0.17238095238095252,0.92,0.9733333333333334,0.053333333333333344,0.7857142857142857,0.9047619047619048,0.11904761904761907,32,29
93,20.65142557895924,1.3149500366077174,legacy67,minmax,0.7057142857142857,0.8780952380952383,0.17238095238095252,0.92,0.9733333333333334,0.053333333333333344,0.7857142857142857,0.9047619047619048,0.11904761904761907,32,29
93,21.36832907235874,1.329770563201687,legacy67,minmax,0.7057142857142857,0.8780952380952383,0.17238095238095252,0.92,0.9733333333333334,0.053333333333333344,0.7857142857142857,0.9047619047619048,0.11904761904761907,32,29
93,28.340904295147727,1.452413703502374,legacy67,minmax,0.7057142857142857,0.8780952380952383,0.17238095238095252,0.92,0.9733333333333334,0.053333333333333344,0.7857142857142857,0.9047619047619048,0.11904761904761907,33,29
93,29.154431891537524,1.4647045830997407,legacy67,minmax,0.7057142857142857,0.8780952380952383,0.17238095238095252,0.92,0.9733333333333334,0.053333333333333344,0.7857142857142857,0.9047619047619048,0.11904761904761907,33,29
93,35.387588647792384,1.5488509703053062,legacy67,minmax,0.7057142857142857,0.8780952380952383,0.17238095238095252,0.92,0.9733333333333334,0.053333333333333344,0.7857142857142857,0.9047619047619048,0.11904761904761907,33,30
93,37.95853142670639,1.5793094017105953,legacy67,minmax,0.7057142857142857,0.8780952380952383,0.17238095238095252,0.92,0.9733333333333334,0.053333333333333344,0.7857142857142857,0.9047619047619048,0.11904761904761907,33,30
93,43.37920697490936,1.6372816083151283,legacy67,minmax,0.7057142857142857,0.8780952380952383,0.17238095238095252,0.92,0.9733333333333334,0.053333333333333344,0.7857142857142857,0.9047619047619048,0.11904761904761907,33,30
93,48.69640941520897,1.6874969400924673,legacy67,minmax,0.7057142857142857,0.8647619047619046,0.15904761904761888,0.92,0.96,0.039999999999999925,0.7857142857142857,0.9047619047619048,0.11904761904761907,33,30
93,57.279044707996185,1.7579957662567565,legacy67,minmax,0.7057142857142857,0.8647619047619046,0.15904761904761888,0.92,0.96,0.039999999999999925,0.7857142857142857,0.9047619047619048,0.11904761904761907,33,30
93,62.45139574743064,1.795542149013333,legacy67,minmax,0.7057142857142857,0.8647619047619046,0.15904761904761888,0.92,0.96,0.039999999999999925,0.7857142857142857,0.9047619047619048,0.11904761904761907,33,30
93,63.512210106406926,1.8028572256396647,legacy67,minmax,0.7057142857142857,0.8647619047619046,0.15904761904761888,0.92,0.96,0.039999999999999925,0.7857142857142857,0.9047619047619048,0.11904761904761907,33,30
93,72.86653737491037,1.8625281322982374,legacy67,minmax,0.7057142857142857,0.8647619047619046,0.15904761904761888,0.92,0.96,0.039999999999999925,0.7857142857142857,0.9047619047619048,0.11904761904761907,33,30
93,75.56810141274423,1.8783385110582342,legacy67,minmax,0.7057142857142857,0.8647619047619046,0.15904761904761888,0.92,0.96,0.039999999999999925,0.7857142857142857,0.9047619047619048,0.11904761904761907,33,30
93,75.79479953347995,1.8796394086479773,legacy67,minmax,0.7057142857142857,0.8647619047619046,0.15904761904761888,0.92,0.96,0.039999999999999925,0.7857142857142857,0.9047619047619048,0.11904761904761907,33,30
93,88.62326508576248,1.9475477464020692,legacy67,minmax,0.7057142857142857,0.8647619047619046,0.15904761904761888,0.92,0.96,0.039999999999999925,0.7857142857142857,0.9047619047619048,0.11904761904761907,33,31
94,0.010521761868451128,-1.9779115315055904,legacy67,minmax,0.0,0.0,0.0,1.0,1.0,0.0,0.0,0.0,0.0,0,0
94,0.012087541473056955,-1.9176620228167902,legacy67,minmax,0.0,0.0,0.0,1.0,1.0,0.0,0.0,0.0,0.0,0,0
94,0.01263794633808287,-1.8983234930236192,legacy67,minmax,0.0,0.0,0.0,1.0,1.0,0.0,0.0,0.0,0.0,0,0
94,0.013726318898045865,-1.8624459155391264,legacy67,minmax,0.0,0.0,0.0,1.0,1.0,0.0,0.0,0.0,0.0,0,0
94,0.0151673306880762,-1.8190908443578477,legacy67,minmax,0.0,0.0,0.0,1.0,1.0,0.0,0.0,0.0,0.0,0,0
94,0.015339162591163618,-1.814198349120009,legacy67,minmax,0.0,0.0,0.0,1.0,1.0,0.0,0.0,0.0,0.0,0,0
94,0.017073967431528118,-1.7676655513272022,legacy67,minmax,0.0,0.0,0.0,1.0,1.0,0.0,0.0,0.0,0.0,2,1
94,0.017956984225677628,-1.7457665988559055,legacy67,minmax,0.0,0.0,0.0,1.0,1.0,0.0,0.0,0.0,0.0,2,1
94,0.018205657658407252,-1.739793628058882,legacy67,minmax,0.0,0.0,0.0,1.0,1.0,0.0,0.0,0.0,0.0,2,1
94,0.019777828512462715,-1.7038213930636386,legacy67,minmax,0.0714285714285714,0.0,-0.0714285714285714,1.0,1.0,0.0,0.07142857142857142,0.0,-0.07142857142857142,4,2
94,0.01987021538542862,-1.7017974252809167,legacy67,minmax,0.0714285714285714,0.0,-0.0714285714285714,1.0,1.0,0.0,0.07142857142857142,0.0,-0.07142857142857142,4,2
94,0.022592797420156945,-1.646029991792322,legacy67,minmax,0.2142857142857142,0.32000000000000006,0.10571428571428587,1.0,0.9866666666666667,-0.013333333333333308,0.21428571428571427,0.3333333333333333,0.11904761904761904,4,2
94,0.024586032763280048,-1.6093115439744645,legacy67,minmax,0.2142857142857142,0.32000000000000006,0.10571428571428587,1.0,0.9866666666666667,-0.013333333333333308,0.21428571428571427,0.3333333333333333,0.11904761904761904,4,2
94,0.027012557725439066,-1.5684342920267822,legacy67,minmax,0.30952380952380953,0.3647619047619046,0.055238095238095086,1.0,0.96,-0.040000000000000036,0.30952380952380953,0.40476190476190477,0.09523809523809523,4,3
94,0.029072088906598435,-1.5365237618994811,legacy67,minmax,0.45238095238095233,0.3647619047619046,-0.08761904761904771,1.0,0.96,-0.040000000000000036,0.4523809523809524,0.40476190476190477,-0.047619047619047616,4,3
94,0.030086868214458433,-1.5216230162467932,legacy67,minmax,0.45238095238095233,0.3647619047619046,-0.08761904761904771,1.0,0.96,-0.040000000000000036,0.4523809523809524,0.40476190476190477,-0.047619047619047616,4,3
94,0.030771802712506853,-1.5118470606208847,legacy67,minmax,0.4761904761904763,0.3647619047619046,-0.11142857142857165,1.0,0.96,-0.040000000000000036,0.47619047619047616,0.40476190476190477,-0.0714285714285714,4,3
94,0.036138942712165265,-1.4420245573918327,legacy67,minmax,0.5104761904761905,0.5076190476190476,-0.0028571428571428914,0.9866666666666667,0.96,-0.026666666666666727,0.5238095238095238,0.5476190476190477,0.023809523809523836,4,3
94,0.03661819220392428,-1.4363031001009494,legacy67,minmax,0.5104761904761905,0.5076190476190476,-0.0028571428571428914,0.9866666666666667,0.96,-0.026666666666666727,0.5238095238095238,0.5476190476190477,0.023809523809523836,4,3
94,0.04207053950287936,-1.3760219186551894,legacy67,minmax,0.5104761904761905,0.5076190476190476,-0.0028571428571428914,0.9866666666666667,0.96,-0.026666666666666727,0.5238095238095238,0.5476190476190477,0.023809523809523836,4,3
94,0.04207988669606635,-1.375925438230254,legacy67,minmax,0.5104761904761905,0.5076190476190476,-0.0028571428571428914,0.9866666666666667,0.96,-0.026666666666666727,0.5238095238095238,0.5476190476190477,0.023809523809523836,4,3
94,0.04809461967501572,-1.3179035052508339,legacy67,minmax,0.5104761904761905,0.5076190476190476,-0.0028571428571428914,0.9866666666666667,0.96,-0.026666666666666727,0.5238095238095238,0.5476190476190477,0.023809523809523836,5,3
94,0.05337032762603955,-1.2727001311715975,legacy67,minmax,0.49714285714285733,0.5076190476190476,0.010476190476190306,0.9733333333333334,0.96,-0.01333333333333342,0.5238095238095238,0.5476190476190477,0.023809523809523836,5,4
94,0.05415244119402536,-1.2663819605862647,legacy67,minmax,0.49714285714285733,0.5076190476190476,0.010476190476190306,0.9733333333333334,0.96,-0.01333333333333342,0.5238095238095238,0.5476190476190477,0.023809523809523836,5,4
94,0.05488047000766042,-1.2605821778978918,legacy67,minmax,0.49714285714285733,0.5076190476190476,0.010476190476190306,0.9733333333333334,0.96,-0.01333333333333342,0.5238095238095238,0.5476190476190477,0.023809523809523836,5,4
94,0.060803901902965994,-1.2160685503234192,legacy67,minmax,0.4942857142857142,0.5076190476190476,0.01333333333333342,0.9466666666666667,0.96,0.013333333333333308,0.5476190476190477,0.5476190476190477,0.0,5,4
94,0.06235377135673155,-1.2051372738633104,legacy67,minmax,0.4942857142857142,0.5552380952380953,0.06095238095238109,0.9466666666666667,0.96,0.013333333333333308,0.5476190476190477,0.5952380952380952,0.04761904761904756,5,4
94,0.06290644294586147,-1.201304871366561,legacy67,minmax,0.4942857142857142,0.5552380952380953,0.06095238095238109,0.9466666666666667,0.96,0.013333333333333308,0.5476190476190477,0.5952380952380952,0.04761904761904756,5,4
94,0.07068974950624601,-1.1506435572868954,legacy67,minmax,0.5657142857142858,0.5819047619047619,0.01619047619047609,0.9466666666666667,0.9866666666666667,0.040000000000000036,0.6190476190476191,0.5952380952380952,-0.023809523809523836,7,5
94,0.10842262717330158,-0.9648800735999323,legacy67,minmax,0.5657142857142858,0.677142857142857,0.11142857142857121,0.9466666666666667,0.9866666666666667,0.040000000000000036,0.6190476190476191,0.6904761904761905,0.0714285714285714,8,8
94,0.12172958098369964,-0.9146038729044164,legacy67,minmax,0.5657142857142858,0.677142857142857,0.11142857142857121,0.9466666666666667,0.9866666666666667,0.040000000000000036,0.6190476190476191,0.6904761904761905,0.0714285714285714,8,8
94,0.1329652145729951,-0.876261961250477,legacy67,minmax,0.5657142857142858,0.677142857142857,0.11142857142857121,0.9466666666666667,0.9866666666666667,0.040000000000000036,0.6190476190476191,0.6904761904761905,0.0714285714285714,9,8
94,0.14618962793704957,-0.8350834392078323,legacy67,minmax,0.5657142857142858,0.7114285714285715,0.14571428571428569,0.9466666666666667,0.9733333333333334,0.026666666666666727,0.6190476190476191,0.7380952380952381,0.11904761904761907,10,8
94,0.14742753159914665,-0.8314214058591274,legacy67,minmax,0.5657142857142858,0.7114285714285715,0.14571428571428569,0.9466666666666667,0.9733333333333334,0.026666666666666727,0.6190476190476191,0.7380952380952381,0.11904761904761907,10,8
94,0.16480446427978968,-0.7830310281618491,legacy67,minmax,0.5657142857142858,0.7352380952380952,0.1695238095238094,0.9466666666666667,0.9733333333333334,0.026666666666666727,0.6190476190476191,0.7619047619047619,0.1428571428571428,12,8
94,0.16536937182824418,-0.7815449233065173,legacy67,minmax,0.5657142857142858,0.7352380952380952,0.1695238095238094,0.9466666666666667,0.9733333333333334,0.026666666666666727,0.6190476190476191,0.7619047619047619,0.1428571428571428,12,8
94,0.1753594952976441,-0.7560707131373512,legacy67,minmax,0.5657142857142858,0.7352380952380952,0.1695238095238094,0.9466666666666667,0.9733333333333334,0.026666666666666727,0.6190476190476191,0.7619047619047619,0.1428571428571428,12,8
94,0.17654048052495064,-0.7531556956423562,legacy67,minmax,0.5657142857142858,0.7352380952380952,0.1695238095238094,0.9466666666666667,0.9733333333333334,0.026666666666666727,0.6190476190476191,0.7619047619047619,0.1428571428571428,13,8
94,0.1998634077852887,-0.6992667118930118,legacy67,minmax,0.5657142857142858,0.7352380952380952,0.1695238095238094,0.9466666666666667,0.9733333333333334,0.026666666666666727,0.6190476190476191,0.7619047619047619,0.1428571428571428,14,8
94,0.2001342062287997,-0.6986786769469426,legacy67,minmax,0.5657142857142858,0.7352380952380952,0.1695238095238094,0.9466666666666667,0.9733333333333334,0.026666666666666727,0.6190476190476191,0.7619047619047619,0.1428571428571428,14,8
94,0.21066486017042194,-0.6764079005894033,legacy67,minmax,0.5657142857142858,0.7590476190476192,0.19333333333333336,0.9466666666666667,0.9733333333333334,0.026666666666666727,0.6190476190476191,0.7857142857142857,0.16666666666666663,14,8
94,0.2673088310781669,-0.5729866932256429,legacy67,minmax,0.5657142857142858,0.7828571428571429,0.21714285714285708,0.9466666666666667,0.9733333333333334,0.026666666666666727,0.6190476190476191,0.8095238095238095,0.19047619047619047,16,8
94,0.2715581955282939,-0.5661370858229096,legacy67,minmax,0.5657142857142858,0.7828571428571429,0.21714285714285708,0.9466666666666667,0.9733333333333334,0.026666666666666727,0.6190476190476191,0.8095238095238095,0.19047619047619047,17,8
94,0.292043384718141,-0.5345526268252332,legacy67,minmax,0.5523809523809524,0.7828571428571429,0.2304761904761905,0.9333333333333333,0.9733333333333334,0.040000000000000036,0.6190476190476191,0.8095238095238095,0.19047619047619047,18,8
94,0.314891164795686,-0.50183952461055,legacy67,minmax,0.5761904761904764,0.7828571428571429,0.20666666666666655,0.9333333333333333,0.9733333333333334,0.040000000000000036,0.6428571428571429,0.8095238095238095,0.16666666666666663,18,7
94,0.35868164986275475,-0.44529084124207197,legacy67,minmax,0.5761904761904764,0.7828571428571429,0.20666666666666655,0.9333333333333333,0.9733333333333334,0.040000000000000036,0.6428571428571429,0.8095238095238095,0.16666666666666663,18,7
94,0.5130551760589832,-0.2898359265658015,legacy67,minmax,0.6000000000000001,0.7828571428571429,0.18285714285714283,0.9333333333333333,0.9733333333333334,0.040000000000000036,0.6666666666666666,0.8095238095238095,0.1428571428571429,20,7
94,0.5342937261279772,-0.27221992543153695,legacy67,minmax,0.6000000000000001,0.7828571428571429,0.18285714285714283,0.9333333333333333,0.9733333333333334,0.040000000000000036,0.6666666666666666,0.8095238095238095,0.1428571428571429,20,7
94,0.5762487216478598,-0.23939002504159476,legacy67,minmax,0.6000000000000001,0.7828571428571429,0.18285714285714283,0.9333333333333333,0.9733333333333334,0.040000000000000036,0.6666666666666666,0.8095238095238095,0.1428571428571429,19,7
94,0.6672367170464204,-0.17572006313185626,legacy67,minmax,0.5523809523809524,0.7828571428571429,0.2304761904761905,0.9333333333333333,0.9733333333333334,0.040000000000000036,0.6190476190476191,0.8095238095238095,0.19047619047619047,21,7
94,0.7742116473996242,-0.1111402993522028,legacy67,minmax,0.6000000000000001,0.7828571428571429,0.18285714285714283,0.9333333333333333,0.9733333333333334,0.040000000000000036,0.6666666666666666,0.8095238095238095,0.1428571428571429,21,7
94,0.9444574254983555,-0.02481761454243703,legacy67,minmax,0.637142857142857,0.7561904761904761,0.11904761904761907,0.9466666666666667,0.9466666666666667,0.0,0.6904761904761905,0.8095238095238095,0.11904761904761907,26,7
94,0.9565499215943818,-0.019292359554919238,legacy67,minmax,0.637142857142857,0.7561904761904761,0.11904761904761907,0.9466666666666667,0.9466666666666667,0.0,0.6904761904761905,0.8095238095238095,0.11904761904761907,26,7
94,1.1400863701127315,0.0569377536544464,legacy67,minmax,0.637142857142857,0.7561904761904761,0.11904761904761907,0.9466666666666667,0.9466666666666667,0.0,0.6904761904761905,0.8095238095238095,0.11904761904761907,28,7
94,1.2030178871154662,0.08027208471124325,legacy67,minmax,0.637142857142857,0.7561904761904761,0.11904761904761907,0.9466666666666667,0.9466666666666667,0.0,0.6904761904761905,0.8095238095238095,0.11904761904761907,28,7
94,1.2329098365270508,0.0909313175279762,legacy67,minmax,0.637142857142857,0.7561904761904761,0.11904761904761907,0.9466666666666667,0.9466666666666667,0.0,0.6904761904761905,0.8095238095238095,0.11904761904761907,28,7
94,1.2561043700013554,0.09902572652895136,legacy67,minmax,0.637142857142857,0.7561904761904761,0.11904761904761907,0.9466666666666667,0.9466666666666667,0.0,0.6904761904761905,0.8095238095238095,0.11904761904761907,28,7
94,1.4817820606039076,0.17078433263299386,legacy67,minmax,0.6238095238095238,0.7561904761904761,0.13238095238095227,0.9333333333333333,0.9466666666666667,0.013333333333333308,0.6904761904761905,0.8095238095238095,0.11904761904761907,28,7
94,1.5375920235481748,0.1868411173731186,legacy67,minmax,0.6238095238095238,0.7561904761904761,0.13238095238095227,0.9333333333333333,0.9466666666666667,0.013333333333333308,0.6904761904761905,0.8095238095238095,0.11904761904761907,27,7
94,1.7583640270008503,0.24510879027798493,legacy67,minmax,0.6238095238095238,0.7561904761904761,0.13238095238095227,0.9333333333333333,0.9466666666666667,0.013333333333333308,0.6904761904761905,0.8095238095238095,0.11904761904761907,28,7
94,2.34238498471129,0.36965827544816987,legacy67,minmax,0.6952380952380952,0.7561904761904761,0.06095238095238087,0.9333333333333333,0.9466666666666667,0.013333333333333308,0.7619047619047619,0.8095238095238095,0.04761904761904767,29,7
94,2.4637685958997446,0.39159991524434057,legacy67,minmax,0.6952380952380952,0.7561904761904761,0.06095238095238087,0.9333333333333333,0.9466666666666667,0.013333333333333308,0.7619047619047619,0.8095238095238095,0.04761904761904767,29,7
94,2.4810409748678097,0.3946339367881464,legacy67,minmax,0.7190476190476192,0.7561904761904761,0.03714285714285692,0.9333333333333333,0.9466666666666667,0.013333333333333308,0.7857142857142857,0.8095238095238095,0.023809523809523836,29,7
94,2.5378155082656626,0.40446004697283516,legacy67,minmax,0.7190476190476192,0.7561904761904761,0.03714285714285692,0.9333333333333333,0.9466666666666667,0.013333333333333308,0.7857142857142857,0.8095238095238095,0.023809523809523836,30,7
94,2.692646910086177,0.43017940760575346,legacy67,minmax,0.7428571428571429,0.7561904761904761,0.013333333333333197,0.9333333333333333,0.9466666666666667,0.013333333333333308,0.8095238095238095,0.8095238095238095,0.0,30,7
94,2.801635158716258,0.4474115788895179,legacy67,minmax,0.7428571428571429,0.7561904761904761,0.013333333333333197,0.9333333333333333,0.9466666666666667,0.013333333333333308,0.8095238095238095,0.8095238095238095,0.0,30,7
94,3.113095956122122,0.4931925073102317,legacy67,minmax,0.7190476190476192,0.7561904761904761,0.03714285714285692,0.9333333333333333,0.9466666666666667,0.013333333333333308,0.7857142857142857,0.8095238095238095,0.023809523809523836,29,7
94,3.550012525851159,0.5502298854208525,legacy67,minmax,0.7190476190476192,0.7561904761904761,0.03714285714285692,0.9333333333333333,0.9466666666666667,0.013333333333333308,0.7857142857142857,0.8095238095238095,0.023809523809523836,30,7
94,4.467752817973904,0.6500891374159279,legacy67,minmax,0.7190476190476192,0.7561904761904761,0.03714285714285692,0.9333333333333333,0.9466666666666667,0.013333333333333308,0.7857142857142857,0.8095238095238095,0.023809523809523836,30,7
94,5.456725485601473,0.7369321060486276,legacy67,minmax,0.7190476190476192,0.7561904761904761,0.03714285714285692,0.9333333333333333,0.9466666666666667,0.013333333333333308,0.7857142857142857,0.8095238095238095,0.023809523809523836,30,7
94,6.72093005015611,0.8274293753904685,legacy67,minmax,0.7190476190476192,0.7561904761904761,0.03714285714285692,0.9333333333333333,0.9466666666666667,0.013333333333333308,0.7857142857142857,0.8095238095238095,0.023809523809523836,30,7
94,6.7965780907581514,0.832290311184182,legacy67,minmax,0.7190476190476192,0.7561904761904761,0.03714285714285692,0.9333333333333333,0.9466666666666667,0.013333333333333308,0.7857142857142857,0.8095238095238095,0.023809523809523836,30,7
94,7.128188058401357,0.85297914889198,legacy67,minmax,0.7190476190476192,0.7561904761904761,0.03714285714285692,0.9333333333333333,0.9466666666666667,0.013333333333333308,0.7857142857142857,0.8095238095238095,0.023809523809523836,30,8
94,8.241925264876443,0.9160286721639492,legacy67,minmax,0.7190476190476192,0.7561904761904761,0.03714285714285692,0.9333333333333333,0.9466666666666667,0.013333333333333308,0.7857142857142857,0.8095238095238095,0.023809523809523836,30,7
94,8.287522363768153,0.9184247133522563,legacy67,minmax,0.7190476190476192,0.7561904761904761,0.03714285714285692,0.9333333333333333,0.9466666666666667,0.013333333333333308,0.7857142857142857,0.8095238095238095,0.023809523809523836,30,7
94,8.471801418819974,0.9279757672456204,legacy67,minmax,0.7190476190476192,0.7561904761904761,0.03714285714285692,0.9333333333333333,0.9466666666666667,0.013333333333333308,0.7857142857142857,0.8095238095238095,0.023809523809523836,31,7
94,11.044350847124681,1.0431401944675898,legacy67,minmax,0.7190476190476192,0.7561904761904761,0.03714285714285692,0.9333333333333333,0.9466666666666667,0.013333333333333308,0.7857142857142857,0.8095238095238095,0.023809523809523836,32,25
94,12.130221181165155,1.083868719818244,legacy67,minmax,0.7190476190476192,0.7561904761904761,0.03714285714285692,0.9333333333333333,0.9466666666666667,0.013333333333333308,0.7857142857142857,0.8095238095238095,0.023809523809523836,32,25
94,12.164139351417056,1.085081386743783,legacy67,minmax,0.7190476190476192,0.7561904761904761,0.03714285714285692,0.9333333333333333,0.9466666666666667,0.013333333333333308,0.7857142857142857,0.8095238095238095,0.023809523809523836,32,25
94,12.273800987852958,1.0889790771866297,legacy67,minmax,0.7190476190476192,0.7561904761904761,0.03714285714285692,0.9333333333333333,0.9466666666666667,0.013333333333333308,0.7857142857142857,0.8095238095238095,0.023809523809523836,32,25
94,12.604664585649452,1.1005312934444582,legacy67,minmax,0.7190476190476192,0.7561904761904761,0.03714285714285692,0.9333333333333333,0.9466666666666667,0.013333333333333308,0.7857142857142857,0.8095238095238095,0.023809523809523836,32,25
94,13.826232179369853,1.1407038455720544,legacy67,minmax,0.7323809523809524,0.7561904761904761,0.023809523809523725,0.9466666666666667,0.9466666666666667,0.0,0.7857142857142857,0.8095238095238095,0.023809523809523836,32,25
94,16.172900811143133,1.2087879230161587,legacy67,minmax,0.7323809523809524,0.7561904761904761,0.023809523809523725,0.9466666666666667,0.9466666666666667,0.0,0.7857142857142857,0.8095238095238095,0.023809523809523836,32,26
94,17.123375973163967,1.2335893924658445,legacy67,minmax,0.7323809523809524,0.7561904761904761,0.023809523809523725,0.9466666666666667,0.9466666666666667,0.0,0.7857142857142857,0.8095238095238095,0.023809523809523836,32,26
94,18.274508859816006,1.2618457138193366,legacy67,minmax,0.7323809523809524,0.7561904761904761,0.023809523809523725,0.9466666666666667,0.9466666666666667,0.0,0.7857142857142857,0.8095238095238095,0.023809523809523836,32,27
94,20.65142557895924,1.3149500366077174,legacy67,minmax,0.7323809523809524,0.7561904761904761,0.023809523809523725,0.9466666666666667,0.9466666666666667,0.0,0.7857142857142857,0.8095238095238095,0.023809523809523836,32,27
94,21.36832907235874,1.329770563201687,legacy67,minmax,0.7323809523809524,0.7561904761904761,0.023809523809523725,0.9466666666666667,0.9466666666666667,0.0,0.7857142857142857,0.8095238095238095,0.023809523809523836,32,27
94,28.340904295147727,1.452413703502374,legacy67,minmax,0.7190476190476192,0.7561904761904761,0.03714285714285692,0.9333333333333333,0.9466666666666667,0.013333333333333308,0.7857142857142857,0.8095238095238095,0.023809523809523836,32,27
94,29.154431891537524,1.4647045830997407,legacy67,minmax,0.7190476190476192,0.7561904761904761,0.03714285714285692,0.9333333333333333,0.9466666666666667,0.013333333333333308,0.7857142857142857,0.8095238095238095,0.023809523809523836,32,27
94,35.387588647792384,1.5488509703053062,legacy67,minmax,0.7190476190476192,0.7561904761904761,0.03714285714285692,0.9333333333333333,0.9466666666666667,0.013333333333333308,0.7857142857142857,0.8095238095238095,0.023809523809523836,32,27
94,37.95853142670639,1.5793094017105953,legacy67,minmax,0.7190476190476192,0.7561904761904761,0.03714285714285692,0.9333333333333333,0.9466666666666667,0.013333333333333308,0.7857142857142857,0.8095238095238095,0.023809523809523836,32,27
94,43.37920697490936,1.6372816083151283,legacy67,minmax,0.7190476190476192,0.7561904761904761,0.03714285714285692,0.9333333333333333,0.9466666666666667,0.013333333333333308,0.7857142857142857,0.8095238095238095,0.023809523809523836,32,27
94,48.69640941520897,1.6874969400924673,legacy67,minmax,0.7190476190476192,0.7561904761904761,0.03714285714285692,0.9333333333333333,0.9466666666666667,0.013333333333333308,0.7857142857142857,0.8095238095238095,0.023809523809523836,33,28
94,57.279044707996185,1.7579957662567565,legacy67,minmax,0.7190476190476192,0.7561904761904761,0.03714285714285692,0.9333333333333333,0.9466666666666667,0.013333333333333308,0.7857142857142857,0.8095238095238095,0.023809523809523836,33,29
94,62.45139574743064,1.795542149013333,legacy67,minmax,0.7190476190476192,0.7561904761904761,0.03714285714285692,0.9333333333333333,0.9466666666666667,0.013333333333333308,0.7857142857142857,0.8095238095238095,0.023809523809523836,33,30
94,63.512210106406926,1.8028572256396647,legacy67,minmax,0.7190476190476192,0.7561904761904761,0.03714285714285692,0.9333333333333333,0.9466666666666667,0.013333333333333308,0.7857142857142857,0.8095238095238095,0.023809523809523836,33,30
94,72.86653737491037,1.8625281322982374,legacy67,minmax,0.7190476190476192,0.7561904761904761,0.03714285714285692,0.9333333333333333,0.9466666666666667,0.013333333333333308,0.7857142857142857,0.8095238095238095,0.023809523809523836,33,30
94,75.56810141274423,1.8783385110582342,legacy67,minmax,0.7190476190476192,0.7561904761904761,0.03714285714285692,0.9333333333333333,0.9466666666666667,0.013333333333333308,0.7857142857142857,0.8095238095238095,0.023809523809523836,33,30
94,75.79479953347995,1.8796394086479773,legacy67,minmax,0.7190476190476192,0.7561904761904761,0.03714285714285692,0.9333333333333333,0.9466666666666667,0.013333333333333308,0.7857142857142857,0.8095238095238095,0.023809523809523836,33,30
94,88.62326508576248,1.9475477464020692,legacy67,minmax,0.7190476190476192,0.78,0.06095238095238087,0.9333333333333333,0.9466666666666667,0.013333333333333308,0.7857142857142857,0.8333333333333334,0.04761904761904767,33,30
95,0.010521761868451128,-1.9779115315055904,legacy67,minmax,0.0,0.0,0.0,1.0,1.0,0.0,0.0,0.0,0.0,0,0
95,0.012087541473056955,-1.9176620228167902,legacy67,minmax,0.0,0.0,0.0,1.0,1.0,0.0,0.0,0.0,0.0,0,0
95,0.01263794633808287,-1.8983234930236192,legacy67,minmax,0.0,0.0,0.0,1.0,1.0,0.0,0.0,0.0,0.0,0,0
95,0.013726318898045865,-1.8624459155391264,legacy67,minmax,0.0,0.0,0.0,1.0,1.0,0.0,0.0,0.0,0.0,0,0
95,0.0151673306880762,-1.8190908443578477,legacy67,minmax,0.0,0.0,0.0,1.0,1.0,0.0,0.0,0.0,0.0,0,0
95,0.015339162591163618,-1.814198349120009,legacy67,minmax,0.0,0.0,0.0,1.0,1.0,0.0,0.0,0.0,0.0,0,0
95,0.017073967431528118,-1.7676655513272022,legacy67,minmax,0.0,0.0,0.0,1.0,1.0,0.0,0.0,0.0,0.0,0,0
95,0.017956984225677628,-1.7457665988559055,legacy67,minmax,0.0,0.0,0.0,1.0,1.0,0.0,0.0,0.0,0.0,1,0
95,0.018205657658407252,-1.739793628058882,legacy67,minmax,0.0,0.0,0.0,1.0,1.0,0.0,0.0,0.0,0.0,1,0
95,0.019777828512462715,-1.7038213930636386,legacy67,minmax,0.0,0.0,0.0,1.0,1.0,0.0,0.0,0.0,0.0,3,1
95,0.01987021538542862,-1.7017974252809167,legacy67,minmax,0.0,0.0,0.0,1.0,1.0,0.0,0.0,0.0,0.0,3,1
95,0.022592797420156945,-1.646029991792322,legacy67,minmax,0.11904761904761907,0.0,-0.11904761904761907,1.0,1.0,0.0,0.11904761904761904,0.0,-0.11904761904761904,3,2
95,0.024586032763280048,-1.6093115439744645,legacy67,minmax,0.26190476190476186,0.38095238095238093,0.11904761904761907,1.0,1.0,0.0,0.2619047619047619,0.38095238095238093,0.11904761904761901,3,2
95,0.027012557725439066,-1.5684342920267822,legacy67,minmax,0.33333333333333326,0.38095238095238093,0.04761904761904767,1.0,1.0,0.0,0.3333333333333333,0.38095238095238093,0.047619047619047616,3,2
95,0.029072088906598435,-1.5365237618994811,legacy67,minmax,0.3571428571428572,0.38095238095238093,0.023809523809523725,1.0,1.0,0.0,0.35714285714285715,0.38095238095238093,0.02380952380952378,3,2
95,0.030086868214458433,-1.5216230162467932,legacy67,minmax,0.3571428571428572,0.6428571428571428,0.2857142857142856,1.0,1.0,0.0,0.35714285714285715,0.6428571428571429,0.28571428571428575,3,2
95,0.030771802712506853,-1.5118470606208847,legacy67,minmax,0.3571428571428572,0.6428571428571428,0.2857142857142856,1.0,1.0,0.0,0.35714285714285715,0.6428571428571429,0.28571428571428575,3,2
95,0.036138942712165265,-1.4420245573918327,legacy67,minmax,0.5238095238095237,0.6428571428571428,0.11904761904761907,1.0,1.0,0.0,0.5238095238095238,0.6428571428571429,0.11904761904761907,3,2
95,0.03661819220392428,-1.4363031001009494,legacy67,minmax,0.5238095238095237,0.6428571428571428,0.11904761904761907,1.0,1.0,0.0,0.5238095238095238,0.6428571428571429,0.11904761904761907,3,2
95,0.04207053950287936,-1.3760219186551894,legacy67,minmax,0.5952380952380953,0.7142857142857144,0.11904761904761907,1.0,1.0,0.0,0.5952380952380952,0.7142857142857143,0.11904761904761907,3,3
95,0.04207988669606635,-1.375925438230254,legacy67,minmax,0.5952380952380953,0.7142857142857144,0.11904761904761907,1.0,1.0,0.0,0.5952380952380952,0.7142857142857143,0.11904761904761907,3,3
95,0.04809461967501572,-1.3179035052508339,legacy67,minmax,0.6666666666666665,0.7857142857142856,0.11904761904761907,1.0,1.0,0.0,0.6666666666666666,0.7857142857142857,0.11904761904761907,4,3
95,0.05337032762603955,-1.2727001311715975,legacy67,minmax,0.6904761904761905,0.7857142857142856,0.09523809523809512,1.0,1.0,0.0,0.6904761904761905,0.7857142857142857,0.09523809523809523,5,3
95,0.05415244119402536,-1.2663819605862647,legacy67,minmax,0.6904761904761905,0.7857142857142856,0.09523809523809512,1.0,1.0,0.0,0.6904761904761905,0.7857142857142857,0.09523809523809523,5,3
95,0.05488047000766042,-1.2605821778978918,legacy67,minmax,0.6904761904761905,0.7857142857142856,0.09523809523809512,1.0,1.0,0.0,0.6904761904761905,0.7857142857142857,0.09523809523809523,5,4
95,0.060803901902965994,-1.2160685503234192,legacy67,minmax,0.7380952380952381,0.7857142857142856,0.04761904761904745,1.0,1.0,0.0,0.7380952380952381,0.7857142857142857,0.04761904761904756,6,5
95,0.06235377135673155,-1.2051372738633104,legacy67,minmax,0.7142857142857144,0.7857142857142856,0.07142857142857117,1.0,1.0,0.0,0.7142857142857143,0.7857142857142857,0.0714285714285714,7,6
95,0.06290644294586147,-1.201304871366561,legacy67,minmax,0.7142857142857144,0.7857142857142856,0.07142857142857117,1.0,1.0,0.0,0.7142857142857143,0.7857142857142857,0.0714285714285714,7,6
95,0.07068974950624601,-1.1506435572868954,legacy67,minmax,0.700952380952381,0.8095238095238095,0.10857142857142854,0.9866666666666667,1.0,0.013333333333333308,0.7142857142857143,0.8095238095238095,0.09523809523809523,8,6
95,0.10842262717330158,-0.9648800735999323,legacy67,minmax,0.7114285714285715,0.8809523809523809,0.1695238095238094,0.9733333333333334,1.0,0.026666666666666616,0.7380952380952381,0.8809523809523809,0.1428571428571428,10,8
95,0.12172958098369964,-0.9146038729044164,legacy67,minmax,0.7114285714285715,0.8809523809523809,0.1695238095238094,0.9733333333333334,1.0,0.026666666666666616,0.7380952380952381,0.8809523809523809,0.1428571428571428,10,9
95,0.1329652145729951,-0.876261961250477,legacy67,minmax,0.7114285714285715,0.8809523809523809,0.1695238095238094,0.9733333333333334,1.0,0.026666666666666616,0.7380952380952381,0.8809523809523809,0.1428571428571428,10,9
95,0.14618962793704957,-0.8350834392078323,legacy67,minmax,0.6980952380952381,0.9047619047619047,0.20666666666666655,0.96,1.0,0.040000000000000036,0.7380952380952381,0.9047619047619048,0.16666666666666663,12,9
95,0.14742753159914665,-0.8314214058591274,legacy67,minmax,0.6980952380952381,0.9047619047619047,0.20666666666666655,0.96,1.0,0.040000000000000036,0.7380952380952381,0.9047619047619048,0.16666666666666663,12,9
95,0.16480446427978968,-0.7830310281618491,legacy67,minmax,0.6742857142857144,0.8914285714285715,0.21714285714285708,0.96,0.9866666666666667,0.026666666666666727,0.7142857142857143,0.9047619047619048,0.19047619047619047,13,9
95,0.16536937182824418,-0.7815449233065173,legacy67,minmax,0.6742857142857144,0.8914285714285715,0.21714285714285708,0.96,0.9866666666666667,0.026666666666666727,0.7142857142857143,0.9047619047619048,0.19047619047619047,13,9
95,0.1753594952976441,-0.7560707131373512,legacy67,minmax,0.6742857142857144,0.8914285714285715,0.21714285714285708,0.96,0.9866666666666667,0.026666666666666727,0.7142857142857143,0.9047619047619048,0.19047619047619047,14,9
95,0.17654048052495064,-0.7531556956423562,legacy67,minmax,0.6742857142857144,0.8914285714285715,0.21714285714285708,0.96,0.9866666666666667,0.026666666666666727,0.7142857142857143,0.9047619047619048,0.19047619047619047,14,9
95,0.1998634077852887,-0.6992667118930118,legacy67,minmax,0.660952380952381,0.8914285714285715,0.2304761904761905,0.9466666666666667,0.9866666666666667,0.040000000000000036,0.7142857142857143,0.9047619047619048,0.19047619047619047,15,9
95,0.2001342062287997,-0.6986786769469426,legacy67,minmax,0.660952380952381,0.8914285714285715,0.2304761904761905,0.9466666666666667,0.9866666666666667,0.040000000000000036,0.7142857142857143,0.9047619047619048,0.19047619047619047,15,9
95,0.21066486017042194,-0.6764079005894033,legacy67,minmax,0.660952380952381,0.8914285714285715,0.2304761904761905,0.9466666666666667,0.9866666666666667,0.040000000000000036,0.7142857142857143,0.9047619047619048,0.19047619047619047,15,9
95,0.2673088310781669,-0.5729866932256429,legacy67,minmax,0.6476190476190475,0.8914285714285715,0.24380952380952392,0.9333333333333333,0.9866666666666667,0.053333333333333344,0.7142857142857143,0.9047619047619048,0.19047619047619047,16,9
95,0.2715581955282939,-0.5661370858229096,legacy67,minmax,0.6476190476190475,0.8914285714285715,0.24380952380952392,0.9333333333333333,0.9866666666666667,0.053333333333333344,0.7142857142857143,0.9047619047619048,0.19047619047619047,16,9
95,0.292043384718141,-0.5345526268252332,legacy67,minmax,0.6238095238095238,0.8914285714285715,0.26761904761904765,0.9333333333333333,0.9866666666666667,0.053333333333333344,0.6904761904761905,0.9047619047619048,0.2142857142857143,16,9
95,0.314891164795686,-0.50183952461055,legacy67,minmax,0.6476190476190475,0.8780952380952383,0.23047619047619072,0.9333333333333333,0.9733333333333334,0.040000000000000036,0.7142857142857143,0.9047619047619048,0.19047619047619047,17,9
95,0.35868164986275475,-0.44529084124207197,legacy67,minmax,0.6476190476190475,0.8647619047619046,0.21714285714285708,0.9333333333333333,0.96,0.026666666666666616,0.7142857142857143,0.9047619047619048,0.19047619047619047,19,8
95,0.5130551760589832,-0.2898359265658015,legacy67,minmax,0.6952380952380952,0.8647619047619046,0.1695238095238094,0.9333333333333333,0.96,0.026666666666666616,0.7619047619047619,0.9047619047619048,0.1428571428571429,21,8
95,0.5342937261279772,-0.27221992543153695,legacy67,minmax,0.6952380952380952,0.8647619047619046,0.1695238095238094,0.9333333333333333,0.96,0.026666666666666616,0.7619047619047619,0.9047619047619048,0.1428571428571429,21,8
95,0.5762487216478598,-0.23939002504159476,legacy67,minmax,0.7190476190476192,0.8647619047619046,0.14571428571428546,0.9333333333333333,0.96,0.026666666666666616,0.7857142857142857,0.9047619047619048,0.11904761904761907,21,8
95,0.6672367170464204,-0.17572006313185626,legacy67,minmax,0.7057142857142857,0.8647619047619046,0.15904761904761888,0.92,0.96,0.039999999999999925,0.7857142857142857,0.9047619047619048,0.11904761904761907,21,8
95,0.7742116473996242,-0.1111402993522028,legacy67,minmax,0.6923809523809523,0.8647619047619046,0.1723809523809523,0.9066666666666666,0.96,0.053333333333333344,0.7857142857142857,0.9047619047619048,0.11904761904761907,23,8
95,0.9444574254983555,-0.02481761454243703,legacy67,minmax,0.6923809523809523,0.8647619047619046,0.1723809523809523,0.9066666666666666,0.96,0.053333333333333344,0.7857142857142857,0.9047619047619048,0.11904761904761907,24,8
95,0.9565499215943818,-0.019292359554919238,legacy67,minmax,0.6923809523809523,0.8647619047619046,0.1723809523809523,0.9066666666666666,0.96,0.053333333333333344,0.7857142857142857,0.9047619047619048,0.11904761904761907,24,8
95,1.1400863701127315,0.0569377536544464,legacy67,minmax,0.6923809523809523,0.8647619047619046,0.1723809523809523,0.9066666666666666,0.96,0.053333333333333344,0.7857142857142857,0.9047619047619048,0.11904761904761907,24,8
95,1.2030178871154662,0.08027208471124325,legacy67,minmax,0.716190476190476,0.8647619047619046,0.14857142857142858,0.9066666666666666,0.96,0.053333333333333344,0.8095238095238095,0.9047619047619048,0.09523809523809523,24,8
95,1.2329098365270508,0.0909313175279762,legacy67,minmax,0.716190476190476,0.8647619047619046,0.14857142857142858,0.9066666666666666,0.96,0.053333333333333344,0.8095238095238095,0.9047619047619048,0.09523809523809523,24,8
95,1.2561043700013554,0.09902572652895136,legacy67,minmax,0.716190476190476,0.8647619047619046,0.14857142857142858,0.9066666666666666,0.96,0.053333333333333344,0.8095238095238095,0.9047619047619048,0.09523809523809523,24,8
95,1.4817820606039076,0.17078433263299386,legacy67,minmax,0.716190476190476,0.8647619047619046,0.14857142857142858,0.9066666666666666,0.96,0.053333333333333344,0.8095238095238095,0.9047619047619048,0.09523809523809523,25,8
95,1.5375920235481748,0.1868411173731186,legacy67,minmax,0.716190476190476,0.8647619047619046,0.14857142857142858,0.9066666666666666,0.96,0.053333333333333344,0.8095238095238095,0.9047619047619048,0.09523809523809523,25,8
95,1.7583640270008503,0.24510879027798493,legacy67,minmax,0.716190476190476,0.8647619047619046,0.14857142857142858,0.9066666666666666,0.96,0.053333333333333344,0.8095238095238095,0.9047619047619048,0.09523809523809523,26,8
95,2.34238498471129,0.36965827544816987,legacy67,minmax,0.716190476190476,0.8647619047619046,0.14857142857142858,0.9066666666666666,0.96,0.053333333333333344,0.8095238095238095,0.9047619047619048,0.09523809523809523,27,8
95,2.4637685958997446,0.39159991524434057,legacy67,minmax,0.716190476190476,0.8647619047619046,0.14857142857142858,0.9066666666666666,0.96,0.053333333333333344,0.8095238095238095,0.9047619047619048,0.09523809523809523,27,8
95,2.4810409748678097,0.3946339367881464,legacy67,minmax,0.716190476190476,0.8647619047619046,0.14857142857142858,0.9066666666666666,0.96,0.053333333333333344,0.8095238095238095,0.9047619047619048,0.09523809523809523,27,8
95,2.5378155082656626,0.40446004697283516,legacy67,minmax,0.716190476190476,0.8647619047619046,0.14857142857142858,0.9066666666666666,0.96,0.053333333333333344,0.8095238095238095,0.9047619047619048,0.09523809523809523,28,8
95,2.692646910086177,0.43017940760575346,legacy67,minmax,0.716190476190476,0.8647619047619046,0.14857142857142858,0.9066666666666666,0.96,0.053333333333333344,0.8095238095238095,0.9047619047619048,0.09523809523809523,29,8
95,2.801635158716258,0.4474115788895179,legacy67,minmax,0.716190476190476,0.8647619047619046,0.14857142857142858,0.9066666666666666,0.96,0.053333333333333344,0.8095238095238095,0.9047619047619048,0.09523809523809523,29,8
95,3.113095956122122,0.4931925073102317,legacy67,minmax,0.74,0.8647619047619046,0.12476190476190463,0.9066666666666666,0.96,0.053333333333333344,0.8333333333333334,0.9047619047619048,0.0714285714285714,30,8
95,3.550012525851159,0.5502298854208525,legacy67,minmax,0.74,0.8647619047619046,0.12476190476190463,0.9066666666666666,0.96,0.053333333333333344,0.8333333333333334,0.9047619047619048,0.0714285714285714,29,8
95,4.467752817973904,0.6500891374159279,legacy67,minmax,0.74,0.8647619047619046,0.12476190476190463,0.9066666666666666,0.96,0.053333333333333344,0.8333333333333334,0.9047619047619048,0.0714285714285714,29,8
95,5.456725485601473,0.7369321060486276,legacy67,minmax,0.74,0.8647619047619046,0.12476190476190463,0.9066666666666666,0.96,0.053333333333333344,0.8333333333333334,0.9047619047619048,0.0714285714285714,30,8
95,6.72093005015611,0.8274293753904685,legacy67,minmax,0.74,0.8647619047619046,0.12476190476190463,0.9066666666666666,0.96,0.053333333333333344,0.8333333333333334,0.9047619047619048,0.0714285714285714,30,8
95,6.7965780907581514,0.832290311184182,legacy67,minmax,0.7533333333333334,0.8647619047619046,0.11142857142857121,0.92,0.96,0.039999999999999925,0.8333333333333334,0.9047619047619048,0.0714285714285714,30,8
95,7.128188058401357,0.85297914889198,legacy67,minmax,0.7533333333333334,0.8647619047619046,0.11142857142857121,0.92,0.96,0.039999999999999925,0.8333333333333334,0.9047619047619048,0.0714285714285714,30,8
95,8.241925264876443,0.9160286721639492,legacy67,minmax,0.7533333333333334,0.8647619047619046,0.11142857142857121,0.92,0.96,0.039999999999999925,0.8333333333333334,0.9047619047619048,0.0714285714285714,30,28
95,8.287522363768153,0.9184247133522563,legacy67,minmax,0.7533333333333334,0.8647619047619046,0.11142857142857121,0.92,0.96,0.039999999999999925,0.8333333333333334,0.9047619047619048,0.0714285714285714,30,28
95,8.471801418819974,0.9279757672456204,legacy67,minmax,0.7533333333333334,0.8647619047619046,0.11142857142857121,0.92,0.96,0.039999999999999925,0.8333333333333334,0.9047619047619048,0.0714285714285714,30,28
95,11.044350847124681,1.0431401944675898,legacy67,minmax,0.7533333333333334,0.8647619047619046,0.11142857142857121,0.92,0.96,0.039999999999999925,0.8333333333333334,0.9047619047619048,0.0714285714285714,31,28
95,12.130221181165155,1.083868719818244,legacy67,minmax,0.7533333333333334,0.8647619047619046,0.11142857142857121,0.92,0.96,0.039999999999999925,0.8333333333333334,0.9047619047619048,0.0714285714285714,31,28
95,12.164139351417056,1.085081386743783,legacy67,minmax,0.7533333333333334,0.8647619047619046,0.11142857142857121,0.92,0.96,0.039999999999999925,0.8333333333333334,0.9047619047619048,0.0714285714285714,31,28
95,12.273800987852958,1.0889790771866297,legacy67,minmax,0.7533333333333334,0.8647619047619046,0.11142857142857121,0.92,0.96,0.039999999999999925,0.8333333333333334,0.9047619047619048,0.0714285714285714,31,28
95,12.604664585649452,1.1005312934444582,legacy67,minmax,0.7533333333333334,0.8647619047619046,0.11142857142857121,0.92,0.96,0.039999999999999925,0.8333333333333334,0.9047619047619048,0.0714285714285714,31,28
95,13.826232179369853,1.1407038455720544,legacy67,minmax,0.7533333333333334,0.8647619047619046,0.11142857142857121,0.92,0.96,0.039999999999999925,0.8333333333333334,0.9047619047619048,0.0714285714285714,31,28
95,16.172900811143133,1.2087879230161587,legacy67,minmax,0.7533333333333334,0.8647619047619046,0.11142857142857121,0.92,0.96,0.039999999999999925,0.8333333333333334,0.9047619047619048,0.0714285714285714,32,28
95,17.123375973163967,1.2335893924658445,legacy67,minmax,0.7533333333333334,0.8647619047619046,0.11142857142857121,0.92,0.96,0.039999999999999925,0.8333333333333334,0.9047619047619048,0.0714285714285714,33,28
95,18.274508859816006,1.2618457138193366,legacy67,minmax,0.7533333333333334,0.8647619047619046,0.11142857142857121,0.92,0.96,0.039999999999999925,0.8333333333333334,0.9047619047619048,0.0714285714285714,33,28
95,20.65142557895924,1.3149500366077174,legacy67,minmax,0.7533333333333334,0.8647619047619046,0.11142857142857121,0.92,0.96,0.039999999999999925,0.8333333333333334,0.9047619047619048,0.0714285714285714,33,28
95,21.36832907235874,1.329770563201687,legacy67,minmax,0.7533333333333334,0.8647619047619046,0.11142857142857121,0.92,0.96,0.039999999999999925,0.8333333333333334,0.9047619047619048,0.0714285714285714,33,28
95,28.340904295147727,1.452413703502374,legacy67,minmax,0.74,0.8647619047619046,0.12476190476190463,0.9066666666666666,0.96,0.053333333333333344,0.8333333333333334,0.9047619047619048,0.0714285714285714,33,28
95,29.154431891537524,1.4647045830997407,legacy67,minmax,0.74,0.8647619047619046,0.12476190476190463,0.9066666666666666,0.96,0.053333333333333344,0.8333333333333334,0.9047619047619048,0.0714285714285714,33,28
95,35.387588647792384,1.5488509703053062,legacy67,minmax,0.7266666666666666,0.8647619047619046,0.13809523809523805,0.8933333333333333,0.96,0.06666666666666665,0.8333333333333334,0.9047619047619048,0.0714285714285714,33,28
95,37.95853142670639,1.5793094017105953,legacy67,minmax,0.7266666666666666,0.8647619047619046,0.13809523809523805,0.8933333333333333,0.96,0.06666666666666665,0.8333333333333334,0.9047619047619048,0.0714285714285714,33,28
95,43.37920697490936,1.6372816083151283,legacy67,minmax,0.7133333333333334,0.8647619047619046,0.15142857142857125,0.88,0.96,0.07999999999999996,0.8333333333333334,0.9047619047619048,0.0714285714285714,33,28
95,48.69640941520897,1.6874969400924673,legacy67,minmax,0.7133333333333334,0.8647619047619046,0.15142857142857125,0.88,0.96,0.07999999999999996,0.8333333333333334,0.9047619047619048,0.0714285714285714,33,29
95,57.279044707996185,1.7579957662567565,legacy67,minmax,0.7133333333333334,0.8647619047619046,0.15142857142857125,0.88,0.96,0.07999999999999996,0.8333333333333334,0.9047619047619048,0.0714285714285714,33,29
95,62.45139574743064,1.795542149013333,legacy67,minmax,0.7133333333333334,0.8647619047619046,0.15142857142857125,0.88,0.96,0.07999999999999996,0.8333333333333334,0.9047619047619048,0.0714285714285714,33,29
95,63.512210106406926,1.8028572256396647,legacy67,minmax,0.7133333333333334,0.8647619047619046,0.15142857142857125,0.88,0.96,0.07999999999999996,0.8333333333333334,0.9047619047619048,0.0714285714285714,33,29
95,72.86653737491037,1.8625281322982374,legacy67,minmax,0.7133333333333334,0.8647619047619046,0.15142857142857125,0.88,0.96,0.07999999999999996,0.8333333333333334,0.9047619047619048,0.0714285714285714,33,29
95,75.56810141274423,1.8783385110582342,legacy67,minmax,0.7133333333333334,0.8647619047619046,0.15142857142857125,0.88,0.96,0.07999999999999996,0.8333333333333334,0.9047619047619048,0.0714285714285714,33,29
95,75.79479953347995,1.8796394086479773,legacy67,minmax,0.7133333333333334,0.8647619047619046,0.15142857142857125,0.88,0.96,0.07999999999999996,0.8333333333333334,0.9047619047619048,0.0714285714285714,33,29
95,88.62326508576248,1.9475477464020692,legacy67,minmax,0.7133333333333334,0.8647619047619046,0.15142857142857125,0.88,0.96,0.07999999999999996,0.8333333333333334,0.9047619047619048,0.0714285714285714,33,30
96,0.010521761868451128,-1.9779115315055904,legacy67,minmax,0.0,0.0,0.0,1.0,1.0,0.0,0.0,0.0,0.0,0,0
96,0.012087541473056955,-1.9176620228167902,legacy67,minmax,0.0,0.0,0.0,1.0,1.0,0.0,0.0,0.0,0.0,0,0
96,0.01263794633808287,-1.8983234930236192,legacy67,minmax,0.0,0.0,0.0,1.0,1.0,0.0,0.0,0.0,0.0,0,0
96,0.013726318898045865,-1.8624459155391264,legacy67,minmax,0.0,0.0,0.0,1.0,1.0,0.0,0.0,0.0,0.0,0,0
96,0.0151673306880762,-1.8190908443578477,legacy67,minmax,0.0,0.0,0.0,1.0,1.0,0.0,0.0,0.0,0.0,0,0
96,0.015339162591163618,-1.814198349120009,legacy67,minmax,0.0,0.0,0.0,1.0,1.0,0.0,0.0,0.0,0.0,0,0
96,0.017073967431528118,-1.7676655513272022,legacy67,minmax,0.0,0.0,0.0,1.0,1.0,0.0,0.0,0.0,0.0,2,0
96,0.017956984225677628,-1.7457665988559055,legacy67,minmax,0.0,0.0,0.0,1.0,1.0,0.0,0.0,0.0,0.0,2,1
96,0.018205657658407252,-1.739793628058882,legacy67,minmax,0.0,0.0,0.0,1.0,1.0,0.0,0.0,0.0,0.0,2,1
96,0.019777828512462715,-1.7038213930636386,legacy67,minmax,0.04761904761904767,0.0,-0.04761904761904767,1.0,1.0,0.0,0.047619047619047616,0.0,-0.047619047619047616,2,1
96,0.01987021538542862,-1.7017974252809167,legacy67,minmax,0.04761904761904767,0.0,-0.04761904761904767,1.0,1.0,0.0,0.047619047619047616,0.0,-0.047619047619047616,2,1
96,0.022592797420156945,-1.646029991792322,legacy67,minmax,0.19047619047619047,0.33333333333333326,0.1428571428571428,1.0,1.0,0.0,0.19047619047619047,0.3333333333333333,0.14285714285714285,4,2
96,0.024586032763280048,-1.6093115439744645,legacy67,minmax,0.23809523809523814,0.5238095238095237,0.2857142857142856,1.0,1.0,0.0,0.23809523809523808,0.5238095238095238,0.28571428571428575,4,2
96,0.027012557725439066,-1.5684342920267822,legacy67,minmax,0.26190476190476186,0.5238095238095237,0.26190476190476186,1.0,1.0,0.0,0.2619047619047619,0.5238095238095238,0.2619047619047619,4,2
96,0.029072088906598435,-1.5365237618994811,legacy67,minmax,0.40476190476190466,0.5238095238095237,0.11904761904761907,1.0,1.0,0.0,0.40476190476190477,0.5238095238095238,0.11904761904761907,4,2
96,0.030086868214458433,-1.5216230162467932,legacy67,minmax,0.40476190476190466,0.5238095238095237,0.11904761904761907,1.0,1.0,0.0,0.40476190476190477,0.5238095238095238,0.11904761904761907,4,2
96,0.030771802712506853,-1.5118470606208847,legacy67,minmax,0.45238095238095233,0.5238095238095237,0.0714285714285714,1.0,1.0,0.0,0.4523809523809524,0.5238095238095238,0.07142857142857145,4,2
96,0.036138942712165265,-1.4420245573918327,legacy67,minmax,0.4761904761904763,0.5238095238095237,0.04761904761904745,1.0,1.0,0.0,0.47619047619047616,0.5238095238095238,0.04761904761904767,4,2
96,0.03661819220392428,-1.4363031001009494,legacy67,minmax,0.4761904761904763,0.5238095238095237,0.04761904761904745,1.0,1.0,0.0,0.47619047619047616,0.5238095238095238,0.04761904761904767,4,2
96,0.04207053950287936,-1.3760219186551894,legacy67,minmax,0.4761904761904763,0.5238095238095237,0.04761904761904745,1.0,1.0,0.0,0.47619047619047616,0.5238095238095238,0.04761904761904767,4,2
96,0.04207988669606635,-1.375925438230254,legacy67,minmax,0.4761904761904763,0.5238095238095237,0.04761904761904745,1.0,1.0,0.0,0.47619047619047616,0.5238095238095238,0.04761904761904767,4,2
96,0.04809461967501572,-1.3179035052508339,legacy67,minmax,0.5238095238095237,0.6428571428571428,0.11904761904761907,1.0,1.0,0.0,0.5238095238095238,0.6428571428571429,0.11904761904761907,4,4
96,0.05337032762603955,-1.2727001311715975,legacy67,minmax,0.5238095238095237,0.6428571428571428,0.11904761904761907,1.0,1.0,0.0,0.5238095238095238,0.6428571428571429,0.11904761904761907,5,5
96,0.05415244119402536,-1.2663819605862647,legacy67,minmax,0.5238095238095237,0.5714285714285714,0.04761904761904767,1.0,1.0,0.0,0.5238095238095238,0.5714285714285714,0.04761904761904756,5,5
96,0.05488047000766042,-1.2605821778978918,legacy67,minmax,0.5238095238095237,0.5714285714285714,0.04761904761904767,1.0,1.0,0.0,0.5238095238095238,0.5714285714285714,0.04761904761904756,5,5
96,0.060803901902965994,-1.2160685503234192,legacy67,minmax,0.5714285714285714,0.5714285714285714,0.0,1.0,1.0,0.0,0.5714285714285714,0.5714285714285714,0.0,5,7
96,0.06235377135673155,-1.2051372738633104,legacy67,minmax,0.5714285714285714,0.5714285714285714,0.0,1.0,1.0,0.0,0.5714285714285714,0.5714285714285714,0.0,6,7
96,0.06290644294586147,-1.201304871366561,legacy67,minmax,0.5714285714285714,0.5714285714285714,0.0,1.0,1.0,0.0,0.5714285714285714,0.5714285714285714,0.0,6,7
96,0.07068974950624601,-1.1506435572868954,legacy67,minmax,0.5952380952380953,0.5819047619047619,-0.01333333333333342,1.0,0.9866666666666667,-0.013333333333333308,0.5952380952380952,0.5952380952380952,0.0,6,7
96,0.10842262717330158,-0.9648800735999323,legacy67,minmax,0.6666666666666665,0.6533333333333333,-0.013333333333333197,1.0,0.9866666666666667,-0.013333333333333308,0.6666666666666666,0.6666666666666666,0.0,8,8
96,0.12172958098369964,-0.9146038729044164,legacy67,minmax,0.677142857142857,0.6533333333333333,-0.023809523809523725,0.9866666666666667,0.9866666666666667,0.0,0.6904761904761905,0.6666666666666666,-0.023809523809523836,9,8
96,0.1329652145729951,-0.876261961250477,legacy67,minmax,0.677142857142857,0.700952380952381,0.023809523809523947,0.9866666666666667,0.9866666666666667,0.0,0.6904761904761905,0.7142857142857143,0.023809523809523836,9,8
96,0.14618962793704957,-0.8350834392078323,legacy67,minmax,0.677142857142857,0.700952380952381,0.023809523809523947,0.9866666666666667,0.9866666666666667,0.0,0.6904761904761905,0.7142857142857143,0.023809523809523836,10,9
96,0.14742753159914665,-0.8314214058591274,legacy67,minmax,0.677142857142857,0.700952380952381,0.023809523809523947,0.9866666666666667,0.9866666666666667,0.0,0.6904761904761905,0.7142857142857143,0.023809523809523836,10,9
96,0.16480446427978968,-0.7830310281618491,legacy67,minmax,0.677142857142857,0.7961904761904761,0.11904761904761907,0.9866666666666667,0.9866666666666667,0.0,0.6904761904761905,0.8095238095238095,0.11904761904761907,11,9
96,0.16536937182824418,-0.7815449233065173,legacy67,minmax,0.677142857142857,0.7961904761904761,0.11904761904761907,0.9866666666666667,0.9866666666666667,0.0,0.6904761904761905,0.8095238095238095,0.11904761904761907,11,9
96,0.1753594952976441,-0.7560707131373512,legacy67,minmax,0.677142857142857,0.7961904761904761,0.11904761904761907,0.9866666666666667,0.9866666666666667,0.0,0.6904761904761905,0.8095238095238095,0.11904761904761907,11,9
96,0.17654048052495064,-0.7531556956423562,legacy67,minmax,0.677142857142857,0.7961904761904761,0.11904761904761907,0.9866666666666667,0.9866666666666667,0.0,0.6904761904761905,0.8095238095238095,0.11904761904761907,11,9
96,0.1998634077852887,-0.6992667118930118,legacy67,minmax,0.677142857142857,0.7961904761904761,0.11904761904761907,0.9866666666666667,0.9866666666666667,0.0,0.6904761904761905,0.8095238095238095,0.11904761904761907,12,9
96,0.2001342062287997,-0.6986786769469426,legacy67,minmax,0.677142857142857,0.7961904761904761,0.11904761904761907,0.9866666666666667,0.9866666666666667,0.0,0.6904761904761905,0.8095238095238095,0.11904761904761907,12,9
96,0.21066486017042194,-0.6764079005894033,legacy67,minmax,0.6638095238095238,0.7961904761904761,0.13238095238095227,0.9733333333333334,0.9866666666666667,0.013333333333333308,0.6904761904761905,0.8095238095238095,0.11904761904761907,14,9
96,0.2673088310781669,-0.5729866932256429,legacy67,minmax,0.7114285714285715,0.7961904761904761,0.0847619047619046,0.9733333333333334,0.9866666666666667,0.013333333333333308,0.7380952380952381,0.8095238095238095,0.0714285714285714,16,8
96,0.2715581955282939,-0.5661370858229096,legacy67,minmax,0.7114285714285715,0.7961904761904761,0.0847619047619046,0.9733333333333334,0.9866666666666667,0.013333333333333308,0.7380952380952381,0.8095238095238095,0.0714285714285714,16,8
96,0.292043384718141,-0.5345526268252332,legacy67,minmax,0.7352380952380952,0.7961904761904761,0.06095238095238087,0.9733333333333334,0.9866666666666667,0.013333333333333308,0.7619047619047619,0.8095238095238095,0.04761904761904767,16,8
96,0.314891164795686,-0.50183952461055,legacy67,minmax,0.7219047619047618,0.7961904761904761,0.07428571428571429,0.96,0.9866666666666667,0.026666666666666727,0.7619047619047619,0.8095238095238095,0.04761904761904767,16,9
96,0.35868164986275475,-0.44529084124207197,legacy67,minmax,0.7219047619047618,0.7961904761904761,0.07428571428571429,0.96,0.9866666666666667,0.026666666666666727,0.7619047619047619,0.8095238095238095,0.04761904761904767,16,9
96,0.5130551760589832,-0.2898359265658015,legacy67,minmax,0.6742857142857144,0.7961904761904761,0.12190476190476174,0.96,0.9866666666666667,0.026666666666666727,0.7142857142857143,0.8095238095238095,0.09523809523809523,18,9
96,0.5342937261279772,-0.27221992543153695,legacy67,minmax,0.6980952380952381,0.7961904761904761,0.09809523809523801,0.96,0.9866666666666667,0.026666666666666727,0.7380952380952381,0.8095238095238095,0.0714285714285714,19,9
96,0.5762487216478598,-0.23939002504159476,legacy67,minmax,0.6980952380952381,0.7828571428571429,0.08476190476190482,0.96,0.9733333333333334,0.01333333333333342,0.7380952380952381,0.8095238095238095,0.0714285714285714,19,9
96,0.6672367170464204,-0.17572006313185626,legacy67,minmax,0.6980952380952381,0.8304761904761904,0.13238095238095227,0.96,0.9733333333333334,0.01333333333333342,0.7380952380952381,0.8571428571428571,0.11904761904761896,19,9
96,0.7742116473996242,-0.1111402993522028,legacy67,minmax,0.6980952380952381,0.8542857142857143,0.1561904761904762,0.96,0.9733333333333334,0.01333333333333342,0.7380952380952381,0.8809523809523809,0.1428571428571428,19,9
96,0.9444574254983555,-0.02481761454243703,legacy67,minmax,0.6980952380952381,0.8780952380952383,0.18000000000000016,0.96,0.9733333333333334,0.01333333333333342,0.7380952380952381,0.9047619047619048,0.16666666666666663,20,9
96,0.9565499215943818,-0.019292359554919238,legacy67,minmax,0.6980952380952381,0.8780952380952383,0.18000000000000016,0.96,0.9733333333333334,0.01333333333333342,0.7380952380952381,0.9047619047619048,0.16666666666666663,20,9
96,1.1400863701127315,0.0569377536544464,legacy67,minmax,0.6980952380952381,0.8780952380952383,0.18000000000000016,0.96,0.9733333333333334,0.01333333333333342,0.7380952380952381,0.9047619047619048,0.16666666666666663,21,9
96,1.2030178871154662,0.08027208471124325,legacy67,minmax,0.7114285714285715,0.8780952380952383,0.16666666666666674,0.9733333333333334,0.9733333333333334,0.0,0.7380952380952381,0.9047619047619048,0.16666666666666663,21,9
96,1.2329098365270508,0.0909313175279762,legacy67,minmax,0.7114285714285715,0.8780952380952383,0.16666666666666674,0.9733333333333334,0.9733333333333334,0.0,0.7380952380952381,0.9047619047619048,0.16666666666666663,21,9
96,1.2561043700013554,0.09902572652895136,legacy67,minmax,0.7114285714285715,0.8780952380952383,0.16666666666666674,0.9733333333333334,0.9733333333333334,0.0,0.7380952380952381,0.9047619047619048,0.16666666666666663,22,9
96,1.4817820606039076,0.17078433263299386,legacy67,minmax,0.6980952380952381,0.8780952380952383,0.18000000000000016,0.96,0.9733333333333334,0.01333333333333342,0.7380952380952381,0.9047619047619048,0.16666666666666663,22,9
96,1.5375920235481748,0.1868411173731186,legacy67,minmax,0.6980952380952381,0.8780952380952383,0.18000000000000016,0.96,0.9733333333333334,0.01333333333333342,0.7380952380952381,0.9047619047619048,0.16666666666666663,23,9
96,1.7583640270008503,0.24510879027798493,legacy67,minmax,0.7219047619047618,0.8780952380952383,0.15619047619047643,0.96,0.9733333333333334,0.01333333333333342,0.7619047619047619,0.9047619047619048,0.1428571428571429,25,9
96,2.34238498471129,0.36965827544816987,legacy67,minmax,0.7457142857142856,0.8780952380952383,0.1323809523809527,0.96,0.9733333333333334,0.01333333333333342,0.7857142857142857,0.9047619047619048,0.11904761904761907,27,9
96,2.4637685958997446,0.39159991524434057,legacy67,minmax,0.7457142857142856,0.8780952380952383,0.1323809523809527,0.96,0.9733333333333334,0.01333333333333342,0.7857142857142857,0.9047619047619048,0.11904761904761907,28,9
96,2.4810409748678097,0.3946339367881464,legacy67,minmax,0.7457142857142856,0.8780952380952383,0.1323809523809527,0.96,0.9733333333333334,0.01333333333333342,0.7857142857142857,0.9047619047619048,0.11904761904761907,28,9
96,2.5378155082656626,0.40446004697283516,legacy67,minmax,0.7323809523809524,0.8780952380952383,0.1457142857142859,0.9466666666666667,0.9733333333333334,0.026666666666666727,0.7857142857142857,0.9047619047619048,0.11904761904761907,28,9
96,2.692646910086177,0.43017940760575346,legacy67,minmax,0.7323809523809524,0.8780952380952383,0.1457142857142859,0.9466666666666667,0.9733333333333334,0.026666666666666727,0.7857142857142857,0.9047619047619048,0.11904761904761907,29,9
96,2.801635158716258,0.4474115788895179,legacy67,minmax,0.7323809523809524,0.8780952380952383,0.1457142857142859,0.9466666666666667,0.9733333333333334,0.026666666666666727,0.7857142857142857,0.9047619047619048,0.11904761904761907,29,9
96,3.113095956122122,0.4931925073102317,legacy67,minmax,0.7561904761904761,0.8780952380952383,0.12190476190476218,0.9466666666666667,0.9733333333333334,0.026666666666666727,0.8095238095238095,0.9047619047619048,0.09523809523809523,31,9
96,3.550012525851159,0.5502298854208525,legacy67,minmax,0.7561904761904761,0.8780952380952383,0.12190476190476218,0.9466666666666667,0.9733333333333334,0.026666666666666727,0.8095238095238095,0.9047619047619048,0.09523809523809523,31,9
96,4.467752817973904,0.6500891374159279,legacy67,minmax,0.7561904761904761,0.8780952380952383,0.12190476190476218,0.9466666666666667,0.9733333333333334,0.026666666666666727,0.8095238095238095,0.9047619047619048,0.09523809523809523,31,9
96,5.456725485601473,0.7369321060486276,legacy67,minmax,0.7561904761904761,0.8780952380952383,0.12190476190476218,0.9466666666666667,0.9733333333333334,0.026666666666666727,0.8095238095238095,0.9047619047619048,0.09523809523809523,31,11
96,6.72093005015611,0.8274293753904685,legacy67,minmax,0.7323809523809524,0.8780952380952383,0.1457142857142859,0.9466666666666667,0.9733333333333334,0.026666666666666727,0.7857142857142857,0.9047619047619048,0.11904761904761907,32,9
96,6.7965780907581514,0.832290311184182,legacy67,minmax,0.7323809523809524,0.8780952380952383,0.1457142857142859,0.9466666666666667,0.9733333333333334,0.026666666666666727,0.7857142857142857,0.9047619047619048,0.11904761904761907,32,9
96,7.128188058401357,0.85297914889198,legacy67,minmax,0.7323809523809524,0.8780952380952383,0.1457142857142859,0.9466666666666667,0.9733333333333334,0.026666666666666727,0.7857142857142857,0.9047619047619048,0.11904761904761907,32,30
96,8.241925264876443,0.9160286721639492,legacy67,minmax,0.7323809523809524,0.8780952380952383,0.1457142857142859,0.9466666666666667,0.9733333333333334,0.026666666666666727,0.7857142857142857,0.9047619047619048,0.11904761904761907,32,30
96,8.287522363768153,0.9184247133522563,legacy67,minmax,0.7323809523809524,0.8780952380952383,0.1457142857142859,0.9466666666666667,0.9733333333333334,0.026666666666666727,0.7857142857142857,0.9047619047619048,0.11904761904761907,32,30
96,8.471801418819974,0.9279757672456204,legacy67,minmax,0.7323809523809524,0.8780952380952383,0.1457142857142859,0.9466666666666667,0.9733333333333334,0.026666666666666727,0.7857142857142857,0.9047619047619048,0.11904761904761907,32,30
96,11.044350847124681,1.0431401944675898,legacy67,minmax,0.7323809523809524,0.8780952380952383,0.1457142857142859,0.9466666666666667,0.9733333333333334,0.026666666666666727,0.7857142857142857,0.9047619047619048,0.11904761904761907,32,30
96,12.130221181165155,1.083868719818244,legacy67,minmax,0.7323809523809524,0.8780952380952383,0.1457142857142859,0.9466666666666667,0.9733333333333334,0.026666666666666727,0.7857142857142857,0.9047619047619048,0.11904761904761907,33,30
96,12.164139351417056,1.085081386743783,legacy67,minmax,0.7323809523809524,0.8780952380952383,0.1457142857142859,0.9466666666666667,0.9733333333333334,0.026666666666666727,0.7857142857142857,0.9047619047619048,0.11904761904761907,33,30
96,12.273800987852958,1.0889790771866297,legacy67,minmax,0.7323809523809524,0.8780952380952383,0.1457142857142859,0.9466666666666667,0.9733333333333334,0.026666666666666727,0.7857142857142857,0.9047619047619048,0.11904761904761907,33,30
96,12.604664585649452,1.1005312934444582,legacy67,minmax,0.7323809523809524,0.8780952380952383,0.1457142857142859,0.9466666666666667,0.9733333333333334,0.026666666666666727,0.7857142857142857,0.9047619047619048,0.11904761904761907,33,31
96,13.826232179369853,1.1407038455720544,legacy67,minmax,0.7323809523809524,0.8780952380952383,0.1457142857142859,0.9466666666666667,0.9733333333333334,0.026666666666666727,0.7857142857142857,0.9047619047619048,0.11904761904761907,33,32
96,16.172900811143133,1.2087879230161587,legacy67,minmax,0.7323809523809524,0.8780952380952383,0.1457142857142859,0.9466666666666667,0.9733333333333334,0.026666666666666727,0.7857142857142857,0.9047619047619048,0.11904761904761907,33,32
96,17.123375973163967,1.2335893924658445,legacy67,minmax,0.7323809523809524,0.8780952380952383,0.1457142857142859,0.9466666666666667,0.9733333333333334,0.026666666666666727,0.7857142857142857,0.9047619047619048,0.11904761904761907,33,32
96,18.274508859816006,1.2618457138193366,legacy67,minmax,0.7190476190476192,0.8780952380952383,0.1590476190476191,0.9333333333333333,0.9733333333333334,0.040000000000000036,0.7857142857142857,0.9047619047619048,0.11904761904761907,33,32
96,20.65142557895924,1.3149500366077174,legacy67,minmax,0.7190476190476192,0.8780952380952383,0.1590476190476191,0.9333333333333333,0.9733333333333334,0.040000000000000036,0.7857142857142857,0.9047619047619048,0.11904761904761907,33,32
96,21.36832907235874,1.329770563201687,legacy67,minmax,0.7190476190476192,0.8780952380952383,0.1590476190476191,0.9333333333333333,0.9733333333333334,0.040000000000000036,0.7857142857142857,0.9047619047619048,0.11904761904761907,33,32
96,28.340904295147727,1.452413703502374,legacy67,minmax,0.7190476190476192,0.8780952380952383,0.1590476190476191,0.9333333333333333,0.9733333333333334,0.040000000000000036,0.7857142857142857,0.9047619047619048,0.11904761904761907,33,32
96,29.154431891537524,1.4647045830997407,legacy67,minmax,0.7190476190476192,0.8780952380952383,0.1590476190476191,0.9333333333333333,0.9733333333333334,0.040000000000000036,0.7857142857142857,0.9047619047619048,0.11904761904761907,33,32
96,35.387588647792384,1.5488509703053062,legacy67,minmax,0.7190476190476192,0.8780952380952383,0.1590476190476191,0.9333333333333333,0.9733333333333334,0.040000000000000036,0.7857142857142857,0.9047619047619048,0.11904761904761907,33,32
96,37.95853142670639,1.5793094017105953,legacy67,minmax,0.7190476190476192,0.8780952380952383,0.1590476190476191,0.9333333333333333,0.9733333333333334,0.040000000000000036,0.7857142857142857,0.9047619047619048,0.11904761904761907,33,33
96,43.37920697490936,1.6372816083151283,legacy67,minmax,0.7057142857142857,0.8780952380952383,0.17238095238095252,0.92,0.9733333333333334,0.053333333333333344,0.7857142857142857,0.9047619047619048,0.11904761904761907,33,33
96,48.69640941520897,1.6874969400924673,legacy67,minmax,0.7057142857142857,0.8780952380952383,0.17238095238095252,0.92,0.9733333333333334,0.053333333333333344,0.7857142857142857,0.9047619047619048,0.11904761904761907,33,33
96,57.279044707996185,1.7579957662567565,legacy67,minmax,0.7057142857142857,0.8780952380952383,0.17238095238095252,0.92,0.9733333333333334,0.053333333333333344,0.7857142857142857,0.9047619047619048,0.11904761904761907,33,33
96,62.45139574743064,1.795542149013333,legacy67,minmax,0.6819047619047618,0.8780952380952383,0.19619047619047647,0.92,0.9733333333333334,0.053333333333333344,0.7619047619047619,0.9047619047619048,0.1428571428571429,33,33
96,63.512210106406926,1.8028572256396647,legacy67,minmax,0.6819047619047618,0.8780952380952383,0.19619047619047647,0.92,0.9733333333333334,0.053333333333333344,0.7619047619047619,0.9047619047619048,0.1428571428571429,33,33
96,72.86653737491037,1.8625281322982374,legacy67,minmax,0.6819047619047618,0.8780952380952383,0.19619047619047647,0.92,0.9733333333333334,0.053333333333333344,0.7619047619047619,0.9047619047619048,0.1428571428571429,33,33
96,75.56810141274423,1.8783385110582342,legacy67,minmax,0.6819047619047618,0.8780952380952383,0.19619047619047647,0.92,0.9733333333333334,0.053333333333333344,0.7619047619047619,0.9047619047619048,0.1428571428571429,33,33
96,75.79479953347995,1.8796394086479773,legacy67,minmax,0.6819047619047618,0.8780952380952383,0.19619047619047647,0.92,0.9733333333333334,0.053333333333333344,0.7619047619047619,0.9047619047619048,0.1428571428571429,33,33
96,88.62326508576248,1.9475477464020692,legacy67,minmax,0.6819047619047618,0.8647619047619046,0.18285714285714283,0.92,0.96,0.039999999999999925,0.7619047619047619,0.9047619047619048,0.1428571428571429,33,33
97,0.010521761868451128,-1.9779115315055904,legacy67,minmax,0.0,0.0,0.0,1.0,1.0,0.0,0.0,0.0,0.0,0,0
97,0.012087541473056955,-1.9176620228167902,legacy67,minmax,0.0,0.0,0.0,1.0,1.0,0.0,0.0,0.0,0.0,0,0
97,0.01263794633808287,-1.8983234930236192,legacy67,minmax,0.0,0.0,0.0,1.0,1.0,0.0,0.0,0.0,0.0,0,0
97,0.013726318898045865,-1.8624459155391264,legacy67,minmax,0.0,0.0,0.0,1.0,1.0,0.0,0.0,0.0,0.0,0,0
97,0.0151673306880762,-1.8190908443578477,legacy67,minmax,0.0,0.0,0.0,1.0,1.0,0.0,0.0,0.0,0.0,0,0
97,0.015339162591163618,-1.814198349120009,legacy67,minmax,0.0,0.0,0.0,1.0,1.0,0.0,0.0,0.0,0.0,0,0
97,0.017073967431528118,-1.7676655513272022,legacy67,minmax,0.0,0.0,0.0,1.0,1.0,0.0,0.0,0.0,0.0,1,1
97,0.017956984225677628,-1.7457665988559055,legacy67,minmax,0.0,0.0,0.0,1.0,1.0,0.0,0.0,0.0,0.0,2,1
97,0.018205657658407252,-1.739793628058882,legacy67,minmax,0.0,0.0,0.0,1.0,1.0,0.0,0.0,0.0,0.0,2,1
97,0.019777828512462715,-1.7038213930636386,legacy67,minmax,0.11904761904761907,0.0,-0.11904761904761907,1.0,1.0,0.0,0.11904761904761904,0.0,-0.11904761904761904,2,1
97,0.01987021538542862,-1.7017974252809167,legacy67,minmax,0.11904761904761907,0.0,-0.11904761904761907,1.0,1.0,0.0,0.11904761904761904,0.0,-0.11904761904761904,2,1
97,0.022592797420156945,-1.646029991792322,legacy67,minmax,0.19047619047619047,0.40476190476190466,0.2142857142857142,1.0,1.0,0.0,0.19047619047619047,0.40476190476190477,0.2142857142857143,3,2
97,0.024586032763280048,-1.6093115439744645,legacy67,minmax,0.23809523809523814,0.40476190476190466,0.16666666666666652,1.0,1.0,0.0,0.23809523809523808,0.40476190476190477,0.16666666666666669,3,2
97,0.027012557725439066,-1.5684342920267822,legacy67,minmax,0.26190476190476186,0.40476190476190466,0.1428571428571428,1.0,1.0,0.0,0.2619047619047619,0.40476190476190477,0.14285714285714285,4,2
97,0.029072088906598435,-1.5365237618994811,legacy67,minmax,0.30952380952380953,0.40476190476190466,0.09523809523809512,1.0,1.0,0.0,0.30952380952380953,0.40476190476190477,0.09523809523809523,4,2
97,0.030086868214458433,-1.5216230162467932,legacy67,minmax,0.40476190476190466,0.40476190476190466,0.0,1.0,1.0,0.0,0.40476190476190477,0.40476190476190477,0.0,4,3
97,0.030771802712506853,-1.5118470606208847,legacy67,minmax,0.40476190476190466,0.40476190476190466,0.0,1.0,1.0,0.0,0.40476190476190477,0.40476190476190477,0.0,4,4
97,0.036138942712165265,-1.4420245573918327,legacy67,minmax,0.40476190476190466,0.4285714285714286,0.023809523809523947,1.0,1.0,0.0,0.40476190476190477,0.42857142857142855,0.02380952380952378,4,4
97,0.03661819220392428,-1.4363031001009494,legacy67,minmax,0.40476190476190466,0.4285714285714286,0.023809523809523947,1.0,1.0,0.0,0.40476190476190477,0.42857142857142855,0.02380952380952378,4,4
97,0.04207053950287936,-1.3760219186551894,legacy67,minmax,0.4285714285714286,0.4761904761904763,0.04761904761904767,1.0,1.0,0.0,0.42857142857142855,0.47619047619047616,0.047619047619047616,4,4
97,0.04207988669606635,-1.375925438230254,legacy67,minmax,0.4285714285714286,0.4761904761904763,0.04761904761904767,1.0,1.0,0.0,0.42857142857142855,0.47619047619047616,0.047619047619047616,4,4
97,0.04809461967501572,-1.3179035052508339,legacy67,minmax,0.5,0.4761904761904763,-0.023809523809523725,1.0,1.0,0.0,0.5,0.47619047619047616,-0.023809523809523836,5,4
97,0.05337032762603955,-1.2727001311715975,legacy67,minmax,0.5476190476190477,0.4761904761904763,-0.0714285714285714,1.0,1.0,0.0,0.5476190476190477,0.47619047619047616,-0.07142857142857151,5,4
97,0.05415244119402536,-1.2663819605862647,legacy67,minmax,0.5476190476190477,0.6161904761904764,0.06857142857142873,1.0,0.9733333333333334,-0.026666666666666616,0.5476190476190477,0.6428571428571429,0.09523809523809523,5,4
97,0.05488047000766042,-1.2605821778978918,legacy67,minmax,0.5476190476190477,0.6161904761904764,0.06857142857142873,1.0,0.9733333333333334,-0.026666666666666616,0.5476190476190477,0.6428571428571429,0.09523809523809523,5,4
97,0.060803901902965994,-1.2160685503234192,legacy67,minmax,0.5714285714285714,0.6161904761904764,0.044761904761905,1.0,0.9733333333333334,-0.026666666666666616,0.5714285714285714,0.6428571428571429,0.07142857142857151,6,4
97,0.06235377135673155,-1.2051372738633104,legacy67,minmax,0.5714285714285714,0.6161904761904764,0.044761904761905,1.0,0.9733333333333334,-0.026666666666666616,0.5714285714285714,0.6428571428571429,0.07142857142857151,6,4
97,0.06290644294586147,-1.201304871366561,legacy67,minmax,0.5714285714285714,0.6161904761904764,0.044761904761905,1.0,0.9733333333333334,-0.026666666666666616,0.5714285714285714,0.6428571428571429,0.07142857142857151,6,4
97,0.07068974950624601,-1.1506435572868954,legacy67,minmax,0.5714285714285714,0.6161904761904764,0.044761904761905,1.0,0.9733333333333334,-0.026666666666666616,0.5714285714285714,0.6428571428571429,0.07142857142857151,6,5
97,0.10842262717330158,-0.9648800735999323,legacy67,minmax,0.5952380952380953,0.6742857142857144,0.07904761904761903,1.0,0.96,-0.040000000000000036,0.5952380952380952,0.7142857142857143,0.11904761904761907,8,7
97,0.12172958098369964,-0.9146038729044164,legacy67,minmax,0.5952380952380953,0.6742857142857144,0.07904761904761903,1.0,0.96,-0.040000000000000036,0.5952380952380952,0.7142857142857143,0.11904761904761907,10,7
97,0.1329652145729951,-0.876261961250477,legacy67,minmax,0.5952380952380953,0.6742857142857144,0.07904761904761903,1.0,0.96,-0.040000000000000036,0.5952380952380952,0.7142857142857143,0.11904761904761907,10,7
97,0.14618962793704957,-0.8350834392078323,legacy67,minmax,0.5952380952380953,0.6742857142857144,0.07904761904761903,1.0,0.96,-0.040000000000000036,0.5952380952380952,0.7142857142857143,0.11904761904761907,10,7
97,0.14742753159914665,-0.8314214058591274,legacy67,minmax,0.5952380952380953,0.6742857142857144,0.07904761904761903,1.0,0.96,-0.040000000000000036,0.5952380952380952,0.7142857142857143,0.11904761904761907,10,7
97,0.16480446427978968,-0.7830310281618491,legacy67,minmax,0.5952380952380953,0.6342857142857143,0.039047619047619,1.0,0.92,-0.07999999999999996,0.5952380952380952,0.7142857142857143,0.11904761904761907,10,7
97,0.16536937182824418,-0.7815449233065173,legacy67,minmax,0.5952380952380953,0.6342857142857143,0.039047619047619,1.0,0.92,-0.07999999999999996,0.5952380952380952,0.7142857142857143,0.11904761904761907,10,7
97,0.1753594952976441,-0.7560707131373512,legacy67,minmax,0.5952380952380953,0.6342857142857143,0.039047619047619,1.0,0.92,-0.07999999999999996,0.5952380952380952,0.7142857142857143,0.11904761904761907,11,7
97,0.17654048052495064,-0.7531556956423562,legacy67,minmax,0.5819047619047619,0.6342857142857143,0.05238095238095242,0.9866666666666667,0.92,-0.06666666666666665,0.5952380952380952,0.7142857142857143,0.11904761904761907,11,7
97,0.1998634077852887,-0.6992667118930118,legacy67,minmax,0.5819047619047619,0.6342857142857143,0.05238095238095242,0.9866666666666667,0.92,-0.06666666666666665,0.5952380952380952,0.7142857142857143,0.11904761904761907,12,7
97,0.2001342062287997,-0.6986786769469426,legacy67,minmax,0.5819047619047619,0.6342857142857143,0.05238095238095242,0.9866666666666667,0.92,-0.06666666666666665,0.5952380952380952,0.7142857142857143,0.11904761904761907,12,7
97,0.21066486017042194,-0.6764079005894033,legacy67,minmax,0.5819047619047619,0.6580952380952381,0.07619047619047614,0.9866666666666667,0.92,-0.06666666666666665,0.5952380952380952,0.7380952380952381,0.1428571428571429,13,7
97,0.2673088310781669,-0.5729866932256429,legacy67,minmax,0.558095238095238,0.6580952380952381,0.10000000000000009,0.9866666666666667,0.92,-0.06666666666666665,0.5714285714285714,0.7380952380952381,0.16666666666666674,14,7
97,0.2715581955282939,-0.5661370858229096,legacy67,minmax,0.558095238095238,0.6580952380952381,0.10000000000000009,0.9866666666666667,0.92,-0.06666666666666665,0.5714285714285714,0.7380952380952381,0.16666666666666674,14,7
97,0.292043384718141,-0.5345526268252332,legacy67,minmax,0.558095238095238,0.6580952380952381,0.10000000000000009,0.9866666666666667,0.92,-0.06666666666666665,0.5714285714285714,0.7380952380952381,0.16666666666666674,15,7
97,0.314891164795686,-0.50183952461055,legacy67,minmax,0.558095238095238,0.6580952380952381,0.10000000000000009,0.9866666666666667,0.92,-0.06666666666666665,0.5714285714285714,0.7380952380952381,0.16666666666666674,16,7
97,0.35868164986275475,-0.44529084124207197,legacy67,minmax,0.558095238095238,0.6580952380952381,0.10000000000000009,0.9866666666666667,0.92,-0.06666666666666665,0.5714285714285714,0.7380952380952381,0.16666666666666674,17,7
97,0.5130551760589832,-0.2898359265658015,legacy67,minmax,0.6057142857142859,0.6580952380952381,0.052380952380952195,0.9866666666666667,0.92,-0.06666666666666665,0.6190476190476191,0.7380952380952381,0.11904761904761907,20,7
97,0.5342937261279772,-0.27221992543153695,legacy67,minmax,0.6057142857142859,0.6580952380952381,0.052380952380952195,0.9866666666666667,0.92,-0.06666666666666665,0.6190476190476191,0.7380952380952381,0.11904761904761907,20,7
97,0.5762487216478598,-0.23939002504159476,legacy67,minmax,0.6295238095238096,0.6580952380952381,0.02857142857142847,0.9866666666666667,0.92,-0.06666666666666665,0.6428571428571429,0.7380952380952381,0.09523809523809523,21,7
97,0.6672367170464204,-0.17572006313185626,legacy67,minmax,0.6295238095238096,0.6580952380952381,0.02857142857142847,0.9866666666666667,0.92,-0.06666666666666665,0.6428571428571429,0.7380952380952381,0.09523809523809523,22,7
97,0.7742116473996242,-0.1111402993522028,legacy67,minmax,0.6533333333333333,0.7295238095238097,0.07619047619047636,0.9866666666666667,0.92,-0.06666666666666665,0.6666666666666666,0.8095238095238095,0.1428571428571429,22,7
97,0.9444574254983555,-0.02481761454243703,legacy67,minmax,0.6295238095238096,0.7295238095238097,0.10000000000000009,0.9866666666666667,0.92,-0.06666666666666665,0.6428571428571429,0.8095238095238095,0.16666666666666663,23,7
97,0.9565499215943818,-0.019292359554919238,legacy67,minmax,0.6295238095238096,0.7295238095238097,0.10000000000000009,0.9866666666666667,0.92,-0.06666666666666665,0.6428571428571429,0.8095238095238095,0.16666666666666663,23,7
97,1.1400863701127315,0.0569377536544464,legacy67,minmax,0.6295238095238096,0.7295238095238097,0.10000000000000009,0.9866666666666667,0.92,-0.06666666666666665,0.6428571428571429,0.8095238095238095,0.16666666666666663,23,7
97,1.2030178871154662,0.08027208471124325,legacy67,minmax,0.6295238095238096,0.7295238095238097,0.10000000000000009,0.9866666666666667,0.92,-0.06666666666666665,0.6428571428571429,0.8095238095238095,0.16666666666666663,23,7
97,1.2329098365270508,0.0909313175279762,legacy67,minmax,0.6295238095238096,0.7295238095238097,0.10000000000000009,0.9866666666666667,0.92,-0.06666666666666665,0.6428571428571429,0.8095238095238095,0.16666666666666663,23,7
97,1.2561043700013554,0.09902572652895136,legacy67,minmax,0.6295238095238096,0.7295238095238097,0.10000000000000009,0.9866666666666667,0.92,-0.06666666666666665,0.6428571428571429,0.8095238095238095,0.16666666666666663,23,7
97,1.4817820606039076,0.17078433263299386,legacy67,minmax,0.6295238095238096,0.7295238095238097,0.10000000000000009,0.9866666666666667,0.92,-0.06666666666666665,0.6428571428571429,0.8095238095238095,0.16666666666666663,25,7
97,1.5375920235481748,0.1868411173731186,legacy67,minmax,0.6295238095238096,0.7295238095238097,0.10000000000000009,0.9866666666666667,0.92,-0.06666666666666665,0.6428571428571429,0.8095238095238095,0.16666666666666663,24,7
97,1.7583640270008503,0.24510879027798493,legacy67,minmax,0.6057142857142859,0.7295238095238097,0.12380952380952381,0.9866666666666667,0.92,-0.06666666666666665,0.6190476190476191,0.8095238095238095,0.19047619047619047,24,7
97,2.34238498471129,0.36965827544816987,legacy67,minmax,0.6295238095238096,0.7295238095238097,0.10000000000000009,0.9866666666666667,0.92,-0.06666666666666665,0.6428571428571429,0.8095238095238095,0.16666666666666663,26,7
97,2.4637685958997446,0.39159991524434057,legacy67,minmax,0.6295238095238096,0.7295238095238097,0.10000000000000009,0.9866666666666667,0.92,-0.06666666666666665,0.6428571428571429,0.8095238095238095,0.16666666666666663,27,7
97,2.4810409748678097,0.3946339367881464,legacy67,minmax,0.6295238095238096,0.7295238095238097,0.10000000000000009,0.9866666666666667,0.92,-0.06666666666666665,0.6428571428571429,0.8095238095238095,0.16666666666666663,27,7
97,2.5378155082656626,0.40446004697283516,legacy67,minmax,0.6295238095238096,0.7295238095238097,0.10000000000000009,0.9866666666666667,0.92,-0.06666666666666665,0.6428571428571429,0.8095238095238095,0.16666666666666663,27,7
97,2.692646910086177,0.43017940760575346,legacy67,minmax,0.6161904761904764,0.7295238095238097,0.11333333333333329,0.9733333333333334,0.92,-0.053333333333333344,0.6428571428571429,0.8095238095238095,0.16666666666666663,28,7
97,2.801635158716258,0.4474115788895179,legacy67,minmax,0.6161904761904764,0.7295238095238097,0.11333333333333329,0.9733333333333334,0.92,-0.053333333333333344,0.6428571428571429,0.8095238095238095,0.16666666666666663,29,7
97,3.113095956122122,0.4931925073102317,legacy67,minmax,0.6161904761904764,0.7295238095238097,0.11333333333333329,0.9733333333333334,0.92,-0.053333333333333344,0.6428571428571429,0.8095238095238095,0.16666666666666663,29,7
97,3.550012525851159,0.5502298854208525,legacy67,minmax,0.6400000000000001,0.7295238095238097,0.08952380952380956,0.9733333333333334,0.92,-0.053333333333333344,0.6666666666666666,0.8095238095238095,0.1428571428571429,29,7
97,4.467752817973904,0.6500891374159279,legacy67,minmax,0.6400000000000001,0.7295238095238097,0.08952380952380956,0.9733333333333334,0.92,-0.053333333333333344,0.6666666666666666,0.8095238095238095,0.1428571428571429,29,7
97,5.456725485601473,0.7369321060486276,legacy67,minmax,0.6266666666666665,0.7295238095238097,0.1028571428571432,0.96,0.92,-0.039999999999999925,0.6666666666666666,0.8095238095238095,0.1428571428571429,28,7
97,6.72093005015611,0.8274293753904685,legacy67,minmax,0.6028571428571428,0.7295238095238097,0.12666666666666693,0.96,0.92,-0.039999999999999925,0.6428571428571429,0.8095238095238095,0.16666666666666663,29,7
97,6.7965780907581514,0.832290311184182,legacy67,minmax,0.6028571428571428,0.7295238095238097,0.12666666666666693,0.96,0.92,-0.039999999999999925,0.6428571428571429,0.8095238095238095,0.16666666666666663,29,7
97,7.128188058401357,0.85297914889198,legacy67,minmax,0.5895238095238096,0.7295238095238097,0.14000000000000012,0.9466666666666667,0.92,-0.026666666666666616,0.6428571428571429,0.8095238095238095,0.16666666666666663,30,7
97,8.241925264876443,0.9160286721639492,legacy67,minmax,0.5895238095238096,0.7295238095238097,0.14000000000000012,0.9466666666666667,0.92,-0.026666666666666616,0.6428571428571429,0.8095238095238095,0.16666666666666663,30,7
97,8.287522363768153,0.9184247133522563,legacy67,minmax,0.5895238095238096,0.7295238095238097,0.14000000000000012,0.9466666666666667,0.92,-0.026666666666666616,0.6428571428571429,0.8095238095238095,0.16666666666666663,30,7
97,8.471801418819974,0.9279757672456204,legacy67,minmax,0.5895238095238096,0.7295238095238097,0.14000000000000012,0.9466666666666667,0.92,-0.026666666666666616,0.6428571428571429,0.8095238095238095,0.16666666666666663,30,7
97,11.044350847124681,1.0431401944675898,legacy67,minmax,0.6000000000000001,0.7295238095238097,0.1295238095238096,0.9333333333333333,0.92,-0.013333333333333308,0.6666666666666666,0.8095238095238095,0.1428571428571429,30,7
97,12.130221181165155,1.083868719818244,legacy67,minmax,0.6000000000000001,0.7295238095238097,0.1295238095238096,0.9333333333333333,0.92,-0.013333333333333308,0.6666666666666666,0.8095238095238095,0.1428571428571429,30,20
97,12.164139351417056,1.085081386743783,legacy67,minmax,0.6000000000000001,0.7295238095238097,0.1295238095238096,0.9333333333333333,0.92,-0.013333333333333308,0.6666666666666666,0.8095238095238095,0.1428571428571429,30,21
97,12.273800987852958,1.0889790771866297,legacy67,minmax,0.6000000000000001,0.7295238095238097,0.1295238095238096,0.9333333333333333,0.92,-0.013333333333333308,0.6666666666666666,0.8095238095238095,0.1428571428571429,31,21
97,12.604664585649452,1.1005312934444582,legacy67,minmax,0.6000000000000001,0.7295238095238097,0.1295238095238096,0.9333333333333333,0.92,-0.013333333333333308,0.6666666666666666,0.8095238095238095,0.1428571428571429,31,21
97,13.826232179369853,1.1407038455720544,legacy67,minmax,0.6000000000000001,0.7295238095238097,0.1295238095238096,0.9333333333333333,0.92,-0.013333333333333308,0.6666666666666666,0.8095238095238095,0.1428571428571429,31,21
97,16.172900811143133,1.2087879230161587,legacy67,minmax,0.6000000000000001,0.7295238095238097,0.1295238095238096,0.9333333333333333,0.92,-0.013333333333333308,0.6666666666666666,0.8095238095238095,0.1428571428571429,32,23
97,17.123375973163967,1.2335893924658445,legacy67,minmax,0.6000000000000001,0.7295238095238097,0.1295238095238096,0.9333333333333333,0.92,-0.013333333333333308,0.6666666666666666,0.8095238095238095,0.1428571428571429,33,24
97,18.274508859816006,1.2618457138193366,legacy67,minmax,0.6000000000000001,0.7295238095238097,0.1295238095238096,0.9333333333333333,0.92,-0.013333333333333308,0.6666666666666666,0.8095238095238095,0.1428571428571429,33,24
97,20.65142557895924,1.3149500366077174,legacy67,minmax,0.6000000000000001,0.7428571428571429,0.1428571428571428,0.9333333333333333,0.9333333333333333,0.0,0.6666666666666666,0.8095238095238095,0.1428571428571429,33,25
97,21.36832907235874,1.329770563201687,legacy67,minmax,0.6000000000000001,0.7428571428571429,0.1428571428571428,0.9333333333333333,0.9333333333333333,0.0,0.6666666666666666,0.8095238095238095,0.1428571428571429,33,25
97,28.340904295147727,1.452413703502374,legacy67,minmax,0.5866666666666667,0.7428571428571429,0.1561904761904762,0.92,0.9333333333333333,0.013333333333333308,0.6666666666666666,0.8095238095238095,0.1428571428571429,33,25
97,29.154431891537524,1.4647045830997407,legacy67,minmax,0.5866666666666667,0.7428571428571429,0.1561904761904762,0.92,0.9333333333333333,0.013333333333333308,0.6666666666666666,0.8095238095238095,0.1428571428571429,33,25
97,35.387588647792384,1.5488509703053062,legacy67,minmax,0.5866666666666667,0.7428571428571429,0.1561904761904762,0.92,0.9333333333333333,0.013333333333333308,0.6666666666666666,0.8095238095238095,0.1428571428571429,33,26
97,37.95853142670639,1.5793094017105953,legacy67,minmax,0.5866666666666667,0.7428571428571429,0.1561904761904762,0.92,0.9333333333333333,0.013333333333333308,0.6666666666666666,0.8095238095238095,0.1428571428571429,33,26
97,43.37920697490936,1.6372816083151283,legacy67,minmax,0.5733333333333333,0.7295238095238097,0.15619047619047643,0.9066666666666666,0.92,0.01333333333333342,0.6666666666666666,0.8095238095238095,0.1428571428571429,33,26
97,48.69640941520897,1.6874969400924673,legacy67,minmax,0.5733333333333333,0.7295238095238097,0.15619047619047643,0.9066666666666666,0.92,0.01333333333333342,0.6666666666666666,0.8095238095238095,0.1428571428571429,33,27
97,57.279044707996185,1.7579957662567565,legacy67,minmax,0.5733333333333333,0.7295238095238097,0.15619047619047643,0.9066666666666666,0.92,0.01333333333333342,0.6666666666666666,0.8095238095238095,0.1428571428571429,33,27
97,62.45139574743064,1.795542149013333,legacy67,minmax,0.5733333333333333,0.7295238095238097,0.15619047619047643,0.9066666666666666,0.92,0.01333333333333342,0.6666666666666666,0.8095238095238095,0.1428571428571429,33,27
97,63.512210106406926,1.8028572256396647,legacy67,minmax,0.5733333333333333,0.7295238095238097,0.15619047619047643,0.9066666666666666,0.92,0.01333333333333342,0.6666666666666666,0.8095238095238095,0.1428571428571429,33,27
97,72.86653737491037,1.8625281322982374,legacy67,minmax,0.5733333333333333,0.7295238095238097,0.15619047619047643,0.9066666666666666,0.92,0.01333333333333342,0.6666666666666666,0.8095238095238095,0.1428571428571429,33,29
97,75.56810141274423,1.8783385110582342,legacy67,minmax,0.5733333333333333,0.7295238095238097,0.15619047619047643,0.9066666666666666,0.92,0.01333333333333342,0.6666666666666666,0.8095238095238095,0.1428571428571429,33,29
97,75.79479953347995,1.8796394086479773,legacy67,minmax,0.5733333333333333,0.7295238095238097,0.15619047619047643,0.9066666666666666,0.92,0.01333333333333342,0.6666666666666666,0.8095238095238095,0.1428571428571429,33,29
97,88.62326508576248,1.9475477464020692,legacy67,minmax,0.5733333333333333,0.7295238095238097,0.15619047619047643,0.9066666666666666,0.92,0.01333333333333342,0.6666666666666666,0.8095238095238095,0.1428571428571429,33,30
98,0.010521761868451128,-1.9779115315055904,legacy67,minmax,0.0,0.0,0.0,1.0,1.0,0.0,0.0,0.0,0.0,0,0
98,0.012087541473056955,-1.9176620228167902,legacy67,minmax,0.0,0.0,0.0,1.0,1.0,0.0,0.0,0.0,0.0,0,0
98,0.01263794633808287,-1.8983234930236192,legacy67,minmax,0.0,0.0,0.0,1.0,1.0,0.0,0.0,0.0,0.0,0,0
98,0.013726318898045865,-1.8624459155391264,legacy67,minmax,0.0,0.0,0.0,1.0,1.0,0.0,0.0,0.0,0.0,0,0
98,0.0151673306880762,-1.8190908443578477,legacy67,minmax,0.0,0.0,0.0,1.0,1.0,0.0,0.0,0.0,0.0,0,0
98,0.015339162591163618,-1.814198349120009,legacy67,minmax,0.0,0.0,0.0,1.0,1.0,0.0,0.0,0.0,0.0,0,0
98,0.017073967431528118,-1.7676655513272022,legacy67,minmax,0.0,0.0,0.0,1.0,1.0,0.0,0.0,0.0,0.0,2,0
98,0.017956984225677628,-1.7457665988559055,legacy67,minmax,0.0,0.0,0.0,1.0,1.0,0.0,0.0,0.0,0.0,2,1
98,0.018205657658407252,-1.739793628058882,legacy67,minmax,0.0,0.0,0.0,1.0,1.0,0.0,0.0,0.0,0.0,2,1
98,0.019777828512462715,-1.7038213930636386,legacy67,minmax,0.04761904761904767,0.0,-0.04761904761904767,1.0,1.0,0.0,0.047619047619047616,0.0,-0.047619047619047616,2,1
98,0.01987021538542862,-1.7017974252809167,legacy67,minmax,0.04761904761904767,0.0,-0.04761904761904767,1.0,1.0,0.0,0.047619047619047616,0.0,-0.047619047619047616,2,1
98,0.022592797420156945,-1.646029991792322,legacy67,minmax,0.2142857142857142,0.32000000000000006,0.10571428571428587,1.0,0.9866666666666667,-0.013333333333333308,0.21428571428571427,0.3333333333333333,0.11904761904761904,3,2
98,0.024586032763280048,-1.6093115439744645,legacy67,minmax,0.23809523809523814,0.4152380952380952,0.17714285714285705,1.0,0.9866666666666667,-0.013333333333333308,0.23809523809523808,0.42857142857142855,0.19047619047619047,3,3
98,0.027012557725439066,-1.5684342920267822,legacy67,minmax,0.2857142857142856,0.4152380952380952,0.1295238095238096,1.0,0.9866666666666667,-0.013333333333333308,0.2857142857142857,0.42857142857142855,0.14285714285714285,3,3
98,0.029072088906598435,-1.5365237618994811,legacy67,minmax,0.33333333333333326,0.46285714285714286,0.1295238095238096,1.0,0.9866666666666667,-0.013333333333333308,0.3333333333333333,0.47619047619047616,0.14285714285714285,3,3
98,0.030086868214458433,-1.5216230162467932,legacy67,minmax,0.4285714285714286,0.46285714285714286,0.03428571428571425,1.0,0.9866666666666667,-0.013333333333333308,0.42857142857142855,0.47619047619047616,0.047619047619047616,3,3
98,0.030771802712506853,-1.5118470606208847,legacy67,minmax,0.4285714285714286,0.46285714285714286,0.03428571428571425,1.0,0.9866666666666667,-0.013333333333333308,0.42857142857142855,0.47619047619047616,0.047619047619047616,3,3
98,0.036138942712165265,-1.4420245573918327,legacy67,minmax,0.45238095238095233,0.46285714285714286,0.010476190476190528,1.0,0.9866666666666667,-0.013333333333333308,0.4523809523809524,0.47619047619047616,0.02380952380952378,3,3
98,0.03661819220392428,-1.4363031001009494,legacy67,minmax,0.45238095238095233,0.46285714285714286,0.010476190476190528,1.0,0.9866666666666667,-0.013333333333333308,0.4523809523809524,0.47619047619047616,0.02380952380952378,3,3
98,0.04207053950287936,-1.3760219186551894,legacy67,minmax,0.46285714285714286,0.46285714285714286,0.0,0.9866666666666667,0.9866666666666667,0.0,0.47619047619047616,0.47619047619047616,0.0,4,3
98,0.04207988669606635,-1.375925438230254,legacy67,minmax,0.46285714285714286,0.46285714285714286,0.0,0.9866666666666667,0.9866666666666667,0.0,0.47619047619047616,0.47619047619047616,0.0,4,3
98,0.04809461967501572,-1.3179035052508339,legacy67,minmax,0.6057142857142859,0.6000000000000001,-0.005714285714285783,0.9866666666666667,0.9333333333333333,-0.053333333333333344,0.6190476190476191,0.6666666666666666,0.04761904761904756,4,3
98,0.05337032762603955,-1.2727001311715975,legacy67,minmax,0.6057142857142859,0.6714285714285715,0.06571428571428561,0.9866666666666667,0.9333333333333333,-0.053333333333333344,0.6190476190476191,0.7380952380952381,0.11904761904761907,5,3
98,0.05415244119402536,-1.2663819605862647,legacy67,minmax,0.6057142857142859,0.6714285714285715,0.06571428571428561,0.9866666666666667,0.9333333333333333,-0.053333333333333344,0.6190476190476191,0.7380952380952381,0.11904761904761907,6,3
98,0.05488047000766042,-1.2605821778978918,legacy67,minmax,0.6057142857142859,0.6714285714285715,0.06571428571428561,0.9866666666666667,0.9333333333333333,-0.053333333333333344,0.6190476190476191,0.7380952380952381,0.11904761904761907,6,3
98,0.060803901902965994,-1.2160685503234192,legacy67,minmax,0.6057142857142859,0.7666666666666666,0.16095238095238074,0.9866666666666667,0.9333333333333333,-0.053333333333333344,0.6190476190476191,0.8333333333333334,0.2142857142857143,6,3
98,0.06235377135673155,-1.2051372738633104,legacy67,minmax,0.6057142857142859,0.7666666666666666,0.16095238095238074,0.9866666666666667,0.9333333333333333,-0.053333333333333344,0.6190476190476191,0.8333333333333334,0.2142857142857143,6,3
98,0.06290644294586147,-1.201304871366561,legacy67,minmax,0.6057142857142859,0.7666666666666666,0.16095238095238074,0.9866666666666667,0.9333333333333333,-0.053333333333333344,0.6190476190476191,0.8333333333333334,0.2142857142857143,6,3
98,0.07068974950624601,-1.1506435572868954,legacy67,minmax,0.6057142857142859,0.7666666666666666,0.16095238095238074,0.9866666666666667,0.9333333333333333,-0.053333333333333344,0.6190476190476191,0.8333333333333334,0.2142857142857143,6,3
98,0.10842262717330158,-0.9648800735999323,legacy67,minmax,0.6533333333333333,0.7666666666666666,0.11333333333333329,0.9866666666666667,0.9333333333333333,-0.053333333333333344,0.6666666666666666,0.8333333333333334,0.16666666666666674,7,6
98,0.12172958098369964,-0.9146038729044164,legacy67,minmax,0.6638095238095238,0.7666666666666666,0.10285714285714276,0.9733333333333334,0.9333333333333333,-0.040000000000000036,0.6904761904761905,0.8333333333333334,0.1428571428571429,7,6
98,0.1329652145729951,-0.876261961250477,legacy67,minmax,0.6638095238095238,0.7666666666666666,0.10285714285714276,0.9733333333333334,0.9333333333333333,-0.040000000000000036,0.6904761904761905,0.8333333333333334,0.1428571428571429,7,6
98,0.14618962793704957,-0.8350834392078323,legacy67,minmax,0.6876190476190476,0.7666666666666666,0.07904761904761903,0.9733333333333334,0.9333333333333333,-0.040000000000000036,0.7142857142857143,0.8333333333333334,0.11904761904761907,8,6
98,0.14742753159914665,-0.8314214058591274,legacy67,minmax,0.6876190476190476,0.7666666666666666,0.07904761904761903,0.9733333333333334,0.9333333333333333,-0.040000000000000036,0.7142857142857143,0.8333333333333334,0.11904761904761907,8,6
98,0.16480446427978968,-0.7830310281618491,legacy67,minmax,0.6876190476190476,0.7666666666666666,0.07904761904761903,0.9733333333333334,0.9333333333333333,-0.040000000000000036,0.7142857142857143,0.8333333333333334,0.11904761904761907,9,7
98,0.16536937182824418,-0.7815449233065173,legacy67,minmax,0.6876190476190476,0.7666666666666666,0.07904761904761903,0.9733333333333334,0.9333333333333333,-0.040000000000000036,0.7142857142857143,0.8333333333333334,0.11904761904761907,10,7
98,0.1753594952976441,-0.7560707131373512,legacy67,minmax,0.6876190476190476,0.7666666666666666,0.07904761904761903,0.9733333333333334,0.9333333333333333,-0.040000000000000036,0.7142857142857143,0.8333333333333334,0.11904761904761907,11,7
98,0.17654048052495064,-0.7531556956423562,legacy67,minmax,0.6876190476190476,0.7666666666666666,0.07904761904761903,0.9733333333333334,0.9333333333333333,-0.040000000000000036,0.7142857142857143,0.8333333333333334,0.11904761904761907,11,7
98,0.1998634077852887,-0.6992667118930118,legacy67,minmax,0.6742857142857144,0.7666666666666666,0.09238095238095223,0.96,0.9333333333333333,-0.026666666666666616,0.7142857142857143,0.8333333333333334,0.11904761904761907,12,7
98,0.2001342062287997,-0.6986786769469426,legacy67,minmax,0.6742857142857144,0.7666666666666666,0.09238095238095223,0.96,0.9333333333333333,-0.026666666666666616,0.7142857142857143,0.8333333333333334,0.11904761904761907,12,7
98,0.21066486017042194,-0.6764079005894033,legacy67,minmax,0.6742857142857144,0.7666666666666666,0.09238095238095223,0.96,0.9333333333333333,-0.026666666666666616,0.7142857142857143,0.8333333333333334,0.11904761904761907,12,7
98,0.2673088310781669,-0.5729866932256429,legacy67,minmax,0.6980952380952381,0.7666666666666666,0.0685714285714285,0.96,0.9333333333333333,-0.026666666666666616,0.7380952380952381,0.8333333333333334,0.09523809523809523,15,7
98,0.2715581955282939,-0.5661370858229096,legacy67,minmax,0.6980952380952381,0.7666666666666666,0.0685714285714285,0.96,0.9333333333333333,-0.026666666666666616,0.7380952380952381,0.8333333333333334,0.09523809523809523,15,7
98,0.292043384718141,-0.5345526268252332,legacy67,minmax,0.6980952380952381,0.7666666666666666,0.0685714285714285,0.96,0.9333333333333333,-0.026666666666666616,0.7380952380952381,0.8333333333333334,0.09523809523809523,15,7
98,0.314891164795686,-0.50183952461055,legacy67,minmax,0.6980952380952381,0.7666666666666666,0.0685714285714285,0.96,0.9333333333333333,-0.026666666666666616,0.7380952380952381,0.8333333333333334,0.09523809523809523,16,7
98,0.35868164986275475,-0.44529084124207197,legacy67,minmax,0.6980952380952381,0.7666666666666666,0.0685714285714285,0.96,0.9333333333333333,-0.026666666666666616,0.7380952380952381,0.8333333333333334,0.09523809523809523,18,7
98,0.5130551760589832,-0.2898359265658015,legacy67,minmax,0.6876190476190476,0.7561904761904761,0.0685714285714285,0.9733333333333334,0.9466666666666667,-0.026666666666666727,0.7142857142857143,0.8095238095238095,0.09523809523809523,18,8
98,0.5342937261279772,-0.27221992543153695,legacy67,minmax,0.6876190476190476,0.7561904761904761,0.0685714285714285,0.9733333333333334,0.9466666666666667,-0.026666666666666727,0.7142857142857143,0.8095238095238095,0.09523809523809523,20,8
98,0.5762487216478598,-0.23939002504159476,legacy67,minmax,0.6876190476190476,0.7561904761904761,0.0685714285714285,0.9733333333333334,0.9466666666666667,-0.026666666666666727,0.7142857142857143,0.8095238095238095,0.09523809523809523,20,8
98,0.6672367170464204,-0.17572006313185626,legacy67,minmax,0.6876190476190476,0.7428571428571429,0.05523809523809531,0.9733333333333334,0.9333333333333333,-0.040000000000000036,0.7142857142857143,0.8095238095238095,0.09523809523809523,20,8
98,0.7742116473996242,-0.1111402993522028,legacy67,minmax,0.6638095238095238,0.7428571428571429,0.07904761904761903,0.9733333333333334,0.9333333333333333,-0.040000000000000036,0.6904761904761905,0.8095238095238095,0.11904761904761907,21,8
98,0.9444574254983555,-0.02481761454243703,legacy67,minmax,0.6638095238095238,0.7533333333333334,0.08952380952380956,0.9733333333333334,0.92,-0.053333333333333344,0.6904761904761905,0.8333333333333334,0.1428571428571429,22,8
98,0.9565499215943818,-0.019292359554919238,legacy67,minmax,0.6638095238095238,0.7533333333333334,0.08952380952380956,0.9733333333333334,0.92,-0.053333333333333344,0.6904761904761905,0.8333333333333334,0.1428571428571429,22,8
98,1.1400863701127315,0.0569377536544464,legacy67,minmax,0.677142857142857,0.7533333333333334,0.07619047619047636,0.9866666666666667,0.92,-0.06666666666666665,0.6904761904761905,0.8333333333333334,0.1428571428571429,24,8
98,1.2030178871154662,0.08027208471124325,legacy67,minmax,0.6638095238095238,0.7533333333333334,0.08952380952380956,0.9733333333333334,0.92,-0.053333333333333344,0.6904761904761905,0.8333333333333334,0.1428571428571429,24,8
98,1.2329098365270508,0.0909313175279762,legacy67,minmax,0.6638095238095238,0.7533333333333334,0.08952380952380956,0.9733333333333334,0.92,-0.053333333333333344,0.6904761904761905,0.8333333333333334,0.1428571428571429,24,8
98,1.2561043700013554,0.09902572652895136,legacy67,minmax,0.6638095238095238,0.7533333333333334,0.08952380952380956,0.9733333333333334,0.92,-0.053333333333333344,0.6904761904761905,0.8333333333333334,0.1428571428571429,24,8
98,1.4817820606039076,0.17078433263299386,legacy67,minmax,0.6638095238095238,0.7533333333333334,0.08952380952380956,0.9733333333333334,0.92,-0.053333333333333344,0.6904761904761905,0.8333333333333334,0.1428571428571429,24,8
98,1.5375920235481748,0.1868411173731186,legacy67,minmax,0.6400000000000001,0.7533333333333334,0.11333333333333329,0.9733333333333334,0.92,-0.053333333333333344,0.6666666666666666,0.8333333333333334,0.16666666666666674,24,8
98,1.7583640270008503,0.24510879027798493,legacy67,minmax,0.6638095238095238,0.7533333333333334,0.08952380952380956,0.9733333333333334,0.92,-0.053333333333333344,0.6904761904761905,0.8333333333333334,0.1428571428571429,25,8
98,2.34238498471129,0.36965827544816987,legacy67,minmax,0.6638095238095238,0.7533333333333334,0.08952380952380956,0.9733333333333334,0.92,-0.053333333333333344,0.6904761904761905,0.8333333333333334,0.1428571428571429,26,8
98,2.4637685958997446,0.39159991524434057,legacy67,minmax,0.6638095238095238,0.7533333333333334,0.08952380952380956,0.9733333333333334,0.92,-0.053333333333333344,0.6904761904761905,0.8333333333333334,0.1428571428571429,26,8
98,2.4810409748678097,0.3946339367881464,legacy67,minmax,0.6638095238095238,0.7533333333333334,0.08952380952380956,0.9733333333333334,0.92,-0.053333333333333344,0.6904761904761905,0.8333333333333334,0.1428571428571429,26,8
98,2.5378155082656626,0.40446004697283516,legacy67,minmax,0.6638095238095238,0.7533333333333334,0.08952380952380956,0.9733333333333334,0.92,-0.053333333333333344,0.6904761904761905,0.8333333333333334,0.1428571428571429,26,8
98,2.692646910086177,0.43017940760575346,legacy67,minmax,0.6638095238095238,0.7533333333333334,0.08952380952380956,0.9733333333333334,0.92,-0.053333333333333344,0.6904761904761905,0.8333333333333334,0.1428571428571429,27,8
98,2.801635158716258,0.4474115788895179,legacy67,minmax,0.6638095238095238,0.7533333333333334,0.08952380952380956,0.9733333333333334,0.92,-0.053333333333333344,0.6904761904761905,0.8333333333333334,0.1428571428571429,27,8
98,3.113095956122122,0.4931925073102317,legacy67,minmax,0.6504761904761904,0.7533333333333334,0.10285714285714298,0.96,0.92,-0.039999999999999925,0.6904761904761905,0.8333333333333334,0.1428571428571429,28,8
98,3.550012525851159,0.5502298854208525,legacy67,minmax,0.6504761904761904,0.7533333333333334,0.10285714285714298,0.96,0.92,-0.039999999999999925,0.6904761904761905,0.8333333333333334,0.1428571428571429,28,8
98,4.467752817973904,0.6500891374159279,legacy67,minmax,0.6266666666666665,0.7533333333333334,0.12666666666666693,0.96,0.92,-0.039999999999999925,0.6666666666666666,0.8333333333333334,0.16666666666666674,31,8
98,5.456725485601473,0.7369321060486276,legacy67,minmax,0.6266666666666665,0.7533333333333334,0.12666666666666693,0.96,0.92,-0.039999999999999925,0.6666666666666666,0.8333333333333334,0.16666666666666674,31,8
98,6.72093005015611,0.8274293753904685,legacy67,minmax,0.6266666666666665,0.7533333333333334,0.12666666666666693,0.96,0.92,-0.039999999999999925,0.6666666666666666,0.8333333333333334,0.16666666666666674,32,8
98,6.7965780907581514,0.832290311184182,legacy67,minmax,0.6266666666666665,0.7533333333333334,0.12666666666666693,0.96,0.92,-0.039999999999999925,0.6666666666666666,0.8333333333333334,0.16666666666666674,32,8
98,7.128188058401357,0.85297914889198,legacy67,minmax,0.6266666666666665,0.7533333333333334,0.12666666666666693,0.96,0.92,-0.039999999999999925,0.6666666666666666,0.8333333333333334,0.16666666666666674,33,8
98,8.241925264876443,0.9160286721639492,legacy67,minmax,0.6266666666666665,0.7533333333333334,0.12666666666666693,0.96,0.92,-0.039999999999999925,0.6666666666666666,0.8333333333333334,0.16666666666666674,33,23
98,8.287522363768153,0.9184247133522563,legacy67,minmax,0.6266666666666665,0.7533333333333334,0.12666666666666693,0.96,0.92,-0.039999999999999925,0.6666666666666666,0.8333333333333334,0.16666666666666674,33,23
98,8.471801418819974,0.9279757672456204,legacy67,minmax,0.6266666666666665,0.7533333333333334,0.12666666666666693,0.96,0.92,-0.039999999999999925,0.6666666666666666,0.8333333333333334,0.16666666666666674,33,23
98,11.044350847124681,1.0431401944675898,legacy67,minmax,0.6266666666666665,0.7533333333333334,0.12666666666666693,0.96,0.92,-0.039999999999999925,0.6666666666666666,0.8333333333333334,0.16666666666666674,33,23
98,12.130221181165155,1.083868719818244,legacy67,minmax,0.6266666666666665,0.7533333333333334,0.12666666666666693,0.96,0.92,-0.039999999999999925,0.6666666666666666,0.8333333333333334,0.16666666666666674,33,23
98,12.164139351417056,1.085081386743783,legacy67,minmax,0.6266666666666665,0.7533333333333334,0.12666666666666693,0.96,0.92,-0.039999999999999925,0.6666666666666666,0.8333333333333334,0.16666666666666674,33,23
98,12.273800987852958,1.0889790771866297,legacy67,minmax,0.6266666666666665,0.7533333333333334,0.12666666666666693,0.96,0.92,-0.039999999999999925,0.6666666666666666,0.8333333333333334,0.16666666666666674,33,23
98,12.604664585649452,1.1005312934444582,legacy67,minmax,0.6266666666666665,0.7533333333333334,0.12666666666666693,0.96,0.92,-0.039999999999999925,0.6666666666666666,0.8333333333333334,0.16666666666666674,33,23
98,13.826232179369853,1.1407038455720544,legacy67,minmax,0.6266666666666665,0.7533333333333334,0.12666666666666693,0.96,0.92,-0.039999999999999925,0.6666666666666666,0.8333333333333334,0.16666666666666674,33,23
98,16.172900811143133,1.2087879230161587,legacy67,minmax,0.6266666666666665,0.7533333333333334,0.12666666666666693,0.96,0.92,-0.039999999999999925,0.6666666666666666,0.8333333333333334,0.16666666666666674,33,23
98,17.123375973163967,1.2335893924658445,legacy67,minmax,0.6266666666666665,0.7533333333333334,0.12666666666666693,0.96,0.92,-0.039999999999999925,0.6666666666666666,0.8333333333333334,0.16666666666666674,33,23
98,18.274508859816006,1.2618457138193366,legacy67,minmax,0.6266666666666665,0.7533333333333334,0.12666666666666693,0.96,0.92,-0.039999999999999925,0.6666666666666666,0.8333333333333334,0.16666666666666674,33,23
98,20.65142557895924,1.3149500366077174,legacy67,minmax,0.6266666666666665,0.7533333333333334,0.12666666666666693,0.96,0.92,-0.039999999999999925,0.6666666666666666,0.8333333333333334,0.16666666666666674,33,23
98,21.36832907235874,1.329770563201687,legacy67,minmax,0.6266666666666665,0.7533333333333334,0.12666666666666693,0.96,0.92,-0.039999999999999925,0.6666666666666666,0.8333333333333334,0.16666666666666674,33,23
98,28.340904295147727,1.452413703502374,legacy67,minmax,0.6266666666666665,0.7533333333333334,0.12666666666666693,0.96,0.92,-0.039999999999999925,0.6666666666666666,0.8333333333333334,0.16666666666666674,33,25
98,29.154431891537524,1.4647045830997407,legacy67,minmax,0.6266666666666665,0.7533333333333334,0.12666666666666693,0.96,0.92,-0.039999999999999925,0.6666666666666666,0.8333333333333334,0.16666666666666674,33,25
98,35.387588647792384,1.5488509703053062,legacy67,minmax,0.6266666666666665,0.7533333333333334,0.12666666666666693,0.96,0.92,-0.039999999999999925,0.6666666666666666,0.8333333333333334,0.16666666666666674,33,26
98,37.95853142670639,1.5793094017105953,legacy67,minmax,0.6266666666666665,0.7533333333333334,0.12666666666666693,0.96,0.92,-0.039999999999999925,0.6666666666666666,0.8333333333333334,0.16666666666666674,33,26
98,43.37920697490936,1.6372816083151283,legacy67,minmax,0.6266666666666665,0.7533333333333334,0.12666666666666693,0.96,0.92,-0.039999999999999925,0.6666666666666666,0.8333333333333334,0.16666666666666674,33,26
98,48.69640941520897,1.6874969400924673,legacy67,minmax,0.6266666666666665,0.7533333333333334,0.12666666666666693,0.96,0.92,-0.039999999999999925,0.6666666666666666,0.8333333333333334,0.16666666666666674,33,26
98,57.279044707996185,1.7579957662567565,legacy67,minmax,0.6266666666666665,0.7533333333333334,0.12666666666666693,0.96,0.92,-0.039999999999999925,0.6666666666666666,0.8333333333333334,0.16666666666666674,33,27
98,62.45139574743064,1.795542149013333,legacy67,minmax,0.6266666666666665,0.7533333333333334,0.12666666666666693,0.96,0.92,-0.039999999999999925,0.6666666666666666,0.8333333333333334,0.16666666666666674,33,27
98,63.512210106406926,1.8028572256396647,legacy67,minmax,0.6266666666666665,0.7533333333333334,0.12666666666666693,0.96,0.92,-0.039999999999999925,0.6666666666666666,0.8333333333333334,0.16666666666666674,33,27
98,72.86653737491037,1.8625281322982374,legacy67,minmax,0.6266666666666665,0.7533333333333334,0.12666666666666693,0.96,0.92,-0.039999999999999925,0.6666666666666666,0.8333333333333334,0.16666666666666674,33,28
98,75.56810141274423,1.8783385110582342,legacy67,minmax,0.6266666666666665,0.7533333333333334,0.12666666666666693,0.96,0.92,-0.039999999999999925,0.6666666666666666,0.8333333333333334,0.16666666666666674,33,28
98,75.79479953347995,1.8796394086479773,legacy67,minmax,0.6266666666666665,0.7533333333333334,0.12666666666666693,0.96,0.92,-0.039999999999999925,0.6666666666666666,0.8333333333333334,0.16666666666666674,33,28
98,88.62326508576248,1.9475477464020692,legacy67,minmax,0.6266666666666665,0.7533333333333334,0.12666666666666693,0.96,0.92,-0.039999999999999925,0.6666666666666666,0.8333333333333334,0.16666666666666674,33,28
99,0.010521761868451128,-1.9779115315055904,legacy67,minmax,0.0,0.0,0.0,1.0,1.0,0.0,0.0,0.0,0.0,0,0
99,0.012087541473056955,-1.9176620228167902,legacy67,minmax,0.0,0.0,0.0,1.0,1.0,0.0,0.0,0.0,0.0,0,0
99,0.01263794633808287,-1.8983234930236192,legacy67,minmax,0.0,0.0,0.0,1.0,1.0,0.0,0.0,0.0,0.0,0,0
99,0.013726318898045865,-1.8624459155391264,legacy67,minmax,0.0,0.0,0.0,1.0,1.0,0.0,0.0,0.0,0.0,0,0
99,0.0151673306880762,-1.8190908443578477,legacy67,minmax,0.0,0.0,0.0,1.0,1.0,0.0,0.0,0.0,0.0,0,0
99,0.015339162591163618,-1.814198349120009,legacy67,minmax,0.0,0.0,0.0,1.0,1.0,0.0,0.0,0.0,0.0,0,0
99,0.017073967431528118,-1.7676655513272022,legacy67,minmax,0.0,0.0,0.0,1.0,1.0,0.0,0.0,0.0,0.0,1,1
99,0.017956984225677628,-1.7457665988559055,legacy67,minmax,0.0,0.0,0.0,1.0,1.0,0.0,0.0,0.0,0.0,2,1
99,0.018205657658407252,-1.739793628058882,legacy67,minmax,0.0,0.0,0.0,1.0,1.0,0.0,0.0,0.0,0.0,2,1
99,0.019777828512462715,-1.7038213930636386,legacy67,minmax,0.0714285714285714,0.0,-0.0714285714285714,1.0,1.0,0.0,0.07142857142857142,0.0,-0.07142857142857142,3,1
99,0.01987021538542862,-1.7017974252809167,legacy67,minmax,0.0714285714285714,0.0,-0.0714285714285714,1.0,1.0,0.0,0.07142857142857142,0.0,-0.07142857142857142,3,1
99,0.022592797420156945,-1.646029991792322,legacy67,minmax,0.33333333333333326,0.39142857142857146,0.0580952380952382,1.0,0.9866666666666667,-0.013333333333333308,0.3333333333333333,0.40476190476190477,0.07142857142857145,3,1
99,0.024586032763280048,-1.6093115439744645,legacy67,minmax,0.38095238095238093,0.39142857142857146,0.010476190476190528,1.0,0.9866666666666667,-0.013333333333333308,0.38095238095238093,0.40476190476190477,0.023809523809523836,3,2
99,0.027012557725439066,-1.5684342920267822,legacy67,minmax,0.38095238095238093,0.39142857142857146,0.010476190476190528,1.0,0.9866666666666667,-0.013333333333333308,0.38095238095238093,0.40476190476190477,0.023809523809523836,3,2
99,0.029072088906598435,-1.5365237618994811,legacy67,minmax,0.4761904761904763,0.39142857142857146,-0.08476190476190482,1.0,0.9866666666666667,-0.013333333333333308,0.47619047619047616,0.40476190476190477,-0.0714285714285714,4,3
99,0.030086868214458433,-1.5216230162467932,legacy67,minmax,0.4761904761904763,0.39142857142857146,-0.08476190476190482,1.0,0.9866666666666667,-0.013333333333333308,0.47619047619047616,0.40476190476190477,-0.0714285714285714,4,3
99,0.030771802712506853,-1.5118470606208847,legacy67,minmax,0.4761904761904763,0.39142857142857146,-0.08476190476190482,1.0,0.9866666666666667,-0.013333333333333308,0.47619047619047616,0.40476190476190477,-0.0714285714285714,4,3
99,0.036138942712165265,-1.4420245573918327,legacy67,minmax,0.46285714285714286,0.39142857142857146,-0.0714285714285714,0.9866666666666667,0.9866666666666667,0.0,0.47619047619047616,0.40476190476190477,-0.0714285714285714,4,3
99,0.03661819220392428,-1.4363031001009494,legacy67,minmax,0.46285714285714286,0.4866666666666668,0.023809523809523947,0.9866666666666667,0.9866666666666667,0.0,0.47619047619047616,0.5,0.023809523809523836,4,3
99,0.04207053950287936,-1.3760219186551894,legacy67,minmax,0.5104761904761905,0.4866666666666668,-0.023809523809523725,0.9866666666666667,0.9866666666666667,0.0,0.5238095238095238,0.5,-0.023809523809523836,5,3
99,0.04207988669606635,-1.375925438230254,legacy67,minmax,0.5104761904761905,0.4866666666666668,-0.023809523809523725,0.9866666666666667,0.9866666666666667,0.0,0.5238095238095238,0.5,-0.023809523809523836,5,3
99,0.04809461967501572,-1.3179035052508339,legacy67,minmax,0.5819047619047619,0.4866666666666668,-0.09523809523809512,0.9866666666666667,0.9866666666666667,0.0,0.5952380952380952,0.5,-0.09523809523809523,5,3
99,0.05337032762603955,-1.2727001311715975,legacy67,minmax,0.5819047619047619,0.4866666666666668,-0.09523809523809512,0.9866666666666667,0.9866666666666667,0.0,0.5952380952380952,0.5,-0.09523809523809523,5,3
99,0.05415244119402536,-1.2663819605862647,legacy67,minmax,0.5819047619047619,0.4866666666666668,-0.09523809523809512,0.9866666666666667,0.9866666666666667,0.0,0.5952380952380952,0.5,-0.09523809523809523,5,3
99,0.05488047000766042,-1.2605821778978918,legacy67,minmax,0.5819047619047619,0.4866666666666668,-0.09523809523809512,0.9866666666666667,0.9866666666666667,0.0,0.5952380952380952,0.5,-0.09523809523809523,5,3
99,0.060803901902965994,-1.2160685503234192,legacy67,minmax,0.5819047619047619,0.5209523809523811,-0.06095238095238087,0.9866666666666667,0.9733333333333334,-0.013333333333333308,0.5952380952380952,0.5476190476190477,-0.04761904761904756,5,4
99,0.06235377135673155,-1.2051372738633104,legacy67,minmax,0.5819047619047619,0.5209523809523811,-0.06095238095238087,0.9866666666666667,0.9733333333333334,-0.013333333333333308,0.5952380952380952,0.5476190476190477,-0.04761904761904756,5,4
99,0.06290644294586147,-1.201304871366561,legacy67,minmax,0.5819047619047619,0.5209523809523811,-0.06095238095238087,0.9866666666666667,0.9733333333333334,-0.013333333333333308,0.5952380952380952,0.5476190476190477,-0.04761904761904756,5,4
99,0.07068974950624601,-1.1506435572868954,legacy67,minmax,0.6057142857142859,0.5923809523809525,-0.01333333333333342,0.9866666666666667,0.9733333333333334,-0.013333333333333308,0.6190476190476191,0.6190476190476191,0.0,5,5
99,0.10842262717330158,-0.9648800735999323,legacy67,minmax,0.6057142857142859,0.6638095238095238,0.05809523809523798,0.9866666666666667,0.9733333333333334,-0.013333333333333308,0.6190476190476191,0.6904761904761905,0.0714285714285714,7,6
99,0.12172958098369964,-0.9146038729044164,legacy67,minmax,0.6057142857142859,0.6638095238095238,0.05809523809523798,0.9866666666666667,0.9733333333333334,-0.013333333333333308,0.6190476190476191,0.6904761904761905,0.0714285714285714,8,6
99,0.1329652145729951,-0.876261961250477,legacy67,minmax,0.6533333333333333,0.6638095238095238,0.010476190476190528,0.9866666666666667,0.9733333333333334,-0.013333333333333308,0.6666666666666666,0.6904761904761905,0.023809523809523836,9,6
99,0.14618962793704957,-0.8350834392078323,legacy67,minmax,0.6533333333333333,0.6638095238095238,0.010476190476190528,0.9866666666666667,0.9733333333333334,-0.013333333333333308,0.6666666666666666,0.6904761904761905,0.023809523809523836,12,7
99,0.14742753159914665,-0.8314214058591274,legacy67,minmax,0.6533333333333333,0.6638095238095238,0.010476190476190528,0.9866666666666667,0.9733333333333334,-0.013333333333333308,0.6666666666666666,0.6904761904761905,0.023809523809523836,12,7
99,0.16480446427978968,-0.7830310281618491,legacy67,minmax,0.6057142857142859,0.6638095238095238,0.05809523809523798,0.9866666666666667,0.9733333333333334,-0.013333333333333308,0.6190476190476191,0.6904761904761905,0.0714285714285714,13,7
99,0.16536937182824418,-0.7815449233065173,legacy67,minmax,0.6057142857142859,0.6638095238095238,0.05809523809523798,0.9866666666666667,0.9733333333333334,-0.013333333333333308,0.6190476190476191,0.6904761904761905,0.0714285714285714,13,7
99,0.1753594952976441,-0.7560707131373512,legacy67,minmax,0.5819047619047619,0.6638095238095238,0.08190476190476192,0.9866666666666667,0.9733333333333334,-0.013333333333333308,0.5952380952380952,0.6904761904761905,0.09523809523809523,14,7
99,0.17654048052495064,-0.7531556956423562,legacy67,minmax,0.5819047619047619,0.6638095238095238,0.08190476190476192,0.9866666666666667,0.9733333333333334,-0.013333333333333308,0.5952380952380952,0.6904761904761905,0.09523809523809523,14,7
99,0.1998634077852887,-0.6992667118930118,legacy67,minmax,0.5923809523809525,0.6638095238095238,0.0714285714285714,0.9733333333333334,0.9733333333333334,0.0,0.6190476190476191,0.6904761904761905,0.0714285714285714,14,8
99,0.2001342062287997,-0.6986786769469426,legacy67,minmax,0.5923809523809525,0.6638095238095238,0.0714285714285714,0.9733333333333334,0.9733333333333334,0.0,0.6190476190476191,0.6904761904761905,0.0714285714285714,14,8
99,0.21066486017042194,-0.6764079005894033,legacy67,minmax,0.5923809523809525,0.6638095238095238,0.0714285714285714,0.9733333333333334,0.9733333333333334,0.0,0.6190476190476191,0.6904761904761905,0.0714285714285714,14,8
99,0.2673088310781669,-0.5729866932256429,legacy67,minmax,0.6161904761904764,0.6876190476190476,0.07142857142857117,0.9733333333333334,0.9733333333333334,0.0,0.6428571428571429,0.7142857142857143,0.0714285714285714,16,8
99,0.2715581955282939,-0.5661370858229096,legacy67,minmax,0.5923809523809525,0.6876190476190476,0.09523809523809512,0.9733333333333334,0.9733333333333334,0.0,0.6190476190476191,0.7142857142857143,0.09523809523809523,16,8
99,0.292043384718141,-0.5345526268252332,legacy67,minmax,0.6057142857142859,0.6876190476190476,0.0819047619047617,0.9866666666666667,0.9733333333333334,-0.013333333333333308,0.6190476190476191,0.7142857142857143,0.09523809523809523,16,8
99,0.314891164795686,-0.50183952461055,legacy67,minmax,0.6057142857142859,0.6876190476190476,0.0819047619047617,0.9866666666666667,0.9733333333333334,-0.013333333333333308,0.6190476190476191,0.7142857142857143,0.09523809523809523,16,8
99,0.35868164986275475,-0.44529084124207197,legacy67,minmax,0.6057142857142859,0.6876190476190476,0.0819047619047617,0.9866666666666667,0.9733333333333334,-0.013333333333333308,0.6190476190476191,0.7142857142857143,0.09523809523809523,16,8
99,0.5130551760589832,-0.2898359265658015,legacy67,minmax,0.6057142857142859,0.6980952380952381,0.09238095238095223,0.9866666666666667,0.96,-0.026666666666666727,0.6190476190476191,0.7380952380952381,0.11904761904761907,21,9
99,0.5342937261279772,-0.27221992543153695,legacy67,minmax,0.6057142857142859,0.6980952380952381,0.09238095238095223,0.9866666666666667,0.96,-0.026666666666666727,0.6190476190476191,0.7380952380952381,0.11904761904761907,21,9
99,0.5762487216478598,-0.23939002504159476,legacy67,minmax,0.6057142857142859,0.6980952380952381,0.09238095238095223,0.9866666666666667,0.96,-0.026666666666666727,0.6190476190476191,0.7380952380952381,0.11904761904761907,21,9
99,0.6672367170464204,-0.17572006313185626,legacy67,minmax,0.6057142857142859,0.7323809523809524,0.12666666666666648,0.9866666666666667,0.9466666666666667,-0.040000000000000036,0.6190476190476191,0.7857142857142857,0.16666666666666663,22,10
99,0.7742116473996242,-0.1111402993522028,legacy67,minmax,0.6057142857142859,0.7323809523809524,0.12666666666666648,0.9866666666666667,0.9466666666666667,-0.040000000000000036,0.6190476190476191,0.7857142857142857,0.16666666666666663,22,10
99,0.9444574254983555,-0.02481761454243703,legacy67,minmax,0.5552380952380953,0.7323809523809524,0.17714285714285705,0.96,0.9466666666666667,-0.013333333333333308,0.5952380952380952,0.7857142857142857,0.19047619047619047,25,9
99,0.9565499215943818,-0.019292359554919238,legacy67,minmax,0.5552380952380953,0.7323809523809524,0.17714285714285705,0.96,0.9466666666666667,-0.013333333333333308,0.5952380952380952,0.7857142857142857,0.19047619047619047,25,9
99,1.1400863701127315,0.0569377536544464,legacy67,minmax,0.5923809523809525,0.7323809523809524,0.1399999999999999,0.9733333333333334,0.9466666666666667,-0.026666666666666727,0.6190476190476191,0.7857142857142857,0.16666666666666663,27,9
99,1.2030178871154662,0.08027208471124325,legacy67,minmax,0.5923809523809525,0.7323809523809524,0.1399999999999999,0.9733333333333334,0.9466666666666667,-0.026666666666666727,0.6190476190476191,0.7857142857142857,0.16666666666666663,28,9
99,1.2329098365270508,0.0909313175279762,legacy67,minmax,0.5923809523809525,0.7323809523809524,0.1399999999999999,0.9733333333333334,0.9466666666666667,-0.026666666666666727,0.6190476190476191,0.7857142857142857,0.16666666666666663,28,9
99,1.2561043700013554,0.09902572652895136,legacy67,minmax,0.5923809523809525,0.7323809523809524,0.1399999999999999,0.9733333333333334,0.9466666666666667,-0.026666666666666727,0.6190476190476191,0.7857142857142857,0.16666666666666663,28,9
99,1.4817820606039076,0.17078433263299386,legacy67,minmax,0.5923809523809525,0.7323809523809524,0.1399999999999999,0.9733333333333334,0.9466666666666667,-0.026666666666666727,0.6190476190476191,0.7857142857142857,0.16666666666666663,29,9
99,1.5375920235481748,0.1868411173731186,legacy67,minmax,0.5923809523809525,0.7323809523809524,0.1399999999999999,0.9733333333333334,0.9466666666666667,-0.026666666666666727,0.6190476190476191,0.7857142857142857,0.16666666666666663,29,9
99,1.7583640270008503,0.24510879027798493,legacy67,minmax,0.5552380952380953,0.7323809523809524,0.17714285714285705,0.96,0.9466666666666667,-0.013333333333333308,0.5952380952380952,0.7857142857142857,0.19047619047619047,29,9
99,2.34238498471129,0.36965827544816987,legacy67,minmax,0.579047619047619,0.7323809523809524,0.15333333333333332,0.96,0.9466666666666667,-0.013333333333333308,0.6190476190476191,0.7857142857142857,0.16666666666666663,29,9
99,2.4637685958997446,0.39159991524434057,legacy67,minmax,0.579047619047619,0.7323809523809524,0.15333333333333332,0.96,0.9466666666666667,-0.013333333333333308,0.6190476190476191,0.7857142857142857,0.16666666666666663,29,9
99,2.4810409748678097,0.3946339367881464,legacy67,minmax,0.579047619047619,0.7323809523809524,0.15333333333333332,0.96,0.9466666666666667,-0.013333333333333308,0.6190476190476191,0.7857142857142857,0.16666666666666663,29,9
99,2.5378155082656626,0.40446004697283516,legacy67,minmax,0.579047619047619,0.7323809523809524,0.15333333333333332,0.96,0.9466666666666667,-0.013333333333333308,0.6190476190476191,0.7857142857142857,0.16666666666666663,29,9
99,2.692646910086177,0.43017940760575346,legacy67,minmax,0.579047619047619,0.7323809523809524,0.15333333333333332,0.96,0.9466666666666667,-0.013333333333333308,0.6190476190476191,0.7857142857142857,0.16666666666666663,29,9
99,2.801635158716258,0.4474115788895179,legacy67,minmax,0.579047619047619,0.7323809523809524,0.15333333333333332,0.96,0.9466666666666667,-0.013333333333333308,0.6190476190476191,0.7857142857142857,0.16666666666666663,29,9
99,3.113095956122122,0.4931925073102317,legacy67,minmax,0.5657142857142858,0.7323809523809524,0.16666666666666652,0.9466666666666667,0.9466666666666667,0.0,0.6190476190476191,0.7857142857142857,0.16666666666666663,29,9
99,3.550012525851159,0.5502298854208525,legacy67,minmax,0.5657142857142858,0.7323809523809524,0.16666666666666652,0.9466666666666667,0.9466666666666667,0.0,0.6190476190476191,0.7857142857142857,0.16666666666666663,29,9
99,4.467752817973904,0.6500891374159279,legacy67,minmax,0.5419047619047619,0.7561904761904761,0.2142857142857142,0.9466666666666667,0.9466666666666667,0.0,0.5952380952380952,0.8095238095238095,0.2142857142857143,29,9
99,5.456725485601473,0.7369321060486276,legacy67,minmax,0.5419047619047619,0.7561904761904761,0.2142857142857142,0.9466666666666667,0.9466666666666667,0.0,0.5952380952380952,0.8095238095238095,0.2142857142857143,30,9
99,6.72093005015611,0.8274293753904685,legacy67,minmax,0.5419047619047619,0.7561904761904761,0.2142857142857142,0.9466666666666667,0.9466666666666667,0.0,0.5952380952380952,0.8095238095238095,0.2142857142857143,30,9
99,6.7965780907581514,0.832290311184182,legacy67,minmax,0.5419047619047619,0.7323809523809524,0.19047619047619047,0.9466666666666667,0.9466666666666667,0.0,0.5952380952380952,0.7857142857142857,0.19047619047619047,30,9
99,7.128188058401357,0.85297914889198,legacy67,minmax,0.5419047619047619,0.7561904761904761,0.2142857142857142,0.9466666666666667,0.9466666666666667,0.0,0.5952380952380952,0.8095238095238095,0.2142857142857143,31,9
99,8.241925264876443,0.9160286721639492,legacy67,minmax,0.5419047619047619,0.7561904761904761,0.2142857142857142,0.9466666666666667,0.9466666666666667,0.0,0.5952380952380952,0.8095238095238095,0.2142857142857143,32,10
99,8.287522363768153,0.9184247133522563,legacy67,minmax,0.5419047619047619,0.7561904761904761,0.2142857142857142,0.9466666666666667,0.9466666666666667,0.0,0.5952380952380952,0.8095238095238095,0.2142857142857143,32,9
99,8.471801418819974,0.9279757672456204,legacy67,minmax,0.5419047619047619,0.7561904761904761,0.2142857142857142,0.9466666666666667,0.9466666666666667,0.0,0.5952380952380952,0.8095238095238095,0.2142857142857143,32,26
99,11.044350847124681,1.0431401944675898,legacy67,minmax,0.5419047619047619,0.7561904761904761,0.2142857142857142,0.9466666666666667,0.9466666666666667,0.0,0.5952380952380952,0.8095238095238095,0.2142857142857143,33,26
99,12.130221181165155,1.083868719818244,legacy67,minmax,0.5419047619047619,0.7561904761904761,0.2142857142857142,0.9466666666666667,0.9466666666666667,0.0,0.5952380952380952,0.8095238095238095,0.2142857142857143,33,26
99,12.164139351417056,1.085081386743783,legacy67,minmax,0.5419047619047619,0.7561904761904761,0.2142857142857142,0.9466666666666667,0.9466666666666667,0.0,0.5952380952380952,0.8095238095238095,0.2142857142857143,33,26
99,12.273800987852958,1.0889790771866297,legacy67,minmax,0.5419047619047619,0.7561904761904761,0.2142857142857142,0.9466666666666667,0.9466666666666667,0.0,0.5952380952380952,0.8095238095238095,0.2142857142857143,33,26
99,12.604664585649452,1.1005312934444582,legacy67,minmax,0.5419047619047619,0.7561904761904761,0.2142857142857142,0.9466666666666667,0.9466666666666667,0.0,0.5952380952380952,0.8095238095238095,0.2142857142857143,33,26
99,13.826232179369853,1.1407038455720544,legacy67,minmax,0.5419047619047619,0.7561904761904761,0.2142857142857142,0.9466666666666667,0.9466666666666667,0.0,0.5952380952380952,0.8095238095238095,0.2142857142857143,32,26
99,16.172900811143133,1.2087879230161587,legacy67,minmax,0.5419047619047619,0.7561904761904761,0.2142857142857142,0.9466666666666667,0.9466666666666667,0.0,0.5952380952380952,0.8095238095238095,0.2142857142857143,32,27
99,17.123375973163967,1.2335893924658445,legacy67,minmax,0.5419047619047619,0.7561904761904761,0.2142857142857142,0.9466666666666667,0.9466666666666667,0.0,0.5952380952380952,0.8095238095238095,0.2142857142857143,32,27
99,18.274508859816006,1.2618457138193366,legacy67,minmax,0.5419047619047619,0.7561904761904761,0.2142857142857142,0.9466666666666667,0.9466666666666667,0.0,0.5952380952380952,0.8095238095238095,0.2142857142857143,33,27
99,20.65142557895924,1.3149500366077174,legacy67,minmax,0.5314285714285714,0.7561904761904761,0.22476190476190472,0.96,0.9466666666666667,-0.013333333333333308,0.5714285714285714,0.8095238095238095,0.23809523809523814,33,26
99,21.36832907235874,1.329770563201687,legacy67,minmax,0.5314285714285714,0.7561904761904761,0.22476190476190472,0.96,0.9466666666666667,-0.013333333333333308,0.5714285714285714,0.8095238095238095,0.23809523809523814,33,26
99,28.340904295147727,1.452413703502374,legacy67,minmax,0.5314285714285714,0.7561904761904761,0.22476190476190472,0.96,0.9466666666666667,-0.013333333333333308,0.5714285714285714,0.8095238095238095,0.23809523809523814,33,29
99,29.154431891537524,1.4647045830997407,legacy67,minmax,0.5314285714285714,0.7561904761904761,0.22476190476190472,0.96,0.9466666666666667,-0.013333333333333308,0.5714285714285714,0.8095238095238095,0.23809523809523814,33,29
99,35.387588647792384,1.5488509703053062,legacy67,minmax,0.5314285714285714,0.7904761904761903,0.25904761904761897,0.96,0.9333333333333333,-0.026666666666666616,0.5714285714285714,0.8571428571428571,0.2857142857142857,33,29
99,37.95853142670639,1.5793094017105953,legacy67,minmax,0.5314285714285714,0.7904761904761903,0.25904761904761897,0.96,0.9333333333333333,-0.026666666666666616,0.5714285714285714,0.8571428571428571,0.2857142857142857,33,29
99,43.37920697490936,1.6372816083151283,legacy67,minmax,0.5314285714285714,0.7904761904761903,0.25904761904761897,0.96,0.9333333333333333,-0.026666666666666616,0.5714285714285714,0.8571428571428571,0.2857142857142857,33,29
99,48.69640941520897,1.6874969400924673,legacy67,minmax,0.5180952380952379,0.7904761904761903,0.2723809523809524,0.9466666666666667,0.9333333333333333,-0.013333333333333308,0.5714285714285714,0.8571428571428571,0.2857142857142857,32,29
99,57.279044707996185,1.7579957662567565,legacy67,minmax,0.5180952380952379,0.7904761904761903,0.2723809523809524,0.9466666666666667,0.9333333333333333,-0.013333333333333308,0.5714285714285714,0.8571428571428571,0.2857142857142857,32,29
99,62.45139574743064,1.795542149013333,legacy67,minmax,0.5180952380952379,0.7904761904761903,0.2723809523809524,0.9466666666666667,0.9333333333333333,-0.013333333333333308,0.5714285714285714,0.8571428571428571,0.2857142857142857,32,30
99,63.512210106406926,1.8028572256396647,legacy67,minmax,0.5180952380952379,0.7904761904761903,0.2723809523809524,0.9466666666666667,0.9333333333333333,-0.013333333333333308,0.5714285714285714,0.8571428571428571,0.2857142857142857,32,30
99,72.86653737491037,1.8625281322982374,legacy67,minmax,0.5180952380952379,0.7904761904761903,0.2723809523809524,0.9466666666666667,0.9333333333333333,-0.013333333333333308,0.5714285714285714,0.8571428571428571,0.2857142857142857,33,30
99,75.56810141274423,1.8783385110582342,legacy67,minmax,0.5180952380952379,0.7904761904761903,0.2723809523809524,0.9466666666666667,0.9333333333333333,-0.013333333333333308,0.5714285714285714,0.8571428571428571,0.2857142857142857,33,30
99,75.79479953347995,1.8796394086479773,legacy67,minmax,0.5180952380952379,0.7904761904761903,0.2723809523809524,0.9466666666666667,0.9333333333333333,-0.013333333333333308,0.5714285714285714,0.8571428571428571,0.2857142857142857,33,30
99,88.62326508576248,1.9475477464020692,legacy67,minmax,0.5047619047619047,0.7771428571428571,0.2723809523809524,0.9333333333333333,0.92,-0.013333333333333308,0.5714285714285714,0.8571428571428571,0.2857142857142857,33,30
2345,0.010521761868451128,-1.9779115315055904,legacy67,minmax,0.0,0.0,0.0,1.0,1.0,0.0,0.0,0.0,0.0,0,0
2345,0.012087541473056955,-1.9176620228167902,legacy67,minmax,0.0,0.0,0.0,1.0,1.0,0.0,0.0,0.0,0.0,0,0
2345,0.01263794633808287,-1.8983234930236192,legacy67,minmax,0.0,0.0,0.0,1.0,1.0,0.0,0.0,0.0,0.0,0,0
2345,0.013726318898045865,-1.8624459155391264,legacy67,minmax,0.0,0.0,0.0,1.0,1.0,0.0,0.0,0.0,0.0,0,0
2345,0.0151673306880762,-1.8190908443578477,legacy67,minmax,0.0,0.0,0.0,1.0,1.0,0.0,0.0,0.0,0.0,0,0
2345,0.015339162591163618,-1.814198349120009,legacy67,minmax,0.0,0.0,0.0,1.0,1.0,0.0,0.0,0.0,0.0,0,0
2345,0.017073967431528118,-1.7676655513272022,legacy67,minmax,0.0,0.0,0.0,1.0,1.0,0.0,0.0,0.0,0.0,1,1
2345,0.017956984225677628,-1.7457665988559055,legacy67,minmax,0.0,0.0,0.0,1.0,1.0,0.0,0.0,0.0,0.0,1,1
2345,0.018205657658407252,-1.739793628058882,legacy67,minmax,0.0,0.0,0.0,1.0,1.0,0.0,0.0,0.0,0.0,1,1
2345,0.019777828512462715,-1.7038213930636386,legacy67,minmax,0.0,0.0,0.0,1.0,1.0,0.0,0.0,0.0,0.0,3,1
2345,0.01987021538542862,-1.7017974252809167,legacy67,minmax,0.0,0.0,0.0,1.0,1.0,0.0,0.0,0.0,0.0,3,1
2345,0.022592797420156945,-1.646029991792322,legacy67,minmax,0.09523809523809534,0.4761904761904763,0.38095238095238093,1.0,1.0,0.0,0.09523809523809523,0.47619047619047616,0.38095238095238093,3,1
2345,0.024586032763280048,-1.6093115439744645,legacy67,minmax,0.16666666666666674,0.4761904761904763,0.30952380952380953,1.0,1.0,0.0,0.16666666666666666,0.47619047619047616,0.30952380952380953,3,1
2345,0.027012557725439066,-1.5684342920267822,legacy67,minmax,0.33333333333333326,0.4761904761904763,0.14285714285714302,1.0,1.0,0.0,0.3333333333333333,0.47619047619047616,0.14285714285714285,3,1
2345,0.029072088906598435,-1.5365237618994811,legacy67,minmax,0.33333333333333326,0.4761904761904763,0.14285714285714302,1.0,1.0,0.0,0.3333333333333333,0.47619047619047616,0.14285714285714285,4,2
2345,0.030086868214458433,-1.5216230162467932,legacy67,minmax,0.33333333333333326,0.4761904761904763,0.14285714285714302,1.0,1.0,0.0,0.3333333333333333,0.47619047619047616,0.14285714285714285,4,2
2345,0.030771802712506853,-1.5118470606208847,legacy67,minmax,0.33333333333333326,0.4761904761904763,0.14285714285714302,1.0,1.0,0.0,0.3333333333333333,0.47619047619047616,0.14285714285714285,4,2
2345,0.036138942712165265,-1.4420245573918327,legacy67,minmax,0.4761904761904763,0.4761904761904763,0.0,1.0,1.0,0.0,0.47619047619047616,0.47619047619047616,0.0,4,2
2345,0.03661819220392428,-1.4363031001009494,legacy67,minmax,0.4761904761904763,0.4761904761904763,0.0,1.0,1.0,0.0,0.47619047619047616,0.47619047619047616,0.0,4,2
2345,0.04207053950287936,-1.3760219186551894,legacy67,minmax,0.5238095238095237,0.4761904761904763,-0.04761904761904745,1.0,1.0,0.0,0.5238095238095238,0.47619047619047616,-0.04761904761904767,5,2
2345,0.04207988669606635,-1.375925438230254,legacy67,minmax,0.5238095238095237,0.4761904761904763,-0.04761904761904745,1.0,1.0,0.0,0.5238095238095238,0.47619047619047616,-0.04761904761904767,5,2
2345,0.04809461967501572,-1.3179035052508339,legacy67,minmax,0.5952380952380953,0.4761904761904763,-0.11904761904761907,1.0,1.0,0.0,0.5952380952380952,0.47619047619047616,-0.11904761904761907,5,4
2345,0.05337032762603955,-1.2727001311715975,legacy67,minmax,0.5952380952380953,0.5,-0.09523809523809534,1.0,1.0,0.0,0.5952380952380952,0.5,-0.09523809523809523,5,5
2345,0.05415244119402536,-1.2663819605862647,legacy67,minmax,0.5952380952380953,0.5,-0.09523809523809534,1.0,1.0,0.0,0.5952380952380952,0.5,-0.09523809523809523,5,5
2345,0.05488047000766042,-1.2605821778978918,legacy67,minmax,0.5952380952380953,0.5,-0.09523809523809534,1.0,1.0,0.0,0.5952380952380952,0.5,-0.09523809523809523,5,5
2345,0.060803901902965994,-1.2160685503234192,legacy67,minmax,0.6190476190476191,0.5476190476190477,-0.0714285714285714,1.0,1.0,0.0,0.6190476190476191,0.5476190476190477,-0.0714285714285714,6,5
2345,0.06235377135673155,-1.2051372738633104,legacy67,minmax,0.6428571428571428,0.5476190476190477,-0.09523809523809512,1.0,1.0,0.0,0.6428571428571429,0.5476190476190477,-0.09523809523809523,6,5
2345,0.06290644294586147,-1.201304871366561,legacy67,minmax,0.6428571428571428,0.5476190476190477,-0.09523809523809512,1.0,1.0,0.0,0.6428571428571429,0.5476190476190477,-0.09523809523809523,6,5
2345,0.07068974950624601,-1.1506435572868954,legacy67,minmax,0.6428571428571428,0.5476190476190477,-0.09523809523809512,1.0,1.0,0.0,0.6428571428571429,0.5476190476190477,-0.09523809523809523,8,5
2345,0.10842262717330158,-0.9648800735999323,legacy67,minmax,0.6057142857142859,0.7380952380952381,0.13238095238095227,0.9866666666666667,1.0,0.013333333333333308,0.6190476190476191,0.7380952380952381,0.11904761904761907,9,5
2345,0.12172958098369964,-0.9146038729044164,legacy67,minmax,0.5923809523809525,0.7380952380952381,0.14571428571428569,0.9733333333333334,1.0,0.026666666666666616,0.6190476190476191,0.7380952380952381,0.11904761904761907,9,5
2345,0.1329652145729951,-0.876261961250477,legacy67,minmax,0.5923809523809525,0.7380952380952381,0.14571428571428569,0.9733333333333334,1.0,0.026666666666666616,0.6190476190476191,0.7380952380952381,0.11904761904761907,11,5
2345,0.14618962793704957,-0.8350834392078323,legacy67,minmax,0.6161904761904764,0.7380952380952381,0.12190476190476174,0.9733333333333334,1.0,0.026666666666666616,0.6428571428571429,0.7380952380952381,0.09523809523809523,12,6
2345,0.14742753159914665,-0.8314214058591274,legacy67,minmax,0.6161904761904764,0.7380952380952381,0.12190476190476174,0.9733333333333334,1.0,0.026666666666666616,0.6428571428571429,0.7380952380952381,0.09523809523809523,12,6
2345,0.16480446427978968,-0.7830310281618491,legacy67,minmax,0.6266666666666665,0.7619047619047619,0.13523809523809538,0.96,1.0,0.040000000000000036,0.6666666666666666,0.7619047619047619,0.09523809523809523,13,6
2345,0.16536937182824418,-0.7815449233065173,legacy67,minmax,0.6266666666666665,0.7619047619047619,0.13523809523809538,0.96,1.0,0.040000000000000036,0.6666666666666666,0.7619047619047619,0.09523809523809523,13,6
2345,0.1753594952976441,-0.7560707131373512,legacy67,minmax,0.6266666666666665,0.7619047619047619,0.13523809523809538,0.96,1.0,0.040000000000000036,0.6666666666666666,0.7619047619047619,0.09523809523809523,13,6
2345,0.17654048052495064,-0.7531556956423562,legacy67,minmax,0.6266666666666665,0.7619047619047619,0.13523809523809538,0.96,1.0,0.040000000000000036,0.6666666666666666,0.7619047619047619,0.09523809523809523,13,6
2345,0.1998634077852887,-0.6992667118930118,legacy67,minmax,0.660952380952381,0.8095238095238095,0.14857142857142858,0.9466666666666667,1.0,0.053333333333333344,0.7142857142857143,0.8095238095238095,0.09523809523809523,14,6
2345,0.2001342062287997,-0.6986786769469426,legacy67,minmax,0.660952380952381,0.8095238095238095,0.14857142857142858,0.9466666666666667,1.0,0.053333333333333344,0.7142857142857143,0.8095238095238095,0.09523809523809523,14,6
2345,0.21066486017042194,-0.6764079005894033,legacy67,minmax,0.660952380952381,0.8095238095238095,0.14857142857142858,0.9466666666666667,1.0,0.053333333333333344,0.7142857142857143,0.8095238095238095,0.09523809523809523,14,7
2345,0.2673088310781669,-0.5729866932256429,legacy67,minmax,0.637142857142857,0.8095238095238095,0.17238095238095252,0.9466666666666667,1.0,0.053333333333333344,0.6904761904761905,0.8095238095238095,0.11904761904761907,15,7
2345,0.2715581955282939,-0.5661370858229096,legacy67,minmax,0.637142857142857,0.8095238095238095,0.17238095238095252,0.9466666666666667,1.0,0.053333333333333344,0.6904761904761905,0.8095238095238095,0.11904761904761907,15,7
2345,0.292043384718141,-0.5345526268252332,legacy67,minmax,0.6504761904761904,0.8095238095238095,0.1590476190476191,0.96,1.0,0.040000000000000036,0.6904761904761905,0.8095238095238095,0.11904761904761907,15,8
2345,0.314891164795686,-0.50183952461055,legacy67,minmax,0.6504761904761904,0.8095238095238095,0.1590476190476191,0.96,1.0,0.040000000000000036,0.6904761904761905,0.8095238095238095,0.11904761904761907,16,8
2345,0.35868164986275475,-0.44529084124207197,legacy67,minmax,0.6504761904761904,0.8095238095238095,0.1590476190476191,0.96,1.0,0.040000000000000036,0.6904761904761905,0.8095238095238095,0.11904761904761907,16,9
2345,0.5130551760589832,-0.2898359265658015,legacy67,minmax,0.637142857142857,0.8095238095238095,0.17238095238095252,0.9466666666666667,1.0,0.053333333333333344,0.6904761904761905,0.8095238095238095,0.11904761904761907,19,10
2345,0.5342937261279772,-0.27221992543153695,legacy67,minmax,0.637142857142857,0.8095238095238095,0.17238095238095252,0.9466666666666667,1.0,0.053333333333333344,0.6904761904761905,0.8095238095238095,0.11904761904761907,19,10
2345,0.5762487216478598,-0.23939002504159476,legacy67,minmax,0.637142857142857,0.8333333333333335,0.19619047619047647,0.9466666666666667,1.0,0.053333333333333344,0.6904761904761905,0.8333333333333334,0.1428571428571429,20,10
2345,0.6672367170464204,-0.17572006313185626,legacy67,minmax,0.660952380952381,0.8809523809523809,0.21999999999999997,0.9466666666666667,1.0,0.053333333333333344,0.7142857142857143,0.8809523809523809,0.16666666666666663,20,10
2345,0.7742116473996242,-0.1111402993522028,legacy67,minmax,0.6847619047619049,0.8809523809523809,0.19619047619047603,0.9466666666666667,1.0,0.053333333333333344,0.7380952380952381,0.8809523809523809,0.1428571428571428,20,10
2345,0.9444574254983555,-0.02481761454243703,legacy67,minmax,0.6847619047619049,0.9047619047619047,0.21999999999999975,0.9466666666666667,1.0,0.053333333333333344,0.7380952380952381,0.9047619047619048,0.16666666666666663,23,10
2345,0.9565499215943818,-0.019292359554919238,legacy67,minmax,0.6847619047619049,0.9047619047619047,0.21999999999999975,0.9466666666666667,1.0,0.053333333333333344,0.7380952380952381,0.9047619047619048,0.16666666666666663,23,10
2345,1.1400863701127315,0.0569377536544464,legacy67,minmax,0.6847619047619049,0.9047619047619047,0.21999999999999975,0.9466666666666667,1.0,0.053333333333333344,0.7380952380952381,0.9047619047619048,0.16666666666666663,27,10
2345,1.2030178871154662,0.08027208471124325,legacy67,minmax,0.6847619047619049,0.9047619047619047,0.21999999999999975,0.9466666666666667,1.0,0.053333333333333344,0.7380952380952381,0.9047619047619048,0.16666666666666663,27,10
2345,1.2329098365270508,0.0909313175279762,legacy67,minmax,0.6847619047619049,0.9047619047619047,0.21999999999999975,0.9466666666666667,1.0,0.053333333333333344,0.7380952380952381,0.9047619047619048,0.16666666666666663,27,10
2345,1.2561043700013554,0.09902572652895136,legacy67,minmax,0.6847619047619049,0.9047619047619047,0.21999999999999975,0.9466666666666667,1.0,0.053333333333333344,0.7380952380952381,0.9047619047619048,0.16666666666666663,27,10
2345,1.4817820606039076,0.17078433263299386,legacy67,minmax,0.6847619047619049,0.9047619047619047,0.21999999999999975,0.9466666666666667,1.0,0.053333333333333344,0.7380952380952381,0.9047619047619048,0.16666666666666663,29,10
2345,1.5375920235481748,0.1868411173731186,legacy67,minmax,0.7085714285714286,0.9047619047619047,0.19619047619047603,0.9466666666666667,1.0,0.053333333333333344,0.7619047619047619,0.9047619047619048,0.1428571428571429,30,10
2345,1.7583640270008503,0.24510879027798493,legacy67,minmax,0.7561904761904761,0.9047619047619047,0.14857142857142858,0.9466666666666667,1.0,0.053333333333333344,0.8095238095238095,0.9047619047619048,0.09523809523809523,30,10
2345,2.34238498471129,0.36965827544816987,legacy67,minmax,0.7561904761904761,0.9047619047619047,0.14857142857142858,0.9466666666666667,1.0,0.053333333333333344,0.8095238095238095,0.9047619047619048,0.09523809523809523,29,10
2345,2.4637685958997446,0.39159991524434057,legacy67,minmax,0.7561904761904761,0.9047619047619047,0.14857142857142858,0.9466666666666667,1.0,0.053333333333333344,0.8095238095238095,0.9047619047619048,0.09523809523809523,30,10
2345,2.4810409748678097,0.3946339367881464,legacy67,minmax,0.7561904761904761,0.9047619047619047,0.14857142857142858,0.9466666666666667,1.0,0.053333333333333344,0.8095238095238095,0.9047619047619048,0.09523809523809523,30,10
2345,2.5378155082656626,0.40446004697283516,legacy67,minmax,0.7561904761904761,0.9047619047619047,0.14857142857142858,0.9466666666666667,1.0,0.053333333333333344,0.8095238095238095,0.9047619047619048,0.09523809523809523,30,10
2345,2.692646910086177,0.43017940760575346,legacy67,minmax,0.7561904761904761,0.9047619047619047,0.14857142857142858,0.9466666666666667,1.0,0.053333333333333344,0.8095238095238095,0.9047619047619048,0.09523809523809523,30,10
2345,2.801635158716258,0.4474115788895179,legacy67,minmax,0.7561904761904761,0.9047619047619047,0.14857142857142858,0.9466666666666667,1.0,0.053333333333333344,0.8095238095238095,0.9047619047619048,0.09523809523809523,30,10
2345,3.113095956122122,0.4931925073102317,legacy67,minmax,0.7561904761904761,0.9047619047619047,0.14857142857142858,0.9466666666666667,1.0,0.053333333333333344,0.8095238095238095,0.9047619047619048,0.09523809523809523,30,10
2345,3.550012525851159,0.5502298854208525,legacy67,minmax,0.7561904761904761,0.9047619047619047,0.14857142857142858,0.9466666666666667,1.0,0.053333333333333344,0.8095238095238095,0.9047619047619048,0.09523809523809523,30,10
2345,4.467752817973904,0.6500891374159279,legacy67,minmax,0.7561904761904761,0.9047619047619047,0.14857142857142858,0.9466666666666667,1.0,0.053333333333333344,0.8095238095238095,0.9047619047619048,0.09523809523809523,31,10
2345,5.456725485601473,0.7369321060486276,legacy67,minmax,0.78,0.9047619047619047,0.12476190476190463,0.9466666666666667,1.0,0.053333333333333344,0.8333333333333334,0.9047619047619048,0.0714285714285714,33,10
2345,6.72093005015611,0.8274293753904685,legacy67,minmax,0.7428571428571429,0.9047619047619047,0.16190476190476177,0.9333333333333333,1.0,0.06666666666666665,0.8095238095238095,0.9047619047619048,0.09523809523809523,33,10
2345,6.7965780907581514,0.832290311184182,legacy67,minmax,0.7428571428571429,0.9047619047619047,0.16190476190476177,0.9333333333333333,1.0,0.06666666666666665,0.8095238095238095,0.9047619047619048,0.09523809523809523,33,10
2345,7.128188058401357,0.85297914889198,legacy67,minmax,0.7190476190476192,0.9047619047619047,0.1857142857142855,0.9333333333333333,1.0,0.06666666666666665,0.7857142857142857,0.9047619047619048,0.11904761904761907,32,10
2345,8.241925264876443,0.9160286721639492,legacy67,minmax,0.6952380952380952,0.9047619047619047,0.20952380952380945,0.9333333333333333,1.0,0.06666666666666665,0.7619047619047619,0.9047619047619048,0.1428571428571429,32,29
2345,8.287522363768153,0.9184247133522563,legacy67,minmax,0.6952380952380952,0.9047619047619047,0.20952380952380945,0.9333333333333333,1.0,0.06666666666666665,0.7619047619047619,0.9047619047619048,0.1428571428571429,32,29
2345,8.471801418819974,0.9279757672456204,legacy67,minmax,0.6952380952380952,0.9047619047619047,0.20952380952380945,0.9333333333333333,1.0,0.06666666666666665,0.7619047619047619,0.9047619047619048,0.1428571428571429,32,29
2345,11.044350847124681,1.0431401944675898,legacy67,minmax,0.6952380952380952,0.9047619047619047,0.20952380952380945,0.9333333333333333,1.0,0.06666666666666665,0.7619047619047619,0.9047619047619048,0.1428571428571429,32,29
2345,12.130221181165155,1.083868719818244,legacy67,minmax,0.6819047619047618,0.9047619047619047,0.22285714285714286,0.92,1.0,0.07999999999999996,0.7619047619047619,0.9047619047619048,0.1428571428571429,33,29
2345,12.164139351417056,1.085081386743783,legacy67,minmax,0.6819047619047618,0.9047619047619047,0.22285714285714286,0.92,1.0,0.07999999999999996,0.7619047619047619,0.9047619047619048,0.1428571428571429,33,29
2345,12.273800987852958,1.0889790771866297,legacy67,minmax,0.6819047619047618,0.9047619047619047,0.22285714285714286,0.92,1.0,0.07999999999999996,0.7619047619047619,0.9047619047619048,0.1428571428571429,33,29
2345,12.604664585649452,1.1005312934444582,legacy67,minmax,0.6819047619047618,0.9047619047619047,0.22285714285714286,0.92,1.0,0.07999999999999996,0.7619047619047619,0.9047619047619048,0.1428571428571429,33,29
2345,13.826232179369853,1.1407038455720544,legacy67,minmax,0.6819047619047618,0.9047619047619047,0.22285714285714286,0.92,1.0,0.07999999999999996,0.7619047619047619,0.9047619047619048,0.1428571428571429,33,29
2345,16.172900811143133,1.2087879230161587,legacy67,minmax,0.6819047619047618,0.9285714285714286,0.2466666666666668,0.92,1.0,0.07999999999999996,0.7619047619047619,0.9285714285714286,0.16666666666666674,33,29
2345,17.123375973163967,1.2335893924658445,legacy67,minmax,0.6819047619047618,0.9285714285714286,0.2466666666666668,0.92,1.0,0.07999999999999996,0.7619047619047619,0.9285714285714286,0.16666666666666674,32,29
2345,18.274508859816006,1.2618457138193366,legacy67,minmax,0.6819047619047618,0.9152380952380952,0.2333333333333334,0.92,0.9866666666666667,0.06666666666666665,0.7619047619047619,0.9285714285714286,0.16666666666666674,32,29
2345,20.65142557895924,1.3149500366077174,legacy67,minmax,0.6819047619047618,0.9152380952380952,0.2333333333333334,0.92,0.9866666666666667,0.06666666666666665,0.7619047619047619,0.9285714285714286,0.16666666666666674,32,29
2345,21.36832907235874,1.329770563201687,legacy67,minmax,0.6819047619047618,0.9152380952380952,0.2333333333333334,0.92,0.9866666666666667,0.06666666666666665,0.7619047619047619,0.9285714285714286,0.16666666666666674,32,29
2345,28.340904295147727,1.452413703502374,legacy67,minmax,0.6685714285714286,0.9152380952380952,0.2466666666666666,0.9066666666666666,0.9866666666666667,0.08000000000000007,0.7619047619047619,0.9285714285714286,0.16666666666666674,33,29
2345,29.154431891537524,1.4647045830997407,legacy67,minmax,0.6685714285714286,0.9152380952380952,0.2466666666666666,0.9066666666666666,0.9866666666666667,0.08000000000000007,0.7619047619047619,0.9285714285714286,0.16666666666666674,33,29
2345,35.387588647792384,1.5488509703053062,legacy67,minmax,0.6685714285714286,0.9152380952380952,0.2466666666666666,0.9066666666666666,0.9866666666666667,0.08000000000000007,0.7619047619047619,0.9285714285714286,0.16666666666666674,33,29
2345,37.95853142670639,1.5793094017105953,legacy67,minmax,0.6685714285714286,0.9152380952380952,0.2466666666666666,0.9066666666666666,0.9866666666666667,0.08000000000000007,0.7619047619047619,0.9285714285714286,0.16666666666666674,33,29
2345,43.37920697490936,1.6372816083151283,legacy67,minmax,0.6685714285714286,0.9152380952380952,0.2466666666666666,0.9066666666666666,0.9866666666666667,0.08000000000000007,0.7619047619047619,0.9285714285714286,0.16666666666666674,33,29
2345,48.69640941520897,1.6874969400924673,legacy67,minmax,0.6685714285714286,0.9152380952380952,0.2466666666666666,0.9066666666666666,0.9866666666666667,0.08000000000000007,0.7619047619047619,0.9285714285714286,0.16666666666666674,33,29
2345,57.279044707996185,1.7579957662567565,legacy67,minmax,0.6685714285714286,0.9152380952380952,0.2466666666666666,0.9066666666666666,0.9866666666666667,0.08000000000000007,0.7619047619047619,0.9285714285714286,0.16666666666666674,33,29
2345,62.45139574743064,1.795542149013333,legacy67,minmax,0.6685714285714286,0.9152380952380952,0.2466666666666666,0.9066666666666666,0.9866666666666667,0.08000000000000007,0.7619047619047619,0.9285714285714286,0.16666666666666674,33,29
2345,63.512210106406926,1.8028572256396647,legacy67,minmax,0.6685714285714286,0.9152380952380952,0.2466666666666666,0.9066666666666666,0.9866666666666667,0.08000000000000007,0.7619047619047619,0.9285714285714286,0.16666666666666674,33,29
2345,72.86653737491037,1.8625281322982374,legacy67,minmax,0.6685714285714286,0.9152380952380952,0.2466666666666666,0.9066666666666666,0.9866666666666667,0.08000000000000007,0.7619047619047619,0.9285714285714286,0.16666666666666674,33,31
2345,75.56810141274423,1.8783385110582342,legacy67,minmax,0.6685714285714286,0.9152380952380952,0.2466666666666666,0.9066666666666666,0.9866666666666667,0.08000000000000007,0.7619047619047619,0.9285714285714286,0.16666666666666674,33,31
2345,75.79479953347995,1.8796394086479773,legacy67,minmax,0.6685714285714286,0.9152380952380952,0.2466666666666666,0.9066666666666666,0.9866666666666667,0.08000000000000007,0.7619047619047619,0.9285714285714286,0.16666666666666674,33,31
2345,88.62326508576248,1.9475477464020692,legacy67,minmax,0.6685714285714286,0.9152380952380952,0.2466666666666666,0.9066666666666666,0.9866666666666667,0.08000000000000007,0.7619047619047619,0.9285714285714286,0.16666666666666674,33,33
